"V1" "V2" "V3" "V4" "V5" "V6" "V7" "V8" "V9" "V10" "V11" "V12" "V13" "V14" "V15" "V16" "V17" "V18" "V19" "V20" "V21" "V22" "V23" "V24" "V25" "V26" "V27" "V28" "V29" "V30" "V31" "V32" "V33" "V34" "V35" "V36" "V37" "V38" "V39" "V40" "V41" "V42"
"1" 0 0.116193684713588 0.112944495879801 0.11953977835513 0.189726557603014 0.0851171275784219 0.114405053557572 0.0670609902361435 0.138423879208929 0.0938603238509809 0.191921910241425 0.156030578232613 0.144606476262688 0.147922980686143 0.19465435564994 0.0725193789902255 0.242675689573136 0.170623388109691 0.253806352628629 0.206586557420674 0.0972867314732209 0.193602467115577 0.0454444953772867 0.0519092144300197 0.0405047567177143 0.25759101619773 0.257788586826163 0.159348400571757 0.184654369905636 0.201967255474244 0.0955433211548385 0.0636525061923805 0.145250087317348 0.201866932950352 0.0936688335552472 0.177740837904639 0.1193611557765 0.0429762512913154 0.20412205630699 0.183596082335132 0.197714579452503 0.0319910296652218
"2" 0.116193684713588 0 0.102362268916612 0.171981940647377 0.0924269032065407 0.136241154655645 0.0297278666589428 0.0792368285018945 0.0948644359291432 0.0336579259582104 0.123927899296856 0.0508650647416141 0.0791965277244537 0.155767647103636 0.11720423603387 0.151386717374247 0.198269468969687 0.0718501734910566 0.152984296020825 0.0970244291585122 0.0628579770997456 0.0965554597571411 0.130129367740916 0.164438336888467 0.106592247252889 0.191572139010822 0.268585814682291 0.114180625469861 0.149118528875226 0.0891927607294589 0.096571074967801 0.17729114564691 0.0490517679894171 0.172046965046199 0.126524892067893 0.186060720988537 0.0549072761469163 0.0830691580884384 0.120510012218012 0.193924450062653 0.081521601598232 0.0843749405827925
"3" 0.112944495879801 0.102362268916612 0 0.0809766918311219 0.193659964684995 0.184378417535367 0.0745131259542288 0.0492545563395028 0.187125196105167 0.115090192262515 0.0874950345755717 0.151878439473013 0.0543576426908333 0.0536100118682475 0.21934783005114 0.0880885198323991 0.129765894850215 0.099333359528413 0.166815148673168 0.140269425947883 0.0401188527090419 0.112680677962457 0.15412614342476 0.132982251139138 0.0741093208574349 0.14719694810905 0.168842288048052 0.049471636244128 0.242734009812562 0.179642551233267 0.167088213901117 0.169976824870103 0.0846068529622279 0.0899934737376407 0.040940194661991 0.263177655908313 0.149342778021535 0.117495448912189 0.10804184526015 0.0925325560737029 0.15835837751842 0.0945645368917794
"4" 0.11953977835513 0.171981940647377 0.0809766918311219 0 0.264124740005781 0.204603671857495 0.148704085514944 0.0949559871220437 0.239560106482136 0.172804376861861 0.158201185135765 0.222828280607637 0.134923180491297 0.0592604072130297 0.283562759659201 0.0500651419401589 0.168761097665884 0.180304937668559 0.24330778657406 0.221179209503131 0.111608971391149 0.192579850137055 0.164363993431585 0.10412594298772 0.0856158486024797 0.202255396765745 0.142420898257723 0.11906547214621 0.292579880709642 0.256546765129142 0.20627395014837 0.150579485406194 0.164616563977259 0.125278863328769 0.0455678826173543 0.295964266766955 0.207521180564732 0.148880773624455 0.183127726813746 0.0771573799138986 0.237754720284958 0.123001124772754
"5" 0.189726557603014 0.0924269032065407 0.193659964684995 0.264124740005781 0 0.16744814604033 0.119163955199772 0.170088502401594 0.0780307357416985 0.0976088545802705 0.191091472522845 0.0418099444001862 0.159172553799631 0.246343933547677 0.0401899025747997 0.239663326215989 0.268948704332638 0.127209562456949 0.177053186157902 0.119616263776467 0.154976089559145 0.143408358934656 0.183854258900073 0.241524364318165 0.192659137593449 0.248969131338411 0.355688321285562 0.195459391027404 0.103405452670975 0.0446095378089473 0.11914877998435 0.240843931559081 0.120018285789943 0.25198317051694 0.218798786788945 0.165946137099496 0.0716661266890029 0.147677727796518 0.175520473363109 0.283339684575201 0.0730571736208118 0.161817500553847
"6" 0.0851171275784219 0.136241154655645 0.184378417535367 0.204603671857495 0.16744814604033 0 0.152297318729759 0.135176802313732 0.0928801231047098 0.102666117948823 0.24778497421052 0.150267289662235 0.198125040617983 0.227835377293066 0.154397895178839 0.157260312323693 0.310986950330617 0.206905202210561 0.289216309336164 0.232468898506717 0.155164064023648 0.231788339334635 0.0423860836018952 0.12109277330401 0.121885862311196 0.316719614262849 0.341043395449942 0.223261870845976 0.118697189340836 0.19710125329778 0.0485292893169508 0.0932485079348793 0.182009056080491 0.273970640210829 0.175183141415828 0.0943391823784767 0.101731857663234 0.0673029939800419 0.251852401952071 0.265409284327579 0.206262850433611 0.0902623872309836
"7" 0.114405053557572 0.0297278666589428 0.0745131259542288 0.148704085514944 0.119163955199772 0.152297318729759 0 0.0620259222573382 0.123283687058492 0.055218480825157 0.0983379461710624 0.0774139809621957 0.0509337841644169 0.127320570589942 0.146394784601911 0.134913642213158 0.170319478458029 0.0572269374698863 0.141245325777424 0.0922971680889857 0.0371207487734507 0.0814923060626499 0.138156283280097 0.157414004808984 0.0946810737485858 0.167133366664911 0.239113131152478 0.0848765760581747 0.178157479193019 0.107909355715008 0.118403363687556 0.177873074120403 0.0314418022602077 0.14262161740327 0.103238655984928 0.211541212938617 0.083337454093847 0.0907325325940635 0.0995741804693177 0.164949173687003 0.09200425256947 0.0830492392827671
"8" 0.0670609902361435 0.0792368285018945 0.0492545563395028 0.0949559871220437 0.170088502401594 0.135176802313732 0.0620259222573382 0 0.147233118194786 0.0781104874985447 0.124991349515931 0.129447695920036 0.0787826726194662 0.0958043882561405 0.188627462944249 0.0731304579276123 0.177920213569613 0.111356686739145 0.191541989546415 0.150827398354972 0.0325023280607104 0.132040006448377 0.105544156486734 0.099441533193493 0.0348981699937471 0.190625986584374 0.212047950037008 0.0926407392948066 0.201877480573565 0.167386359545671 0.120888086265438 0.128525428933331 0.0880993748977113 0.139157274030759 0.0511965395747314 0.21619968220323 0.113075044427838 0.0685886705694322 0.138629414055274 0.134992250107865 0.153900270114542 0.0453513425981203
"9" 0.138423879208929 0.0948644359291432 0.187125196105167 0.239560106482136 0.0780307357416985 0.0928801231047098 0.123283687058492 0.147233118194786 0 0.0721005478613431 0.218348648888463 0.0760384772767895 0.173885494750707 0.239893621525677 0.0618366047770759 0.20308572937104 0.293121440517787 0.16113347644008 0.232328568858727 0.172091768741099 0.147758620513099 0.183970193329251 0.118211004250621 0.18874058518226 0.156353579861702 0.284913793793708 0.355945930990841 0.208058079285675 0.0556636743975695 0.115400298394117 0.0478086241641671 0.176771471361253 0.142257976788247 0.265553313453499 0.198158162837886 0.0965923233882588 0.0400036036461918 0.0964667052226117 0.212005901545914 0.279289437930761 0.13380821494053 0.11926805989428
"10" 0.0938603238509809 0.0336579259582104 0.115090192262515 0.172804376861861 0.0976088545802705 0.102666117948823 0.055218480825157 0.0781104874985447 0.0721005478613431 0 0.153498749435257 0.0621748963084658 0.105840316689287 0.16810698909598 0.110997401180982 0.143135349401771 0.224913416515743 0.105200866894351 0.186614301541059 0.130030307291048 0.0756701011990338 0.130008843179211 0.0996127204192997 0.145021768706876 0.0956702065683976 0.222121842653498 0.28393243941388 0.13801662473134 0.12775960944066 0.108692778853702 0.0637735796190169 0.150858343299235 0.0813682792469383 0.194790321397287 0.129227024770413 0.156400376533842 0.0350778707551319 0.0547830021754438 0.15273190417115 0.207423505789004 0.108834004913789 0.0644368261573099
"11" 0.191921910241425 0.123927899296856 0.0874950345755717 0.158201185135765 0.191091472522845 0.24778497421052 0.0983379461710624 0.124991349515931 0.218348648888463 0.153498749435257 0 0.155482746624768 0.0496840098513245 0.104769584663173 0.22724228779507 0.175332472072671 0.0778823160223198 0.0639319605357381 0.0869525820569702 0.0883852315708807 0.0955725755310288 0.0542295503090761 0.226721573184365 0.219456249983575 0.157301562789403 0.069072099551697 0.179698938779668 0.0395681275607397 0.271207699046418 0.158929650717234 0.216674559059852 0.253192740317994 0.0763561855846776 0.0689073273908333 0.126991130183763 0.309525146092227 0.178637965081867 0.182204976520364 0.0280391222260955 0.124497824227693 0.128507713059904 0.166109126768749
"12" 0.156030578232613 0.0508650647416141 0.151878439473013 0.222828280607637 0.0418099444001862 0.150267289662235 0.0774139809621957 0.129447695920036 0.0760384772767895 0.0621748963084658 0.155482746624768 0 0.11943719840356 0.20468734924793 0.0722113461999102 0.200373906751734 0.233120557116557 0.0929184940329483 0.156942512438368 0.0967311505532892 0.113189787384788 0.112912715068282 0.157848743566829 0.20701644335665 0.154113358625689 0.217583396511371 0.31495541311459 0.155816428242388 0.120343506575512 0.0478559923477903 0.102635688364186 0.211940885320091 0.0811480059554462 0.213092491626103 0.177388369274925 0.172466758614655 0.048607381883658 0.116159246326945 0.143523943453227 0.241943392632883 0.0583741112168371 0.126114143511379
"13" 0.144606476262688 0.0791965277244537 0.0543576426908333 0.134923180491297 0.159172553799631 0.198125040617983 0.0509337841644169 0.0787826726194662 0.173885494750707 0.105840316689287 0.0496840098513245 0.11943719840356 0 0.0952729314645062 0.191344938320593 0.139258950713963 0.119399763492829 0.0462000826862068 0.114888291918318 0.0864272884020518 0.0473265026979224 0.0584811815235673 0.17755331441186 0.17695410648311 0.112907953836494 0.118613991755514 0.197011760888317 0.0363820311240663 0.228309599795552 0.135993563331898 0.168131659479699 0.207139547655923 0.039438614071392 0.0939120860792917 0.0947273401799858 0.262236184950389 0.13388238791604 0.132585246409499 0.0598471663423738 0.127796516159475 0.110405979265225 0.117347752235121
"14" 0.147922980686143 0.155767647103636 0.0536100118682475 0.0592604072130297 0.246343933547677 0.227835377293066 0.127320570589942 0.0958043882561405 0.239893621525677 0.16810698909598 0.104769584663173 0.20468734924793 0.0952729314645062 0 0.272880029874662 0.0958053121147959 0.110144259117424 0.141009567596859 0.191644096762901 0.179522986658161 0.0937191738587504 0.147456346724804 0.192676595077272 0.150587084655511 0.1076139582388 0.143142122010425 0.116481994678876 0.0685000509242379 0.295352488992126 0.229326145221001 0.216669362254784 0.194447254782557 0.132277548872885 0.0663387086119317 0.0544321038175714 0.311915037834369 0.202657002777679 0.163302247008894 0.131713364000632 0.0394583893472289 0.205370133976567 0.138074298360572
"15" 0.19465435564994 0.11720423603387 0.21934783005114 0.283562759659201 0.0401899025747997 0.154397895178839 0.146394784601911 0.188627462944249 0.0618366047770759 0.110997401180982 0.22724228779507 0.0722113461999102 0.191344938320593 0.272880029874662 0 0.253197662028999 0.305039480900337 0.163912995100661 0.217232622331058 0.159465624118882 0.179423945049294 0.181792802832322 0.179279045798758 0.246196018031413 0.205579776692769 0.287362949337537 0.385463950537792 0.227675677789029 0.0669769283900059 0.0844389030326956 0.109382190476764 0.237799547614711 0.153351610468809 0.285161446877191 0.239328570905704 0.133356402055905 0.0773943889964724 0.151694889649526 0.213500990810988 0.311127610275849 0.113196135356858 0.170869812398208
"16" 0.0725193789902255 0.151386717374247 0.0880885198323991 0.0500651419401589 0.239663326215989 0.157260312323693 0.134913642213158 0.0731304579276123 0.20308572937104 0.143135349401771 0.175332472072671 0.200373906751734 0.139258950713963 0.0958053121147959 0.253197662028999 0 0.204011129259977 0.179614183154478 0.253875262533836 0.220394898715673 0.101264655426019 0.197181754830684 0.115962794912327 0.0555708008212957 0.0476205369723536 0.230576762510743 0.192338646785154 0.136376997681794 0.253372321423358 0.240214407960959 0.16488696494071 0.101326921885676 0.158668156406415 0.160202964803062 0.048882695185426 0.250258923654244 0.175810223046327 0.107838371384062 0.195935702183859 0.123700167036187 0.226908376533852 0.0838195539258653
"17" 0.242675689573136 0.198269468969687 0.129765894850215 0.168761097665884 0.268948704332638 0.310986950330617 0.170319478458029 0.177920213569613 0.293121440517787 0.224913416515743 0.0778823160223198 0.233120557116557 0.119399763492829 0.110144259117424 0.305039480900337 0.204011129259977 0 0.141745937532715 0.135776390574795 0.160987822483239 0.15612037720544 0.128831864598334 0.283451277158032 0.256778924768928 0.203273448851078 0.0469393983043133 0.123716432435941 0.0881295945313775 0.347080648310854 0.235685576996379 0.2859870258654 0.297656651142226 0.152912296813963 0.0439372647093046 0.15725197266264 0.381093163867578 0.253130434911507 0.243721962718736 0.0969178804662568 0.102567606458082 0.204609714796224 0.223006382338468
"18" 0.170623388109691 0.0718501734910566 0.099333359528413 0.180304937668559 0.127209562456949 0.206905202210561 0.0572269374698863 0.111356686739145 0.16113347644008 0.105200866894351 0.0639319605357381 0.0929184940329483 0.0462000826862068 0.141009567596859 0.163912995100661 0.179614183154478 0.141745937532715 0 0.0840248338501123 0.0411549708580089 0.0794078064997918 0.0248838827184444 0.195256088219234 0.210474374212179 0.146125908348208 0.124910867149735 0.236806833859134 0.0765329196177436 0.211491391949937 0.0961187101651416 0.168413343604012 0.234268035125735 0.025788572486506 0.128147807991918 0.138349756990676 0.255827310482754 0.122928335354633 0.147690766257333 0.0510851431606923 0.171615971706168 0.067282906615114 0.139815042643858
"19" 0.253806352628629 0.152984296020825 0.166815148673168 0.24330778657406 0.177053186157902 0.289216309336164 0.141245325777424 0.191541989546415 0.232328568858727 0.186614301541059 0.0869525820569702 0.156942512438368 0.114888291918318 0.191644096762901 0.217232622331058 0.253875262533836 0.135776390574795 0.0840248338501123 0 0.0602561274782007 0.159044937808686 0.0602120766971851 0.279241568818273 0.290861398702357 0.226360217891642 0.0951461165849595 0.25605091674304 0.124514624210723 0.275999425379446 0.133747653025142 0.248013462468945 0.317420934146382 0.109812872184688 0.148720521310495 0.207743941605325 0.328907538538567 0.197992656253474 0.231630255083888 0.0602679748845105 0.209940739094222 0.104082996846964 0.223479523931055
"20" 0.206586557420674 0.0970244291585122 0.140269425947883 0.221179209503131 0.119616263776467 0.232468898506717 0.0922971680889857 0.150827398354972 0.172091768741099 0.130030307291048 0.0883852315708807 0.0967311505532892 0.0864272884020518 0.179522986658161 0.159465624118882 0.220394898715673 0.160987822483239 0.0411549708580089 0.0602561274782007 0 0.119562557375947 0.0343473087175255 0.226540521790014 0.249059461047436 0.185222955213469 0.132728309520146 0.267806845607841 0.112404530866843 0.216248430569809 0.078868404675152 0.189501496258216 0.269858881305147 0.0627821182869632 0.157137505851373 0.179500228307699 0.268679523177119 0.138332887401276 0.17898613730723 0.0641946590775294 0.207477626308891 0.0472772005332172 0.174963477972216
"21" 0.0972867314732209 0.0628579770997456 0.0401188527090419 0.111608971391149 0.154976089559145 0.155164064023648 0.0371207487734507 0.0325023280607104 0.147758620513099 0.0756701011990338 0.0955725755310288 0.113189787384788 0.0473265026979224 0.0937191738587504 0.179423945049294 0.101264655426019 0.15612037720544 0.0794078064997918 0.159044937808686 0.119562557375947 0 0.0995749093996214 0.131285786571495 0.131919424755926 0.0673729834360882 0.163213568265158 0.20859663366437 0.0681334992148043 0.203421960674611 0.1449452909873 0.131440072075206 0.160021778448575 0.0574097846096722 0.12156505331818 0.0662114614902407 0.227546980329507 0.109462893780391 0.0881823355733972 0.106918248430365 0.132595906903982 0.127465234989601 0.0705411189815418
"22" 0.193602467115577 0.0965554597571411 0.112680677962457 0.192579850137055 0.143408358934656 0.231788339334635 0.0814923060626499 0.132040006448377 0.183970193329251 0.130008843179211 0.0542295503090761 0.112912715068282 0.0584811815235673 0.147456346724804 0.181792802832322 0.197181754830684 0.128831864598334 0.0248838827184444 0.0602120766971851 0.0343473087175255 0.0995749093996214 0 0.219648532990187 0.231481266347048 0.166934808819531 0.10560882636296 0.233465789350872 0.0793948478039357 0.232868953756516 0.107156048459248 0.193052658532943 0.257227078616851 0.0502604225248666 0.122831746364314 0.15320632571721 0.279377633169032 0.146524610496162 0.172185126408387 0.0324350712946278 0.173839401727924 0.0758259232137424 0.163300578992802
"23" 0.0454444953772867 0.130129367740916 0.15412614342476 0.164363993431585 0.183854258900073 0.0423860836018952 0.138156283280097 0.105544156486734 0.118211004250621 0.0996127204192997 0.226721573184365 0.157848743566829 0.17755331441186 0.192676595077272 0.179279045798758 0.115962794912327 0.283451277158032 0.195256088219234 0.279241568818273 0.226540521790014 0.131285786571495 0.219648532990187 0 0.0791176473807535 0.0850909370949638 0.294436039676135 0.303233062210413 0.197603965198724 0.154992862919502 0.20568345000232 0.0705235104700938 0.058568435514715 0.169496221117106 0.244013487670414 0.13871134483113 0.136720048278435 0.112673261705901 0.0476846484011565 0.235105162090786 0.228868773836488 0.208430406335746 0.0609775395406771
"24" 0.0519092144300197 0.164438336888467 0.132982251139138 0.10412594298772 0.241524364318165 0.12109277330401 0.157414004808984 0.099441533193493 0.18874058518226 0.145021768706876 0.219456249983575 0.20701644335665 0.17695410648311 0.150587084655511 0.246196018031413 0.0555708008212957 0.256778924768928 0.210474374212179 0.290861398702357 0.249059461047436 0.131919424755926 0.231481266347048 0.0791176473807535 0 0.0645475747211185 0.279752811090303 0.246307494338594 0.182437440364896 0.231841766671915 0.252104024919395 0.143681232112036 0.0466134003711269 0.186374305467309 0.213390240924421 0.0995293409766678 0.215199803050771 0.171265501864424 0.0947450392972981 0.236427772436831 0.179231936565456 0.245476138260679 0.0810161229052602
"25" 0.0405047567177143 0.106592247252889 0.0741093208574349 0.0856158486024797 0.192659137593449 0.121885862311196 0.0946810737485858 0.0348981699937471 0.156353579861702 0.0956702065683976 0.157301562789403 0.154113358625689 0.112907953836494 0.1076139582388 0.205579776692769 0.0476205369723536 0.203273448851078 0.146125908348208 0.226360217891642 0.185222955213469 0.0673729834360882 0.166934808819531 0.0850909370949638 0.0645475747211185 0 0.220700097348462 0.219178255248356 0.122270083262295 0.207939132321516 0.195780758215397 0.120756508865517 0.0962710344266314 0.122441447989957 0.161857715849823 0.0536850549276632 0.211002635314125 0.128196480636419 0.0632931064370729 0.172652441310734 0.143986982423625 0.185291775720135 0.037654846944246
"26" 0.25759101619773 0.191572139010822 0.14719694810905 0.202255396765745 0.248969131338411 0.316719614262849 0.167133366664911 0.190625986584374 0.284913793793708 0.222121842653498 0.069072099551697 0.217583396511371 0.118613991755514 0.143142122010425 0.287362949337537 0.230576762510743 0.0469393983043133 0.124910867149735 0.0951461165849595 0.132728309520146 0.163213568265158 0.10560882636296 0.294436039676135 0.279752811090303 0.220700097348462 0 0.170473245602192 0.0984589148667058 0.336301114095437 0.211106982389244 0.285536633500685 0.316931324015594 0.142859145277806 0.0799092210358276 0.181892192341955 0.377612168166782 0.24568956800903 0.250768347982215 0.0740655531724697 0.144381887490941 0.179364101640336 0.233522802132503
"27" 0.257788586826163 0.268585814682291 0.168842288048052 0.142420898257723 0.355688321285562 0.341043395449942 0.239113131152478 0.212047950037008 0.355945930990841 0.28393243941388 0.179698938779668 0.31495541311459 0.197011760888317 0.116481994678876 0.385463950537792 0.192338646785154 0.123716432435941 0.236806833859134 0.25605091674304 0.267806845607841 0.20859663366437 0.233465789350872 0.303233062210413 0.246307494338594 0.219178255248356 0.170473245602192 0 0.161400460987197 0.411519986211106 0.332056366250381 0.33291591840151 0.292875522814424 0.236450315451445 0.110794564359553 0.166014784480885 0.427668140659888 0.318058084975053 0.278523011210894 0.206290422499103 0.0770811490544673 0.304088869781235 0.252765400988873
"28" 0.159348400571757 0.114180625469861 0.049471636244128 0.11906547214621 0.195459391027404 0.223261870845976 0.0848765760581747 0.0926407392948066 0.208058079285675 0.13801662473134 0.0395681275607397 0.155816428242388 0.0363820311240663 0.0685000509242379 0.227675677789029 0.136376997681794 0.0881295945313775 0.0765329196177436 0.124514624210723 0.112404530866843 0.0681334992148043 0.0793948478039357 0.197603965198724 0.182437440364896 0.122270083262295 0.0984589148667058 0.161400460987197 0 0.263034040982005 0.17072471933448 0.198074620513806 0.218530406944641 0.0754989508480043 0.0579077346377013 0.0877483905954093 0.293564185313881 0.168175813646418 0.156142464076225 0.0642466714986363 0.0953554562018503 0.143486009842771 0.136674473720883
"29" 0.184654369905636 0.149118528875226 0.242734009812562 0.292579880709642 0.103405452670975 0.118697189340836 0.178157479193019 0.201877480573565 0.0556636743975695 0.12775960944066 0.271207699046418 0.120343506575512 0.228309599795552 0.295352488992126 0.0669769283900059 0.253372321423358 0.347080648310854 0.211491391949937 0.275999425379446 0.216248430569809 0.203421960674611 0.232868953756516 0.154992862919502 0.231841766671915 0.207939132321516 0.336301114095437 0.411519986211106 0.263034040982005 0 0.147615224748707 0.0891212184168342 0.21125432530291 0.194852548387704 0.32071530969663 0.252405235986107 0.0680608192286388 0.0949575538109554 0.145534292142101 0.262564865937589 0.334778917317903 0.172918603507245 0.170313730740496
"30" 0.201967255474244 0.0891927607294589 0.179642551233267 0.256546765129142 0.0446095378089473 0.19710125329778 0.107909355715008 0.167386359545671 0.115400298394117 0.108692778853702 0.158929650717234 0.0478559923477903 0.135993563331898 0.229326145221001 0.0844389030326956 0.240214407960959 0.235685576996379 0.0961187101651416 0.133747653025142 0.078868404675152 0.1449452909873 0.107156048459248 0.20568345000232 0.252104024919395 0.195780758215397 0.211106982389244 0.332056366250381 0.17072471933448 0.147615224748707 0 0.148903666419641 0.259316855024884 0.0972231487254496 0.224232552136043 0.21113578103667 0.20821950059312 0.0955039191899032 0.163302605212422 0.139555170168059 0.263669240998036 0.0317455716408459 0.171137616143949
"31" 0.0955433211548385 0.096571074967801 0.167088213901117 0.20627395014837 0.11914877998435 0.0485292893169508 0.118403363687556 0.120888086265438 0.0478086241641671 0.0637735796190169 0.216674559059852 0.102635688364186 0.168131659479699 0.216669362254784 0.109382190476764 0.16488696494071 0.2859870258654 0.168413343604012 0.248013462468945 0.189501496258216 0.131440072075206 0.193052658532943 0.0705235104700938 0.143681232112036 0.120756508865517 0.285536633500685 0.33291591840151 0.198074620513806 0.0891212184168342 0.148903666419641 0 0.129039195078826 0.145073934611834 0.252999958426861 0.168933690051477 0.0962109002166776 0.054070023522159 0.0574995741173448 0.216496170124363 0.255876369220455 0.159733144461652 0.0832806179706468
"32" 0.0636525061923805 0.17729114564691 0.169976824870103 0.150579485406194 0.240843931559081 0.0932485079348793 0.177873074120403 0.128525428933331 0.176771471361253 0.150858343299235 0.253192740317994 0.211940885320091 0.207139547655923 0.194447254782557 0.237799547614711 0.101326921885676 0.297656651142226 0.234268035125735 0.317420934146382 0.269858881305147 0.160021778448575 0.257227078616851 0.058568435514715 0.0466134003711269 0.0962710344266314 0.316931324015594 0.292875522814424 0.218530406944641 0.21125432530291 0.259316855024884 0.129039195078826 0 0.208852259767458 0.255016905774935 0.141404844081056 0.182917473257685 0.169214498404455 0.0960809304346846 0.266912575182313 0.224876504221527 0.258341810800783 0.0948993306648803
"33" 0.145250087317348 0.0490517679894171 0.0846068529622279 0.164616563977259 0.120018285789943 0.182009056080491 0.0314418022602077 0.0880993748977113 0.142257976788247 0.0813682792469383 0.0763561855846776 0.0811480059554462 0.039438614071392 0.132277548872885 0.153351610468809 0.158668156406415 0.152912296813963 0.025788572486506 0.109812872184688 0.0627821182869632 0.0574097846096722 0.0502604225248666 0.169496221117106 0.186374305467309 0.122441447989957 0.142859145277806 0.236450315451445 0.0754989508480043 0.194852548387704 0.0972231487254496 0.145073934611834 0.208852259767458 0 0.132125215720271 0.12068817900435 0.234986635487693 0.102841309801645 0.121965774518417 0.0715119397273468 0.166532671386396 0.0738166128070691 0.11421688943439
"34" 0.201866932950352 0.172046965046199 0.0899934737376407 0.125278863328769 0.25198317051694 0.273970640210829 0.14262161740327 0.139157274030759 0.265553313453499 0.194790321397287 0.0689073273908333 0.213092491626103 0.0939120860792917 0.0663387086119317 0.285161446877191 0.160202964803062 0.0439372647093046 0.128147807991918 0.148720521310495 0.157137505851373 0.12156505331818 0.122831746364314 0.244013487670414 0.213390240924421 0.161857715849823 0.0799092210358276 0.110794564359553 0.0579077346377013 0.32071530969663 0.224232552136043 0.252999958426861 0.255016905774935 0.132125215720271 0 0.113975023939152 0.349052850541196 0.225781984691102 0.206785277178523 0.0957034124655341 0.0651515193242813 0.195057410949586 0.184506773074686
"35" 0.0936688335552472 0.126524892067893 0.040940194661991 0.0455678826173543 0.218798786788945 0.175183141415828 0.103238655984928 0.0511965395747314 0.198158162837886 0.129227024770413 0.126991130183763 0.177388369274925 0.0947273401799858 0.0544321038175714 0.239328570905704 0.048882695185426 0.15725197266264 0.138349756990676 0.207743941605325 0.179500228307699 0.0662114614902407 0.15320632571721 0.13871134483113 0.0995293409766678 0.0536850549276632 0.181892192341955 0.166014784480885 0.0877483905954093 0.252405235986107 0.21113578103667 0.168933690051477 0.141404844081056 0.12068817900435 0.113975023939152 0 0.262260649166111 0.16424056947326 0.113019716925413 0.148747463382477 0.0903303420987461 0.193084747985552 0.0870168003982913
"36" 0.177740837904639 0.186060720988537 0.263177655908313 0.295964266766955 0.165946137099496 0.0943391823784767 0.211541212938617 0.21619968220323 0.0965923233882588 0.156400376533842 0.309525146092227 0.172466758614655 0.262236184950389 0.311915037834369 0.133356402055905 0.250258923654244 0.381093163867578 0.255827310482754 0.328907538538567 0.268679523177119 0.227546980329507 0.279377633169032 0.136720048278435 0.215199803050771 0.211002635314125 0.377612168166782 0.427668140659888 0.293564185313881 0.0680608192286388 0.20821950059312 0.0962109002166776 0.182917473257685 0.234986635487693 0.349052850541196 0.262260649166111 0 0.132909883090149 0.149260517978989 0.306073923211631 0.350837589886557 0.229581812619287 0.175254421164917
"37" 0.1193611557765 0.0549072761469163 0.149342778021535 0.207521180564732 0.0716661266890029 0.101731857663234 0.083337454093847 0.113075044427838 0.0400036036461918 0.0350778707551319 0.178637965081867 0.048607381883658 0.13388238791604 0.202657002777679 0.0773943889964724 0.175810223046327 0.253130434911507 0.122928335354633 0.197992656253474 0.138332887401276 0.109462893780391 0.146524610496162 0.112673261705901 0.171265501864424 0.128196480636419 0.24568956800903 0.318058084975053 0.168175813646418 0.0949575538109554 0.0955039191899032 0.054070023522159 0.169214498404455 0.102841309801645 0.225781984691102 0.16424056947326 0.132909883090149 0 0.0766739647967934 0.173369357458753 0.241848859466902 0.105850937721669 0.0937694955691643
"38" 0.0429762512913154 0.0830691580884384 0.117495448912189 0.148880773624455 0.147677727796518 0.0673029939800419 0.0907325325940635 0.0685886705694322 0.0964667052226117 0.0547830021754438 0.182204976520364 0.116159246326945 0.132585246409499 0.163302247008894 0.151694889649526 0.107838371384062 0.243721962718736 0.147690766257333 0.231630255083888 0.17898613730723 0.0881823355733972 0.172185126408387 0.0476846484011565 0.0947450392972981 0.0632931064370729 0.250768347982215 0.278523011210894 0.156142464076225 0.145534292142101 0.163302605212422 0.0574995741173448 0.0960809304346846 0.121965774518417 0.206785277178523 0.113019716925413 0.149260517978989 0.0766739647967934 0 0.188740638832557 0.201873127122888 0.162922111508642 0.0261382498649015
"39" 0.20412205630699 0.120510012218012 0.10804184526015 0.183127726813746 0.175520473363109 0.251852401952071 0.0995741804693177 0.138629414055274 0.212005901545914 0.15273190417115 0.0280391222260955 0.143523943453227 0.0598471663423738 0.131713364000632 0.213500990810988 0.195935702183859 0.0969178804662568 0.0510851431606923 0.0602679748845105 0.0641946590775294 0.106918248430365 0.0324350712946278 0.235105162090786 0.236427772436831 0.172652441310734 0.0740655531724697 0.206290422499103 0.0642466714986363 0.262564865937589 0.139555170168059 0.216496170124363 0.266912575182313 0.0715119397273468 0.0957034124655341 0.148747463382477 0.306073923211631 0.173369357458753 0.188740638832557 0 0.15253436459163 0.108122258851225 0.175920363450147
"40" 0.183596082335132 0.193924450062653 0.0925325560737029 0.0771573799138986 0.283339684575201 0.265409284327579 0.164949173687003 0.134992250107865 0.279289437930761 0.207423505789004 0.124497824227693 0.241943392632883 0.127796516159475 0.0394583893472289 0.311127610275849 0.123700167036187 0.102567606458082 0.171615971706168 0.209940739094222 0.207477626308891 0.132595906903982 0.173839401727924 0.228868773836488 0.179231936565456 0.143986982423625 0.144381887490941 0.0770811490544673 0.0953554562018503 0.334778917317903 0.263669240998036 0.255876369220455 0.224876504221527 0.166532671386396 0.0651515193242813 0.0903303420987461 0.350837589886557 0.241848859466902 0.201873127122888 0.15253436459163 0 0.237946793192405 0.176314892173373
"41" 0.197714579452503 0.081521601598232 0.15835837751842 0.237754720284958 0.0730571736208118 0.206262850433611 0.09200425256947 0.153900270114542 0.13380821494053 0.108834004913789 0.128507713059904 0.0583741112168371 0.110405979265225 0.205370133976567 0.113196135356858 0.226908376533852 0.204609714796224 0.067282906615114 0.104082996846964 0.0472772005332172 0.127465234989601 0.0758259232137424 0.208430406335746 0.245476138260679 0.185291775720135 0.179364101640336 0.304088869781235 0.143486009842771 0.172918603507245 0.0317455716408459 0.159733144461652 0.258341810800783 0.0738166128070691 0.195057410949586 0.193084747985552 0.229581812619287 0.105850937721669 0.162922111508642 0.108122258851225 0.237946793192405 0 0.165880224431478
"42" 0.0319910296652218 0.0843749405827925 0.0945645368917794 0.123001124772754 0.161817500553847 0.0902623872309836 0.0830492392827671 0.0453513425981203 0.11926805989428 0.0644368261573099 0.166109126768749 0.126114143511379 0.117347752235121 0.138074298360572 0.170869812398208 0.0838195539258653 0.223006382338468 0.139815042643858 0.223479523931055 0.174963477972216 0.0705411189815418 0.163300578992802 0.0609775395406771 0.0810161229052602 0.037654846944246 0.233522802132503 0.252765400988873 0.136674473720883 0.170313730740496 0.171137616143949 0.0832806179706468 0.0948993306648803 0.11421688943439 0.184506773074686 0.0870168003982913 0.175254421164917 0.0937694955691643 0.0261382498649015 0.175920363450147 0.176314892173373 0.165880224431478 0
