"V1" "V2" "V3" "V4" "V5" "V6" "V7" "V8" "V9" "V10" "V11" "V12" "V13" "V14" "V15" "V16" "V17" "V18" "V19" "V20" "V21" "V22" "V23" "V24" "V25" "V26" "V27" "V28" "V29" "V30" "V31" "V32" "V33" "V34" "V35" "V36" "V37" "V38" "V39" "V40" "V41" "V42"
"1" 0 0.362666640676686 0.908913613886676 0.739126434379621 1.04384461333158 0.608599256517462 0.446188727030402 0.885887194744018 1.0827420579093 0.665754915162735 0.601352483153715 0.205940218326345 0.512849956423378 0.793288527382949 0.116452920267507 0.228439655213031 0.541101008946464 0.829102735567747 0.454105242906342 0.424969335090082 0.519343615682622 0.56951857473049 0.547470570340598 0.879352838287214 0.582430950895122 0.395755730682087 0.420447642179849 0.838884407354138 0.449708812968644 0.17264633826295 0.60731152594796 0.444958627595634 0.431613655694723 0.449597988542041 0.882064706666154 0.06646388647769 0.395776499945068 0.669840104951105 0.699556439673057 0.43771622726001 0.613434472976004 0.115445461566064
"2" 0.362666640676686 0 0.606890498618624 0.485627558751231 0.702259915185461 0.643124674577156 0.329813269747274 0.629524440883656 0.74168532825378 0.446151131598271 0.481711493431495 0.248776159496663 0.553765992202553 0.529028277973532 0.345626570236728 0.163677162438155 0.358821978097216 0.589648488518076 0.538836389632225 0.544687730379564 0.600788230175122 0.398809442626892 0.26495856954009 0.603604742838017 0.446785171400063 0.0358018540902772 0.312025714800183 0.486886769489849 0.144033723448134 0.355646617239265 0.309694931331858 0.269541972168207 0.361820381418764 0.359473100191101 0.836909697517173 0.300627363249062 0.337658213520338 0.614443739103792 0.337714532603209 0.357313922551698 0.349371862791172 0.440052132710054
"3" 0.908913613886676 0.606890498618624 0 0.203418645662226 0.225923441096989 0.716116511254431 0.513337833791643 0.147979562495616 0.249155786951163 0.876592450084968 0.458583611070745 0.711717944072069 0.697292940750208 0.152022491710133 0.831777833313534 0.765839710486289 0.40826029596422 0.195186586453335 0.748340451632006 0.791397418580696 0.764748276995464 0.403428833158117 0.3623027821496 0.0899712320795956 0.440446783299056 0.593037872767717 0.531895439126652 0.254164111182974 0.473311846615478 0.955492872104919 0.696369620162904 0.817407148073176 0.558180703895086 0.925001359403559 0.675573628769015 0.84307561124489 0.579868755326437 0.569856626677533 0.454589413435943 0.927843836094785 0.298514651733228 1.01252442136634
"4" 0.739126434379621 0.485627558751231 0.203418645662226 0 0.415566877944476 0.519098075670217 0.317586310057486 0.148294510994065 0.444753857508638 0.841516478432395 0.25733089610294 0.535269461778107 0.494728092374663 0.0563891994885905 0.651132506364623 0.629431854220256 0.211277012240604 0.104841689674481 0.54492268366047 0.588119741752613 0.562434029106884 0.201372937988837 0.220670373894862 0.144200728162457 0.237267740127936 0.482556979325121 0.338557459470937 0.341289369519923 0.341713640215729 0.810114943006807 0.660975325848623 0.733539805978478 0.358998895393604 0.835439278336945 0.524922021451412 0.675284571505789 0.383550145116388 0.380994429604837 0.459820097697954 0.835506482381873 0.136721688395069 0.848592123956069
"5" 1.04384461333158 0.702259915185461 0.225923441096989 0.415566877944476 0 0.934571921307239 0.698827690547395 0.369714505573836 0.0394385141801153 0.856233983632601 0.672478607837896 0.862431404000914 0.907437230221306 0.371519738492906 0.984157714702205 0.865809944499146 0.60013656917219 0.421084624575956 0.952252594418915 0.991923295763527 0.975442599002846 0.60434160398314 0.509295640597176 0.315053578045408 0.649761524531606 0.678643276456937 0.713008083221778 0.223182507867412 0.594153332789741 1.05742055368565 0.690863575732812 0.855199913890438 0.748310533890148 0.962799712888175 0.900271422931995 0.977484411870478 0.764036209188621 0.792511794662386 0.44173121993981 0.968645810692831 0.472157376657125 1.13657554582266
"6" 0.608599256517462 0.643124674577156 0.716116511254431 0.519098075670217 0.934571921307239 0 0.327954859688241 0.600013104870585 0.962879865947116 1.08916950431753 0.264356400076601 0.461269530281485 0.0979670347556171 0.564731162623574 0.492967519317459 0.67629231741529 0.373338318137314 0.534165902994261 0.157374527726001 0.199070363009188 0.103782978122901 0.350329383905825 0.526388437476125 0.636623788160718 0.293134412910082 0.669132612301078 0.337981473705425 0.830792041938433 0.56275372291736 0.765678549840406 0.943632759459046 0.896349101030204 0.284600797687251 0.960015936098133 0.289945263319228 0.577614747938407 0.305521930759606 0.158160049131023 0.853623105285217 0.952759575329378 0.502633388645021 0.71553710470137
"7" 0.446188727030402 0.329813269747274 0.513337833791643 0.317586310057486 0.698827690547395 0.327954859688241 0 0.455219234252107 0.733650867727641 0.772812711183669 0.16590663612069 0.241896456419346 0.253355822602984 0.373972819513851 0.344865603928922 0.408160611278971 0.106309444475442 0.392957549545562 0.270811727045894 0.301462758352458 0.315128007898046 0.125538224669834 0.215028553597249 0.461682438245643 0.139452058725256 0.350809855454407 0.026010480860554 0.546444730268458 0.234865293597661 0.554301338175732 0.619038707699755 0.596246123187557 0.0526886457844119 0.675579743764103 0.509023386300619 0.388558135933006 0.0665322467079104 0.285124367527603 0.531329092198856 0.670811051832435 0.226825816348245 0.560821188717123
"8" 0.885887194744018 0.629524440883656 0.147979562495616 0.148294510994065 0.369714505573836 0.600013104870585 0.455219234252107 0 0.388157378348263 0.959476693792748 0.359050303412189 0.681148388500665 0.596184532007398 0.100559846972008 0.795113346705578 0.776598426097448 0.350396291430185 0.0674459712619072 0.655457594732467 0.702238227386356 0.661396135879333 0.331865168375145 0.365462755303604 0.0603583074158678 0.350965229391001 0.62384304709822 0.478070237446427 0.382361799895893 0.486405367664082 0.958276594402366 0.777529432492817 0.869130189020418 0.491162460431618 0.973304992656152 0.530854554165905 0.822528251271242 0.51933582594215 0.446365454855316 0.553423026361152 0.974173815823429 0.283469251529957 0.996104172961536
"9" 1.0827420579093 0.74168532825378 0.249155786951163 0.444753857508638 0.0394385141801153 0.962879865947116 0.733650867727641 0.388157378348263 0 0.890669382789283 0.702075018401518 0.900485352418532 0.938370868370548 0.398411472487307 1.0222455162386 0.905242198927342 0.633842559453618 0.443003591738992 0.984643513090601 1.02500418477906 1.00629821077391 0.636655235193398 0.54674031388694 0.336236486030349 0.680503348303687 0.718078883758716 0.748369250272662 0.261995818421545 0.633033356269727 1.09685860739173 0.727028327715768 0.893361696722106 0.782654170469157 1.00080475959962 0.918834439145596 1.01635950196031 0.79916174293925 0.818626706980732 0.478820589908631 1.00677784002311 0.507344859231904 1.17580097845915
"10" 0.665754915162735 0.446151131598271 0.876592450084968 0.841516478432395 0.856233983632601 1.08916950431753 0.772812711183669 0.959476693792748 0.890669382789283 0 0.913713572085178 0.662969837921146 0.99878560121036 0.865940200596047 0.716242306663456 0.458188716712767 0.782101386975016 0.942563099397321 0.97859760991267 0.978167447140832 1.0427487703324 0.821556227162334 0.646488316444807 0.913908635499418 0.876825343422035 0.422126543889094 0.756783410668873 0.648846729079967 0.551551837454552 0.533432943454706 0.181959906827245 0.221356742406246 0.80759790801603 0.245703121661275 1.27273569039955 0.633019232438426 0.783784998270749 1.0543663036569 0.425793011758992 0.259100656920521 0.724054717914875 0.669149234799667
"11" 0.601352483153715 0.481711493431495 0.458583611070745 0.25733089610294 0.672478607837896 0.264356400076601 0.16590663612069 0.359050303412189 0.702075018401518 0.913713572085178 0 0.402008931682542 0.239393227357713 0.306620624821829 0.49279137514505 0.573335953847603 0.134370592553054 0.291639576318968 0.296407441304789 0.34349959372059 0.30638887297199 0.0987769283468605 0.288770638433616 0.385405862126667 0.0376863992146529 0.497252375325896 0.191020722210975 0.568935815829501 0.362349925742787 0.718747987547605 0.748899079080441 0.751133551450184 0.169741889742602 0.835637050865571 0.359116291595419 0.54764067283385 0.205634719665513 0.150459508667628 0.615999153922745 0.831588750476988 0.246017919129711 0.716779039043582
"12" 0.205940218326345 0.248776159496663 0.711717944072069 0.535269461778107 0.862431404000914 0.461269530281485 0.241896456419346 0.681148388500665 0.900485352418532 0.662969837921146 0.402008931682542 0 0.363670831192071 0.590121365818716 0.121784303930312 0.218479211337295 0.335164125218528 0.623536211533484 0.325628273238997 0.317530637365524 0.392832646382578 0.363927070364065 0.355335447355058 0.676955064528426 0.380116927876283 0.284131379900274 0.215939536491374 0.670462754630694 0.277242948267925 0.320221002614119 0.551826905190538 0.452071653229015 0.234045546973035 0.502864765697038 0.710145437778821 0.146661723972835 0.197917455782087 0.488825194597081 0.569924864045949 0.494681534029364 0.413683654913784 0.31949526356194
"13" 0.512849956423378 0.553765992202553 0.697292940750208 0.494728092374663 0.907437230221306 0.0979670347556171 0.253355822602984 0.596184532007398 0.938370868370548 0.99878560121036 0.239393227357713 0.363670831192071 0 0.545562805448478 0.396763587948921 0.579548090825042 0.319742187980735 0.52880496384682 0.0742470648695937 0.124241471156793 0.0680400411628596 0.305675018802067 0.463625354502172 0.624726649577871 0.257875790521242 0.581400754736873 0.258238998220828 0.783507094440467 0.484359168989462 0.668170332282248 0.858235308904663 0.802305495115589 0.204361409359223 0.863686240171625 0.374642304130584 0.480193024058781 0.218843585110698 0.192983504931018 0.784663780685151 0.856214885981504 0.453627013793931 0.621412623916596
"14" 0.793288527382949 0.529028277973532 0.152022491710133 0.0563891994885905 0.371519738492906 0.564731162623574 0.373972819513851 0.100559846972008 0.398411472487307 0.865940200596047 0.306620624821829 0.590121365818716 0.545562805448478 0 0.706660259246078 0.677095053870958 0.267664022667675 0.0807360060433444 0.597913536255004 0.641898139225138 0.612898448265864 0.256894547966379 0.265324839796044 0.0878692987397052 0.289500136029002 0.523317116012696 0.394914761783975 0.324974813681647 0.386088337773961 0.860123954021934 0.684281186643215 0.769596307736697 0.415108722457214 0.873324202266774 0.546773706595286 0.729050348910028 0.439908429309296 0.421008901801777 0.469558003418374 0.874046268260855 0.184568462966357 0.901971909342142
"15" 0.116452920267507 0.345626570236728 0.831777833313534 0.651132506364623 0.984157714702205 0.492967519317459 0.344865603928922 0.795113346705578 1.0222455162386 0.716242306663456 0.49279137514505 0.121784303930312 0.396763587948921 0.706660259246078 0 0.258329310853074 0.445584569756655 0.735357164037789 0.339744975704451 0.313788128385216 0.405905074524956 0.470203064488354 0.476994906507301 0.794057692433376 0.476704579693879 0.381315678736625 0.319997915470537 0.79052780025069 0.396520394000445 0.277080152251633 0.629593669912891 0.496296359591449 0.323725990700137 0.522985593525743 0.765652780036034 0.0934026835934944 0.288804623582965 0.554433893813205 0.678839671191805 0.512508167717248 0.533328098808773 0.229051408237626
"16" 0.228439655213031 0.163677162438155 0.765839710486289 0.629431854220256 0.865809944499146 0.67629231741529 0.408160611278971 0.776598426097448 0.905242198927342 0.458188716712767 0.573335953847603 0.218479211337295 0.579548090825042 0.677095053870958 0.258329310853074 0 0.469984516816839 0.730776507258058 0.544101196544101 0.534635647676158 0.61123755443239 0.50751337009084 0.412269392283549 0.756011377500882 0.543313017158986 0.188640877001908 0.384276540601322 0.649296724540606 0.293685246906754 0.192032530160988 0.380057742816653 0.239633207042219 0.421632771402596 0.284570897075674 0.909804819412726 0.180560077407322 0.388702418023155 0.685036122012759 0.484150413012058 0.276741063413615 0.49315605877591 0.284349400894276
"17" 0.541101008946464 0.358821978097216 0.40826029596422 0.211277012240604 0.60013656917219 0.373338318137314 0.106309444475442 0.350396291430185 0.633842559453618 0.782101386975016 0.134370592553054 0.335164125218528 0.319742187980735 0.267664022667675 0.445584569756655 0.469984516816839 0 0.28977273391127 0.354657231170545 0.392213473938646 0.386738469982929 0.0401079013460727 0.156705038660186 0.355390006049697 0.0966895766037381 0.37048400716859 0.12787992165306 0.46377335614472 0.230776948918674 0.633650510850289 0.615255998504856 0.627690379563912 0.150125462770023 0.717370576654327 0.492227837078392 0.48016735366656 0.172426561543485 0.28335929907161 0.48579108845456 0.714415386999389 0.134162756090103 0.65402085755355
"18" 0.829102735567747 0.589648488518076 0.195186586453335 0.104841689674481 0.421084624575956 0.534165902994261 0.392957549545562 0.0674459712619072 0.443003591738992 0.942563099397321 0.291639576318968 0.623536211533484 0.52880496384682 0.0807360060433444 0.735357164037789 0.730776507258058 0.28977273391127 0 0.588044891770292 0.634918882295747 0.594148578759707 0.268300405427748 0.324860701802913 0.106829688186586 0.284254255199312 0.587220452883212 0.416530388594461 0.401681705667747 0.445623813066362 0.908630775100865 0.76131117849043 0.838310120545831 0.42682834100527 0.94027800020477 0.481711206090357 0.766711360059347 0.456017529254438 0.381960889243934 0.550012135596653 0.940321033236303 0.24028026635875 0.940636556277075
"19" 0.454105242906342 0.538836389632225 0.748340451632006 0.54492268366047 0.952252594418915 0.157374527726001 0.270811727045894 0.655457594732467 0.984643513090601 0.97859760991267 0.296407441304789 0.325628273238997 0.0742470648695937 0.597913536255004 0.339744975704451 0.544101196544101 0.354657231170545 0.588044891770292 0 0.050624277901515 0.0676941583547309 0.347996611203621 0.485834375799043 0.679992554213043 0.308479835071042 0.569194544750467 0.268479786863259 0.814977639538811 0.488228183376546 0.615449012741891 0.847619585505172 0.77463099051652 0.218240739996183 0.828448729321864 0.444251311306009 0.427691528944388 0.220678577675365 0.266902936811435 0.796056863011377 0.820130804870187 0.488140413988974 0.55915495155778
"20" 0.424969335090082 0.544687730379564 0.791397418580696 0.588119741752613 0.991923295763527 0.199070363009188 0.301462758352458 0.702238227386356 1.02500418477906 0.978167447140832 0.34349959372059 0.317530637365524 0.124241471156793 0.641898139225138 0.313788128385216 0.534635647676158 0.392213473938646 0.634918882295747 0.050624277901515 0 0.0981075522659169 0.388978150777671 0.515411500193938 0.725066743721822 0.353219157318717 0.576630553673779 0.295363669563215 0.847877471999538 0.507036950047319 0.590868191227008 0.854381486271655 0.769545976104164 0.248984054341636 0.8173577894386 0.488608246633937 0.404876255611782 0.244819437165364 0.317196065958752 0.817329062314216 0.808414670075147 0.524191284358108 0.5257703116099
"21" 0.519343615682622 0.600788230175122 0.764748276995464 0.562434029106884 0.975442599002846 0.103782978122901 0.315128007898046 0.661396135879333 1.00629821077391 1.0427487703324 0.30638887297199 0.392832646382578 0.0680400411628596 0.612898448265864 0.405905074524956 0.61123755443239 0.386738469982929 0.594148578759707 0.0676941583547309 0.0981075522659169 0 0.373567408169007 0.527963533279313 0.691312465493242 0.325797053319817 0.630190007936617 0.317174303642928 0.850449496579125 0.54163684268534 0.682230902950355 0.908357892542421 0.840582927157647 0.26417823123913 0.895697146318064 0.393486370448708 0.494721042821607 0.273410058349076 0.242185824355441 0.845737649420929 0.887470513570372 0.520809417494925 0.622425582832007
"22" 0.56951857473049 0.398809442626892 0.403428833158117 0.201372937988837 0.60434160398314 0.350329383905825 0.125538224669834 0.331865168375145 0.636655235193398 0.821556227162334 0.0987769283468605 0.363927070364065 0.305675018802067 0.256894547966379 0.470203064488354 0.50751337009084 0.0401079013460727 0.268300405427748 0.347996611203621 0.388978150777671 0.373567408169007 0 0.190039066489901 0.343276852715973 0.0617379997235875 0.41058966213167 0.15021937656296 0.481109762952602 0.270511165171716 0.667978846514894 0.653790019937556 0.667765665498 0.159533622405409 0.757145378256135 0.453914566900759 0.51006266273442 0.187723393139574 0.249181231268772 0.517436605547688 0.754091528460095 0.152342654943029 0.683416460075851
"23" 0.547470570340598 0.26495856954009 0.3623027821496 0.220670373894862 0.509295640597176 0.526388437476125 0.215028553597249 0.365462755303604 0.54674031388694 0.646488316444807 0.288770638433616 0.355335447355058 0.463625354502172 0.265324839796044 0.476994906507301 0.412269392283549 0.156705038660186 0.324860701802913 0.485834375799043 0.515411500193938 0.527963533279313 0.190039066489901 0 0.343986435464997 0.25140467056298 0.262911472305952 0.220362125749141 0.335310077809839 0.121133620746354 0.597738796217452 0.472382250975808 0.517660534132508 0.267664162349909 0.617195919239437 0.640860172665535 0.481361284369426 0.27186354849873 0.439004060122617 0.329183848469895 0.616688147078346 0.0848910689379075 0.650221677920092
"24" 0.879352838287214 0.603604742838017 0.0899712320795956 0.144200728162457 0.315053578045408 0.636623788160718 0.461682438245643 0.0603583074158678 0.336236486030349 0.913908635499418 0.385405862126667 0.676955064528426 0.624726649577871 0.0878692987397052 0.794057692433376 0.756011377500882 0.355390006049697 0.106829688186586 0.679992554213043 0.725066743721822 0.691312465493242 0.343276852715973 0.343986435464997 0 0.371853656477472 0.594847919080503 0.482758137193674 0.323424766021104 0.462875178159561 0.94146045444966 0.732062568648783 0.833751269652283 0.502156667026325 0.939421561095771 0.585691315626458 0.814736686881569 0.527488283651056 0.486793743515077 0.501881865260582 0.940995491388023 0.267395052751125 0.987147512703104
"25" 0.582430950895122 0.446785171400063 0.440446783299056 0.237267740127936 0.649761524531606 0.293134412910082 0.139452058725256 0.350965229391001 0.680503348303687 0.876825343422035 0.0376863992146529 0.380116927876283 0.257875790521242 0.289500136029002 0.476704579693879 0.543313017158986 0.0966895766037381 0.284254255199312 0.308479835071042 0.353219157318717 0.325797053319817 0.0617379997235875 0.25140467056298 0.371853656477472 0 0.461434533117631 0.165338777608443 0.537814369101644 0.325319068660193 0.693717451356128 0.711446698105608 0.716323331061849 0.15350786423995 0.802206575071383 0.39628211884533 0.526588131190699 0.187900721918126 0.187606617317202 0.57916645225577 0.798437639303789 0.211777085524469 0.697606684173517
"26" 0.395755730682087 0.0358018540902772 0.593037872767717 0.482556979325121 0.678643276456937 0.669132612301078 0.350809855454407 0.62384304709822 0.718078883758716 0.422126543889094 0.497252375325896 0.284131379900274 0.581400754736873 0.523317116012696 0.381315678736625 0.188640877001908 0.37048400716859 0.587220452883212 0.569194544750467 0.576630553673779 0.630190007936617 0.41058966213167 0.262911472305952 0.594847919080503 0.461434533117631 0 0.334709257102005 0.460852233212266 0.145314991209704 0.379064316952989 0.278425695918745 0.25846052158755 0.385975837812609 0.354691232495728 0.854625378743402 0.334614286013179 0.363768559915986 0.633777403445711 0.303853331076319 0.353871059215572 0.347796621586336 0.469551993927397
"27" 0.420447642179849 0.312025714800183 0.531895439126652 0.338557459470937 0.713008083221778 0.337981473705425 0.026010480860554 0.478070237446427 0.748369250272662 0.756783410668873 0.191020722210975 0.215939536491374 0.258238998220828 0.394914761783975 0.319997915470537 0.384276540601322 0.12787992165306 0.416530388594461 0.268479786863259 0.295363669563215 0.317174303642928 0.15021937656296 0.220362125749141 0.482758137193674 0.165338777608443 0.334709257102005 0 0.554600834903228 0.226244857940682 0.528527115370666 0.606155148226805 0.576535127984135 0.0539835938370363 0.653977087549516 0.529967019860236 0.362598261684406 0.0518978652240062 0.305349213745535 0.528769299686923 0.648937195799064 0.24103568705855 0.534982983285348
"28" 0.838884407354138 0.486886769489849 0.254164111182974 0.341289369519923 0.223182507867412 0.830792041938433 0.546444730268458 0.382361799895893 0.261995818421545 0.648846729079967 0.568935815829501 0.670462754630694 0.783507094440467 0.324974813681647 0.79052780025069 0.649296724540606 0.46377335614472 0.401681705667747 0.814977639538811 0.847877471999538 0.850449496579125 0.481109762952602 0.335310077809839 0.323424766021104 0.537814369101644 0.460852233212266 0.554600834903228 0 0.394093103521309 0.839761362322079 0.476153569375664 0.632705978719388 0.59889939243983 0.740605207230361 0.866148066043219 0.773214368012422 0.606410958731436 0.710362300673567 0.224840845189676 0.746171613792673 0.33003702255765 0.925642693993783
"29" 0.449708812968644 0.144033723448134 0.473311846615478 0.341713640215729 0.594153332789741 0.56275372291736 0.234865293597661 0.486405367664082 0.633033356269727 0.551551837454552 0.362349925742787 0.277242948267925 0.484359168989462 0.386088337773961 0.396520394000445 0.293685246906754 0.230776948918674 0.445623813066362 0.488228183376546 0.507036950047319 0.54163684268534 0.270511165171716 0.121133620746354 0.462875178159561 0.325319068660193 0.145314991209704 0.226244857940682 0.394093103521309 0 0.482211309900254 0.388178137613887 0.403398998691089 0.280226151702525 0.499713278014794 0.721465859754009 0.38333249769291 0.268418576344536 0.505711175994724 0.311085285478825 0.49852361922347 0.205343855253301 0.545307471482103
"30" 0.17264633826295 0.355646617239265 0.955492872104919 0.810114943006807 1.05742055368565 0.765678549840406 0.554301338175732 0.958276594402366 1.09685860739173 0.533432943454706 0.718747987547605 0.320221002614119 0.668170332282248 0.860123954021934 0.277080152251633 0.192032530160988 0.633650510850289 0.908630775100865 0.615449012741891 0.590868191227008 0.682230902950355 0.667978846514894 0.597738796217452 0.94146045444966 0.693717451356128 0.379064316952989 0.528527115370666 0.839761362322079 0.482211309900254 0 0.515015323523897 0.323135368506664 0.553328221264586 0.29781070910592 1.02791231103678 0.18810317813949 0.517417778533017 0.808421576201718 0.664210901774132 0.284794329379449 0.675559294698884 0.135946944656596
"31" 0.60731152594796 0.309694931331858 0.696369620162904 0.660975325848623 0.690863575732812 0.943632759459046 0.619038707699755 0.777529432492817 0.727028327715768 0.181959906827245 0.748899079080441 0.551826905190538 0.858235308904663 0.684281186643215 0.629593669912891 0.380057742816653 0.615255998504856 0.76131117849043 0.847619585505172 0.854381486271655 0.908357892542421 0.653790019937556 0.472382250975808 0.732062568648783 0.711446698105608 0.278425695918745 0.606155148226805 0.476153569375664 0.388178137613887 0.515015323523897 0 0.205488386237313 0.659096629888591 0.296725652243509 1.10748329176879 0.560024042266591 0.639639741308841 0.893819927942333 0.251312986690408 0.306428959530628 0.546934025503102 0.641882764234845
"32" 0.444958627595634 0.269541972168207 0.817407148073176 0.733539805978478 0.855199913890438 0.896349101030204 0.596246123187557 0.869130189020418 0.893361696722106 0.221356742406246 0.751133551450184 0.452071653229015 0.802305495115589 0.769596307736697 0.496296359591449 0.239633207042219 0.627690379563912 0.838310120545831 0.77463099051652 0.769545976104164 0.840582927157647 0.667765665498 0.517660534132508 0.833751269652283 0.716323331061849 0.25846052158755 0.576535127984135 0.632705978719388 0.403398998691089 0.323135368506664 0.205488386237313 0 0.623169827144396 0.108452852401692 1.1049699357679 0.411825636145928 0.59506227598249 0.881357264789687 0.418086226066017 0.113466274250629 0.60191725505248 0.456514345635691
"33" 0.431613655694723 0.361820381418764 0.558180703895086 0.358998895393604 0.748310533890148 0.284600797687251 0.0526886457844119 0.491162460431618 0.782654170469157 0.80759790801603 0.169741889742602 0.234045546973035 0.204361409359223 0.415108722457214 0.323725990700137 0.421632771402596 0.150125462770023 0.42682834100527 0.218240739996183 0.248984054341636 0.26417823123913 0.159533622405409 0.267664162349909 0.502156667026325 0.15350786423995 0.385975837812609 0.0539835938370363 0.59889939243983 0.280226151702525 0.553328221264586 0.659096629888591 0.623169827144396 0 0.696947162260428 0.488313420495593 0.378559064005545 0.0361829977371553 0.263423011686767 0.581568875913665 0.691297690947686 0.277156765280336 0.547044756922891
"34" 0.449597988542041 0.359473100191101 0.925001359403559 0.835439278336945 0.962799712888175 0.960015936098133 0.675579743764103 0.973304992656152 1.00080475959962 0.245703121661275 0.835637050865571 0.502864765697038 0.863686240171625 0.873324202266774 0.522985593525743 0.284570897075674 0.717370576654327 0.94027800020477 0.828448729321864 0.8173577894386 0.895697146318064 0.757145378256135 0.617195919239437 0.939421561095771 0.802206575071383 0.354691232495728 0.653977087549516 0.740605207230361 0.499713278014794 0.29781070910592 0.296725652243509 0.108452852401692 0.696947162260428 0 1.18389470078361 0.431670656600564 0.666211765150677 0.959055018373818 0.524069262698371 0.01349840082388 0.701971060061707 0.433195922014987
"35" 0.882064706666154 0.836909697517173 0.675573628769015 0.524922021451412 0.900271422931995 0.289945263319228 0.509023386300619 0.530854554165905 0.918834439145596 1.27273569039955 0.359116291595419 0.710145437778821 0.374642304130584 0.546773706595286 0.765652780036034 0.909804819412726 0.492227837078392 0.481711206090357 0.444251311306009 0.488608246633937 0.393486370448708 0.453914566900759 0.640860172665535 0.585691315626458 0.39628211884533 0.854625378743402 0.529967019860236 0.866148066043219 0.721465859754009 1.02791231103678 1.10748329176879 1.1049699357679 0.488313420495593 1.18389470078361 0 0.842647536231105 0.521213152977073 0.225002234695544 0.958661745613468 1.17869806406032 0.581378460930943 0.993267771448989
"36" 0.06646388647769 0.300627363249062 0.84307561124489 0.675284571505789 0.977484411870478 0.577614747938407 0.388558135933006 0.822528251271242 1.01635950196031 0.633019232438426 0.54764067283385 0.146661723972835 0.480193024058781 0.729050348910028 0.0934026835934944 0.180560077407322 0.48016735366656 0.766711360059347 0.427691528944388 0.404876255611782 0.494721042821607 0.51006266273442 0.481361284369426 0.814736686881569 0.526588131190699 0.334614286013179 0.362598261684406 0.773214368012422 0.38333249769291 0.18810317813949 0.560024042266591 0.411825636145928 0.378559064005545 0.431670656600564 0.842647536231105 0 0.342398359380105 0.625763264381541 0.638292593371112 0.420860563446777 0.548298008980608 0.173977224652888
"37" 0.395776499945068 0.337658213520338 0.579868755326437 0.383550145116388 0.764036209188621 0.305521930759606 0.0665322467079104 0.51933582594215 0.79916174293925 0.783784998270749 0.205634719665513 0.197917455782087 0.218843585110698 0.439908429309296 0.288804623582965 0.388702418023155 0.172426561543485 0.456017529254438 0.220678577675365 0.244819437165364 0.273410058349076 0.187723393139574 0.27186354849873 0.527488283651056 0.187900721918126 0.363768559915986 0.0518978652240062 0.606410958731436 0.268418576344536 0.517417778533017 0.639639741308841 0.59506227598249 0.0361829977371553 0.666211765150677 0.521213152977073 0.342398359380105 0 0.296766497066776 0.575384285933254 0.66022451380262 0.291886201781028 0.511182191305606
"38" 0.669840104951105 0.614443739103792 0.569856626677533 0.380994429604837 0.792511794662386 0.158160049131023 0.285124367527603 0.446365454855316 0.818626706980732 1.0543663036569 0.150459508667628 0.488825194597081 0.192983504931018 0.421008901801777 0.554433893813205 0.685036122012759 0.28335929907161 0.381960889243934 0.266902936811435 0.317196065958752 0.242185824355441 0.249181231268772 0.439004060122617 0.486793743515077 0.187606617317202 0.633777403445711 0.305349213745535 0.710362300673567 0.505711175994724 0.808421576201718 0.893819927942333 0.881357264789687 0.263423011686767 0.959055018373818 0.225002234695544 0.625763264381541 0.296766497066776 0 0.766440451917038 0.953773700969027 0.394451882689995 0.783479296564038
"39" 0.699556439673057 0.337714532603209 0.454589413435943 0.459820097697954 0.44173121993981 0.853623105285217 0.531329092198856 0.553423026361152 0.478820589908631 0.425793011758992 0.615999153922745 0.569924864045949 0.784663780685151 0.469558003418374 0.678839671191805 0.484150413012058 0.48579108845456 0.550012135596653 0.796056863011377 0.817329062314216 0.845737649420929 0.517436605547688 0.329183848469895 0.501881865260582 0.57916645225577 0.303853331076319 0.528769299686923 0.224840845189676 0.311085285478825 0.664210901774132 0.251312986690408 0.418086226066017 0.581568875913665 0.524069262698371 0.958661745613468 0.638292593371112 0.575384285933254 0.766440451917038 0 0.530836015143101 0.377361189423815 0.768487169130894
"40" 0.43771622726001 0.357313922551698 0.927843836094785 0.835506482381873 0.968645810692831 0.952759575329378 0.670811051832435 0.974173815823429 1.00677784002311 0.259100656920521 0.831588750476988 0.494681534029364 0.856214885981504 0.874046268260855 0.512508167717248 0.276741063413615 0.714415386999389 0.940321033236303 0.820130804870187 0.808414670075147 0.887470513570372 0.754091528460095 0.616688147078346 0.940995491388023 0.798437639303789 0.353871059215572 0.648937195799064 0.746171613792673 0.49852361922347 0.284794329379449 0.306428959530628 0.113466274250629 0.691297690947686 0.01349840082388 1.17869806406032 0.420860563446777 0.66022451380262 0.953773700969027 0.530836015143101 0 0.701536393190196 0.420056684557449
"41" 0.613434472976004 0.349371862791172 0.298514651733228 0.136721688395069 0.472157376657125 0.502633388645021 0.226825816348245 0.283469251529957 0.507344859231904 0.724054717914875 0.246017919129711 0.413683654913784 0.453627013793931 0.184568462966357 0.533328098808773 0.49315605877591 0.134162756090103 0.24028026635875 0.488140413988974 0.524191284358108 0.520809417494925 0.152342654943029 0.0848910689379075 0.267395052751125 0.211777085524469 0.347796621586336 0.24103568705855 0.33003702255765 0.205343855253301 0.675559294698884 0.546934025503102 0.60191725505248 0.277156765280336 0.701971060061707 0.581378460930943 0.548298008980608 0.291886201781028 0.394451882689995 0.377361189423815 0.701536393190196 0 0.720097581044816
"42" 0.115445461566064 0.440052132710054 1.01252442136634 0.848592123956069 1.13657554582266 0.71553710470137 0.560821188717123 0.996104172961536 1.17580097845915 0.669149234799667 0.716779039043582 0.31949526356194 0.621412623916596 0.901971909342142 0.229051408237626 0.284349400894276 0.65402085755355 0.940636556277075 0.55915495155778 0.5257703116099 0.622425582832007 0.683416460075851 0.650221677920092 0.987147512703104 0.697606684173517 0.469551993927397 0.534982983285348 0.925642693993783 0.545307471482103 0.135946944656596 0.641882764234845 0.456514345635691 0.547044756922891 0.433195922014987 0.993267771448989 0.173977224652888 0.511182191305606 0.783479296564038 0.768487169130894 0.420056684557449 0.720097581044816 0
