"V1" "V2" "V3" "V4" "V5" "V6" "V7" "V8" "V9" "V10" "V11" "V12" "V13" "V14" "V15" "V16" "V17" "V18" "V19" "V20" "V21"
"1" 0 0.230286321263636 0.307615799621992 0.285681971434979 0.45459136519354 0.425477520390636 0.359228057729461 0.377845950114371 0.23188586154736 0.259681037158695 0.302964639894487 0.215220757514433 0.154509326908059 0.241935482895174 0.340694211314603 0.394103398887256 0.366620849886384 0.365058982375732 0.320041975879667 0.101736470504138 0.284811497974462
"2" 0.230286321263636 0 0.104162030777526 0.139687519346682 0.274398470024632 0.205071586752231 0.152183077973686 0.150684692967599 0.112825088543011 0.0741676685131639 0.252489907601099 0.172322640488124 0.0803097619623405 0.0578755105939717 0.211632955243697 0.270208827477501 0.180927301421918 0.136296698601166 0.0929417994507809 0.139486792326236 0.0599658319176196
"3" 0.307615799621992 0.104162030777526 0 0.0749521174189997 0.17029853077371 0.119956650982875 0.0519980309867486 0.142723844969757 0.0974638321652126 0.158811352358071 0.205943850109582 0.16313046445722 0.155390091588513 0.0659587402281194 0.130775189346759 0.182697004465856 0.0774040854475557 0.0863864234679272 0.11053125123199 0.206530284589785 0.0539727846071313
"4" 0.285681971434979 0.139687519346682 0.0749521174189997 0 0.168963045286404 0.175199030093849 0.10250291303316 0.217458252865641 0.0538866966313709 0.209897968995647 0.131143062935094 0.099847031301776 0.151644720739645 0.0819934838669601 0.072396267351187 0.131845997107707 0.0863548016118836 0.160446280568119 0.180345648255118 0.185704437303113 0.115527253378155
"5" 0.45459136519354 0.274398470024632 0.17029853077371 0.168963045286404 0 0.131341188271363 0.127959592109563 0.255575999658153 0.222705527902718 0.324131078039775 0.226500071623503 0.256764161403215 0.314134308815365 0.228496034497148 0.130647702549184 0.116531202736928 0.0940098456030103 0.193187649387824 0.257044360245805 0.354096860669142 0.221054185204497
"6" 0.425477520390636 0.205071586752231 0.119956650982875 0.175199030093849 0.131341188271363 0 0.0733789998934917 0.130719605407837 0.21407151015912 0.229176281773796 0.290027880241927 0.274235435416747 0.271406079518876 0.183979312669226 0.191551111020308 0.216044550127559 0.101905541400935 0.0794814223320532 0.149999127180553 0.325326897776546 0.145224550729436
"7" 0.359228057729461 0.152183077973686 0.0519980309867486 0.10250291303316 0.127959592109563 0.0733789998934917 0 0.142374382027098 0.141131489785994 0.196313959092273 0.223766370117427 0.200963729920743 0.207385918430367 0.11792001891743 0.131506555368609 0.170540004201074 0.0478273799966634 0.0767971638297637 0.131027789120568 0.257875891448552 0.0949199592866262
"8" 0.377845950114371 0.150684692967599 0.142723844969757 0.217458252865641 0.255575999658153 0.130719605407837 0.142374382027098 0 0.227128842546663 0.13033907206838 0.348588160762569 0.295582875736371 0.230990763594389 0.170884476912416 0.268694716891473 0.312620769953767 0.190189977443491 0.0656718257487273 0.0580277825706627 0.290170420364264 0.113973818129464
"9" 0.23188586154736 0.112825088543011 0.0974638321652126 0.0538866966313709 0.222705527902718 0.21407151015912 0.141131489785994 0.227128842546663 0 0.186971540852962 0.139691607883486 0.0684764539003806 0.101891771968829 0.0604692854743616 0.11805488552334 0.177168702743512 0.136783501325296 0.180724755948685 0.179482190409769 0.131850903169979 0.114048416155895
"10" 0.259681037158695 0.0741676685131639 0.158811352358071 0.209897968995647 0.324131078039775 0.229176281773796 0.196313959092273 0.13033907206838 0.186971540852962 0 0.32659425887731 0.245316650967187 0.134355640711476 0.130119894457152 0.280230988240665 0.337146626462619 0.2349267882717 0.150217711265922 0.0815424456308698 0.187736461704556 0.104936143120029
"11" 0.302964639894487 0.252489907601099 0.205943850109582 0.131143062935094 0.226500071623503 0.290027880241927 0.223766370117427 0.348588160762569 0.139691607883486 0.32659425887731 0 0.0966938134765361 0.226032834461037 0.197883765978736 0.101561644756468 0.118914425298842 0.188418950184845 0.290251231877955 0.309850963455855 0.226043586794726 0.243815727556451
"12" 0.215220757514433 0.172322640488124 0.16313046445722 0.099847031301776 0.256764161403215 0.274235435416747 0.200963729920743 0.295582875736371 0.0684764539003806 0.245316650967187 0.0966938134765361 0 0.131401140907447 0.126952079257204 0.130703768663464 0.179798033950102 0.184769010929641 0.248202627433042 0.247032613099229 0.130288940209403 0.182228526644858
"13" 0.154509326908059 0.0803097619623405 0.155390091588513 0.151644720739645 0.314134308815365 0.271406079518876 0.207385918430367 0.230990763594389 0.101891771968829 0.134355640711476 0.226032834461037 0.131401140907447 0 0.0895213521006115 0.219840103772801 0.279060223941714 0.221653493842415 0.211223769326544 0.173222608153879 0.0592053295534967 0.130623251706959
"14" 0.241935482895174 0.0578755105939717 0.0659587402281194 0.0819934838669601 0.228496034497148 0.183979312669226 0.11792001891743 0.170884476912416 0.0604692854743616 0.130119894457152 0.197883765978736 0.126952079257204 0.0895213521006115 0 0.154217192085601 0.213233145619677 0.134718827982225 0.133135112244749 0.120163652990326 0.14135076280246 0.0570107419263739
"15" 0.340694211314603 0.211632955243697 0.130775189346759 0.072396267351187 0.130647702549184 0.191551111020308 0.131506555368609 0.268694716891473 0.11805488552334 0.280230988240665 0.101561644756468 0.130703768663464 0.219840103772801 0.154217192085601 0 0.059739603428498 0.0898556858262334 0.205233618089595 0.241302812246755 0.245380113797321 0.180674763978155
"16" 0.394103398887256 0.270208827477501 0.182697004465856 0.131845997107707 0.116531202736928 0.216044550127559 0.170540004201074 0.312620769953767 0.177168702743512 0.337146626462619 0.118914425298842 0.179798033950102 0.279060223941714 0.213233145619677 0.059739603428498 0 0.123133268574786 0.247261959327319 0.292108152508135 0.30168621302734 0.235134041797464
"17" 0.366620849886384 0.180927301421918 0.0774040854475557 0.0863548016118836 0.0940098456030103 0.101905541400935 0.0478273799966634 0.190189977443491 0.136783501325296 0.2349267882717 0.188418950184845 0.184769010929641 0.221653493842415 0.134718827982225 0.0898556858262334 0.123133268574786 0 0.12457262426389 0.176149221575745 0.265110294850474 0.13020622280103
"18" 0.365058982375732 0.136296698601166 0.0863864234679272 0.160446280568119 0.193187649387824 0.0794814223320532 0.0767971638297637 0.0656718257487273 0.180724755948685 0.150217711265922 0.290251231877955 0.248202627433042 0.211223769326544 0.133135112244749 0.205233618089595 0.247261959327319 0.12457262426389 0 0.0705306831184668 0.268970675443884 0.0807315497656125
"19" 0.320041975879667 0.0929417994507809 0.11053125123199 0.180345648255118 0.257044360245805 0.149999127180553 0.131027789120568 0.0580277825706627 0.179482190409769 0.0815424456308698 0.309850963455855 0.247032613099229 0.173222608153879 0.120163652990326 0.241302812246755 0.292108152508135 0.176149221575745 0.0705306831184668 0 0.232347407563699 0.0663238043101826
"20" 0.101736470504138 0.139486792326236 0.206530284589785 0.185704437303113 0.354096860669142 0.325326897776546 0.257875891448552 0.290170420364264 0.131850903169979 0.187736461704556 0.226043586794726 0.130288940209403 0.0592053295534967 0.14135076280246 0.245380113797321 0.30168621302734 0.265110294850474 0.268970675443884 0.232347407563699 0 0.188244896247091
"21" 0.284811497974462 0.0599658319176196 0.0539727846071313 0.115527253378155 0.221054185204497 0.145224550729436 0.0949199592866262 0.113973818129464 0.114048416155895 0.104936143120029 0.243815727556451 0.182228526644858 0.130623251706959 0.0570107419263739 0.180674763978155 0.235134041797464 0.13020622280103 0.0807315497656125 0.0663238043101826 0.188244896247091 0
