"V1" "V2" "V3" "V4" "V5" "V6" "V7" "V8" "V9" "V10" "V11" "V12" "V13" "V14" "V15" "V16" "V17" "V18" "V19" "V20" "V21"
"1" 0 0.283130708614275 0.448810733036623 0.210645385024802 0.0999382937991406 0.325942169062199 0.194652696774714 0.23219785379833 0.208607358630622 0.345900526158935 0.184997124356628 0.325250744673786 0.0944400706590433 0.19032670524241 0.188841678892753 0.352560714251552 0.0912333590594808 0.11518956225862 0.125292080649967 0.267339341144162 0.455787156160494
"2" 0.283130708614275 0 0.248593519315747 0.333912279637276 0.200891745849428 0.251801329085074 0.128773520754545 0.243414091731258 0.156606131732382 0.0633786210043152 0.307478308731588 0.18192579087128 0.18997412451047 0.106882065419586 0.206486399784777 0.189297282291869 0.298190360818029 0.246955209061964 0.34868331586594 0.101869856882262 0.191867314471912
"3" 0.448810733036623 0.248593519315747 0 0.567702768903635 0.405656765830449 0.171855937779641 0.366704137097794 0.258306849171988 0.2406645506838 0.238797885821621 0.35579828949352 0.126095164819402 0.363287050263513 0.272573397939703 0.445872979588794 0.423794030053607 0.411379828254982 0.353819593164215 0.552276514102997 0.189536970148408 0.131995861242463
"4" 0.210645385024802 0.333912279637276 0.567702768903635 0 0.174420186562668 0.492317465800599 0.205362909703998 0.414918106375039 0.356800569741886 0.379528111770125 0.391215771634034 0.462291985943557 0.233025914190278 0.300242776840419 0.12815834961503 0.275545018272643 0.301553021848516 0.311205208224391 0.115158770980643 0.380284864900419 0.525219708117098
"5" 0.0999382937991406 0.200891745849428 0.405656765830449 0.174420186562668 0 0.31797589900276 0.0956160542071934 0.242484134730002 0.182973237450501 0.260588709438685 0.235163548389095 0.292467760181496 0.0604590605810246 0.133097434917483 0.0992030734166861 0.25296059993729 0.16465207570012 0.150569798787964 0.150274127554057 0.216146565198942 0.386992283098484
"6" 0.325942169062199 0.251801329085074 0.171855937779641 0.492317465800599 0.31797589900276 0 0.321299594103272 0.0997471205956116 0.136302811973268 0.28352440407817 0.192225852269076 0.0810629421909776 0.261398518598992 0.202354198770388 0.390731384398221 0.439203583415732 0.265614540334186 0.214585810975944 0.445445751431976 0.150374629674508 0.264756239314638
"7" 0.194652696774714 0.128773520754545 0.366704137097794 0.205362909703998 0.0956160542071934 0.321299594103272 0 0.271066020526668 0.189450430935635 0.179295692558182 0.295251262112323 0.272992742399377 0.123295226460961 0.11936975170873 0.079349991948767 0.163610484381413 0.245677061475459 0.214051222829139 0.228277788119199 0.185950297272398 0.320546014477404
"8" 0.23219785379833 0.243414091731258 0.258306849171988 0.414918106375039 0.242484134730002 0.0997471205956116 0.271066020526668 0 0.0886498241573896 0.293052035552329 0.0975432403755694 0.138116673649844 0.182349219377193 0.157033987263299 0.328623410917244 0.414220607702166 0.1661434829054 0.117826924002923 0.355256349613031 0.150817025362928 0.322798179583558
"9" 0.208607358630622 0.156606131732382 0.2406645506838 0.356800569741886 0.182973237450501 0.136302811973268 0.189450430935635 0.0886498241573896 0 0.210406763098765 0.155810317352405 0.116729245254944 0.129546159817428 0.0709416873707687 0.255218677084804 0.32607350432931 0.177254645442927 0.118573179181129 0.318748500017328 0.0763223773697906 0.268433722773502
"10" 0.345900526158935 0.0633786210043152 0.238797885821621 0.379528111770125 0.260588709438685 0.28352440407817 0.179295692558182 0.293052035552329 0.210406763098765 0 0.36490527793548 0.205624817046605 0.253174997617926 0.168891950662253 0.251521830168661 0.185358498872115 0.360921339665895 0.308592492124171 0.405575939244239 0.143092178959217 0.150974820927663
"11" 0.184997124356628 0.307478308731588 0.35579828949352 0.391215771634034 0.235163548389095 0.192225852269076 0.295251262112323 0.0975432403755694 0.155810317352405 0.36490527793548 0 0.234891646322884 0.178798332666301 0.204369739681012 0.33293512609113 0.454109606065322 0.0972487093441073 0.0846944443357793 0.309074970129388 0.230830295763181 0.415423882516355
"12" 0.325250744673786 0.18192579087128 0.126095164819402 0.462291985943557 0.292467760181496 0.0810629421909776 0.272992742399377 0.138116673649844 0.116729245254944 0.205624817046605 0.234891646322884 0 0.244079732526654 0.162075342987585 0.348764305408 0.371221941811201 0.28533425287703 0.227729079854574 0.434029404917431 0.0877289728665155 0.189399273944703
"13" 0.0944400706590433 0.18997412451047 0.363287050263513 0.233025914190278 0.0604590605810246 0.261398518598992 0.123295226460961 0.182349219377193 0.129546159817428 0.253174997617926 0.178798332666301 0.244079732526654 0 0.0967103319124005 0.154556938133362 0.286839654132479 0.122747861390339 0.0944716586318076 0.189959295122969 0.176799309062366 0.361924715468466
"14" 0.19032670524241 0.106882065419586 0.272573397939703 0.300242776840419 0.133097434917483 0.202354198770388 0.11936975170873 0.157033987263299 0.0709416873707687 0.168891950662253 0.204369739681012 0.162075342987585 0.0967103319124005 0 0.18937411599422 0.257731243472255 0.192223957770547 0.140073181910568 0.280795458407352 0.0831381335457574 0.265463873800979
"15" 0.188841678892753 0.206486399784777 0.445872979588794 0.12815834961503 0.0992030734166861 0.390731384398221 0.079349991948767 0.328623410917244 0.255218677084804 0.251521830168661 0.33293512609113 0.348764305408 0.154556938133362 0.18937411599422 0 0.176106363936407 0.26325462999049 0.248265740084125 0.175913219892492 0.262913415297057 0.397265176118267
"16" 0.352560714251552 0.189297282291869 0.423794030053607 0.275545018272643 0.25296059993729 0.439203583415732 0.163610484381413 0.414220607702166 0.32607350432931 0.185358498872115 0.454109606065322 0.371221941811201 0.286839654132479 0.257731243472255 0.176106363936407 0 0.409281513929789 0.375714762721951 0.350674084067303 0.288942948820756 0.328253025079622
"17" 0.0912333590594808 0.298190360818029 0.411379828254982 0.301553021848516 0.16465207570012 0.265614540334186 0.245677061475459 0.1661434829054 0.177254645442927 0.360921339665895 0.0972487093441073 0.28533425287703 0.122747861390339 0.192223957770547 0.26325462999049 0.409281513929789 0 0.0587055273118861 0.212740202275767 0.250262714862949 0.444409116550456
"18" 0.11518956225862 0.246955209061964 0.353819593164215 0.311205208224391 0.150569798787964 0.214585810975944 0.214051222829139 0.117826924002923 0.118573179181129 0.308592492124171 0.0846944443357793 0.227729079854574 0.0944716586318076 0.140073181910568 0.248265740084125 0.375714762721951 0.0587055273118861 0 0.239809877125821 0.192194306466822 0.386163480009725
"19" 0.125292080649967 0.34868331586594 0.552276514102997 0.115158770980643 0.150274127554057 0.445445751431976 0.228277788119199 0.355256349613031 0.318748500017328 0.405575939244239 0.309074970129388 0.434029404917431 0.189959295122969 0.280795458407352 0.175913219892492 0.350674084067303 0.212740202275767 0.239809877125821 0 0.36370488644317 0.536979304618149
"20" 0.267339341144162 0.101869856882262 0.189536970148408 0.380284864900419 0.216146565198942 0.150374629674508 0.185950297272398 0.150817025362928 0.0763223773697906 0.143092178959217 0.230830295763181 0.0877289728665155 0.176799309062366 0.0831381335457574 0.262913415297057 0.288942948820756 0.250262714862949 0.192194306466822 0.36370488644317 0 0.194190298390545
"21" 0.455787156160494 0.191867314471912 0.131995861242463 0.525219708117098 0.386992283098484 0.264756239314638 0.320546014477404 0.322798179583558 0.268433722773502 0.150974820927663 0.415423882516355 0.189399273944703 0.361924715468466 0.265463873800979 0.397265176118267 0.328253025079622 0.444409116550456 0.386163480009725 0.536979304618149 0.194190298390545 0
