"V1" "V2" "V3" "V4" "V5" "V6" "V7" "V8" "V9" "V10" "V11" "V12" "V13" "V14" "V15" "V16" "V17" "V18" "V19" "V20" "V21" "V22" "V23" "V24" "V25" "V26" "V27" "V28" "V29" "V30" "V31" "V32" "V33" "V34" "V35" "V36" "V37" "V38" "V39" "V40" "V41" "V42"
"1" 0 0.515910351400262 0.808640997650827 0.614168910274533 0.624953061592628 0.681193046221954 0.609407024968976 0.417305127061425 0.714737995767902 0.420265125117918 0.463606225161848 0.481901800065021 0.673782565308946 0.407533222888816 0.62253879667856 0.476245008489822 0.498830044752952 0.250932322192463 0.615560028688023 0.486919443107307 0.49783930709352 0.294849869264544 0.293421087694303 0.373965209773175 0.786381833494683 0.394455262871186 0.433939782746289 0.175666988865042 0.498724787756782 0.681839430133484 0.320564310309439 0.501929881738846 0.669651676374027 0.267026836488361 0.180559477749189 0.216492388890768 0.114363539593105 0.443655208205192 0.309509711620204 0.515350645016745 0.589012825390931 0.331543465335169
"2" 0.515910351400262 0 0.296839475595283 0.542722300651171 0.405067074999502 0.217586664092997 0.217575843081166 0.144679443915382 0.301773686428367 0.245340189892238 0.275029842271883 0.118889879814446 0.168620784708011 0.329585608817062 0.332944316853979 0.357852552874699 0.175255008290513 0.325756619153828 0.0997382739709556 0.101740866296522 0.0544055870632109 0.444166587762326 0.222835722063169 0.410192536891838 0.297989628008815 0.175341514491825 0.0863477769592344 0.351430223400459 0.382506723054116 0.368732506140197 0.236898447716811 0.250422882068424 0.208145007578178 0.264844222323097 0.431124890610024 0.34329695441612 0.432394881071872 0.459805136592425 0.21786097472902 0.179972889916965 0.0849656535292492 0.262414233093737
"3" 0.808640997650827 0.296839475595283 0 0.741009302317341 0.569371236691784 0.175660860604859 0.358840925025631 0.401212950982888 0.353611409903296 0.506897295106891 0.452626429226153 0.377855406161469 0.187514580489768 0.588436716461306 0.483752159606303 0.591337930443675 0.40826211404672 0.61970130436292 0.201899943811661 0.330216216306649 0.33053124615219 0.726983923892699 0.517903355310578 0.67708594102096 0.218082277438179 0.460305062754516 0.382954838221797 0.647940644608253 0.532664887326096 0.379414990309544 0.529741449624236 0.472834735330376 0.269773228162636 0.561584339518024 0.726463478106061 0.618679645956247 0.716927569621495 0.709368962497501 0.501555998892354 0.342415447655802 0.219634188234515 0.515477140375885
"4" 0.614168910274533 0.542722300651171 0.741009302317341 0 0.177271117469283 0.747891780314314 0.382430399690676 0.611189797935523 0.411563704957704 0.316629499284629 0.760749363185066 0.424192149586291 0.555505670503027 0.253715084918247 0.260299171867501 0.194424687335397 0.368012451671281 0.404102486204069 0.578987137738374 0.622902366457133 0.488407875448081 0.319897465025903 0.505377274924868 0.243316391908212 0.562645089563009 0.405333485697021 0.49706582204072 0.492225921072429 0.860999616968003 0.908354562862151 0.410045888308642 0.292530103404923 0.472234029231887 0.455003482901872 0.43420190010366 0.635734788517153 0.634756276372069 0.170514589428216 0.567533465374653 0.705127744183449 0.611993523753138 0.65981870549866
"5" 0.624953061592628 0.405067074999502 0.569371236691784 0.177271117469283 0 0.594006279782826 0.21492647702578 0.502875260219334 0.234316117546657 0.231457299223014 0.654726624862757 0.293967977433141 0.387121465079043 0.217464676947583 0.0856253860823113 0.149762916270394 0.234422411608893 0.379906140797286 0.421884918978334 0.497531676967216 0.353342604551808 0.35925728313701 0.434809386377803 0.269889988769338 0.385463038634613 0.309823844581082 0.380930875912489 0.468921875425855 0.760831820099091 0.773317385551695 0.346129689500562 0.168100264822659 0.299598044931368 0.402894954213927 0.450389356897267 0.584569903500723 0.61297039040917 0.235904221148213 0.488566998567825 0.580388267886347 0.462674219581289 0.577730039121791
"6" 0.681193046221954 0.217586664092997 0.175660860604859 0.747891780314314 0.594006279782826 0 0.382358151773649 0.263948488305544 0.423946759630149 0.462328549783169 0.281823383602675 0.332248173603876 0.229220341594418 0.546813245538251 0.512513212004502 0.570724740752219 0.382358027463529 0.531115933965866 0.172355213441683 0.195948604371696 0.269400725754406 0.657918672411497 0.406175730429037 0.627692064828664 0.333576382525964 0.391660885217046 0.294885996358749 0.537304923335669 0.357182672660145 0.219382892158029 0.446295458967976 0.457167440655241 0.320357835901702 0.46183777732756 0.631018819334458 0.475948236898006 0.579411917873184 0.676630765429097 0.372863184008571 0.178514424835525 0.137248607753389 0.364370974693452
"7" 0.609407024968976 0.217575843081166 0.358840925025631 0.382430399690676 0.21492647702578 0.382358151773649 0 0.346878232839163 0.106501329423824 0.201585984999374 0.49011071819912 0.143912992066028 0.173251201462808 0.263152812067936 0.130869789482716 0.243916517249263 0.11063790322825 0.365355552586181 0.210190568021378 0.318781844628142 0.177328329693969 0.423181529515147 0.343558373077372 0.351830009494344 0.207092836201633 0.217745789277271 0.231535073083141 0.434168596942196 0.598148013285606 0.57391987096117 0.288993800010343 0.133803367573536 0.0939480875647929 0.34511912966939 0.467353152280228 0.496102375705692 0.558673688886607 0.365300134710292 0.375640986182543 0.397215530394732 0.256905788332344 0.44943008223234
"8" 0.417305127061425 0.144679443915382 0.401212950982888 0.611189797935523 0.502875260219334 0.263948488305544 0.346878232839163 0 0.440746505763432 0.29458430173033 0.152014157474445 0.213452744677348 0.309801347263087 0.366751055011217 0.443826852160201 0.4169092261788 0.270956460428079 0.292467487377688 0.231434105767474 0.0712610063123568 0.170005953311876 0.431553551970041 0.153674999195977 0.427097601472948 0.441248869079196 0.205929832331748 0.122446706478894 0.279121037157053 0.258171225740343 0.318449367743707 0.224024782186026 0.335481104654737 0.35180556339108 0.21697477079201 0.380760130587295 0.217544451252501 0.317866566254161 0.492856028175792 0.109525154556206 0.113216439570827 0.187112223573287 0.120162431660284
"9" 0.714737995767902 0.301773686428367 0.353611409903296 0.411563704957704 0.234316117546657 0.423946759630149 0.106501329423824 0.440746505763432 0 0.301025355546681 0.576605681055112 0.248294585622065 0.194957134489335 0.351159829110071 0.155468342280095 0.316214115487585 0.216675434948788 0.46852910111246 0.262560313515081 0.402862490992621 0.271547065142219 0.513864880366117 0.449555130894 0.435549945182412 0.152214737505719 0.324210395415595 0.331783605779806 0.53986858362206 0.683625552006856 0.6323282832159 0.394761640154359 0.224675506031824 0.104744530985607 0.451375564604518 0.567953908700118 0.601242986390013 0.665164829483509 0.434651353048961 0.47920576859297 0.475345202094222 0.318327596930621 0.549042826176471
"10" 0.420265125117918 0.245340189892238 0.506897295106891 0.316629499284629 0.231457299223014 0.462328549783169 0.201585984999374 0.29458430173033 0.301025355546681 0 0.444386367528632 0.13239855622726 0.326658617560362 0.0846169233051282 0.205773784747185 0.122340887238583 0.102690756914225 0.16990276891318 0.311832453818055 0.311063625381943 0.192996104505351 0.22666471420276 0.203777966630885 0.170467472459205 0.402852671357057 0.088708530674445 0.183861836212983 0.250359220570189 0.54602267369602 0.598080780369154 0.115500995069249 0.0817165830281318 0.282495163670947 0.173817999452572 0.266938894824575 0.353372094155687 0.389335743435717 0.21446497830756 0.260136087270173 0.391641487634741 0.326178284587808 0.351330704916062
"11" 0.463606225161848 0.275029842271883 0.452626429226153 0.760749363185066 0.654726624862757 0.281823383602675 0.49011071819912 0.152014157474445 0.576605681055112 0.444386367528632 0 0.363508265941871 0.418724313270835 0.512404701701506 0.59392313949573 0.566333252942846 0.421941577758856 0.413234828803291 0.335186405404539 0.173785752054004 0.313529509745237 0.554788251958041 0.274141623809039 0.564458432435122 0.550304333664121 0.355776688392191 0.27387340209855 0.372304854220759 0.108098064931829 0.218240731717254 0.361536993181117 0.487482951460599 0.479764653301517 0.338285590945758 0.481885723472485 0.24765030940335 0.350219406305088 0.634443275057806 0.211459166907264 0.114148463217239 0.278644788000265 0.138200036380405
"12" 0.481901800065021 0.118889879814446 0.377855406161469 0.424192149586291 0.293967977433141 0.332248173603876 0.143912992066028 0.213452744677348 0.248294585622065 0.13239855622726 0.363508265941871 0 0.205350367856912 0.216769082865884 0.230512955177689 0.239373030945248 0.0595734147293708 0.253834598221308 0.179892351824592 0.203848428782256 0.0644939152025993 0.34931251128381 0.202478669603572 0.302254191103597 0.305128449645392 0.0903687034414123 0.0918863970373039 0.306804978738942 0.470953122804764 0.485105417894581 0.166247286819056 0.132665289998975 0.187841278916528 0.214947802265224 0.361534877739886 0.352956652761706 0.42066334174285 0.345134027654544 0.231729073476909 0.286870005066844 0.195218375887382 0.307525566231704
"13" 0.673782565308946 0.168620784708011 0.187514580489768 0.555505670503027 0.387121465079043 0.229220341594418 0.173251201462808 0.309801347263087 0.194957134489335 0.326658617560362 0.418724313270835 0.205350367856912 0 0.405414363765055 0.301872727798861 0.404333209068886 0.225134510065188 0.458174518263202 0.0835413920942536 0.251673394521041 0.175943840845697 0.551547149343734 0.381581795226489 0.495034914319505 0.132567475690368 0.294419478156985 0.240974516299548 0.502495613487251 0.520419699822845 0.44133828264839 0.36904178092514 0.286101396496731 0.0932314737947291 0.411311829486118 0.566093822294987 0.511342932300287 0.597323103352496 0.52325222812543 0.385219046244074 0.307644125704706 0.141001047192833 0.429434484149693
"14" 0.407533222888816 0.329585608817062 0.588436716461306 0.253715084918247 0.217464676947583 0.546813245538251 0.263152812067936 0.366751055011217 0.351159829110071 0.0846169233051282 0.512404701701506 0.216769082865884 0.405414363765055 0 0.224535209208432 0.0710769026380607 0.180480083376564 0.164696950834449 0.395588855482941 0.390634003038102 0.277564769656059 0.162778675937543 0.251677149617188 0.0900175277415576 0.469822689361737 0.164271599697246 0.263975359129334 0.255004013763265 0.60980833765642 0.677107484536942 0.156372391707828 0.129442148312107 0.351887833038132 0.20302736768264 0.235159855729686 0.3861290762931 0.40020149540864 0.130659055256162 0.314145304176753 0.469327196107617 0.410786409003656 0.406359938638754
"15" 0.62253879667856 0.332944316853979 0.483752159606303 0.260299171867501 0.0856253860823113 0.512513212004502 0.130869789482716 0.443826852160201 0.155468342280095 0.205773784747185 0.59392313949573 0.230512955177689 0.301872727798861 0.224535209208432 0 0.173017545896911 0.173391767604086 0.371809423262443 0.340159808750299 0.429817739698588 0.28412073837304 0.383454846453478 0.398524569016624 0.298164198340954 0.303571918692919 0.267433904275521 0.321613200885956 0.455699630689238 0.701460337732682 0.698303639452256 0.31932409056418 0.126382036569323 0.213980626050214 0.37842527118481 0.457631710301905 0.552686327328767 0.594955984720772 0.284838369437829 0.44546369990882 0.511642048223994 0.383910331038521 0.530312604983778
"16" 0.476245008489822 0.357852552874699 0.591337930443675 0.194424687335397 0.149762916270394 0.570724740752219 0.243916517249263 0.4169092261788 0.316214115487585 0.122340887238583 0.566333252942846 0.239373030945248 0.404333209068886 0.0710769026380607 0.173017545896911 0 0.189429037511454 0.235742604533205 0.409155532262712 0.4314654080334 0.303661367949617 0.213038131897297 0.315425363617055 0.125632441690292 0.449084583614504 0.210989173652209 0.304646822318651 0.326078669994059 0.666998140018361 0.718164777106983 0.220617935248218 0.118621205446451 0.337391056010447 0.271317075632482 0.30065733976002 0.455028520035993 0.471278046672174 0.121403546032533 0.375948784148546 0.512897823219739 0.433477772321599 0.468138974619373
"17" 0.498830044752952 0.175255008290513 0.40826211404672 0.368012451671281 0.234422411608893 0.382358027463529 0.11063790322825 0.270956460428079 0.216675434948788 0.102690756914225 0.421941577758856 0.0595734147293708 0.225134510065188 0.180480083376564 0.173391767604086 0.189429037511454 0 0.256583668677588 0.219975950990414 0.263382188554055 0.121414157835719 0.329304651347282 0.237636058782144 0.26991819405703 0.3022623886602 0.108197463401306 0.148530930246499 0.323533532186679 0.529008679402551 0.543355536435653 0.178359771272138 0.0754933995353567 0.181514251687616 0.234711336519902 0.360820557877056 0.392068748607112 0.449498345069688 0.302566752910389 0.276943242213561 0.346378244786151 0.24534722766411 0.358519669422839
"18" 0.250932322192463 0.325756619153828 0.61970130436292 0.404102486204069 0.379906140797286 0.531115933965866 0.365355552586181 0.292467487377688 0.46852910111246 0.16990276891318 0.413234828803291 0.253834598221308 0.458174518263202 0.164696950834449 0.371809423262443 0.235742604533205 0.256583668677588 0 0.417886586030746 0.342932799207792 0.289613772020353 0.141620593109119 0.141074506574891 0.167666919156882 0.555702913207829 0.163811090004214 0.240114999062297 0.0904700697206173 0.496002873423329 0.609332309668707 0.0900840029678631 0.251331313502729 0.435556481212001 0.0761011919870785 0.107935258508419 0.234339034369345 0.235716091706957 0.244739279711198 0.201807573071803 0.405598772218958 0.4097118772682 0.285241175539041
"19" 0.615560028688023 0.0997382739709556 0.201899943811661 0.578987137738374 0.421884918978334 0.172355213441683 0.210190568021378 0.231434105767474 0.262560313515081 0.311832453818055 0.335186405404539 0.179892351824592 0.0835413920942536 0.395588855482941 0.340159808750299 0.409155532262712 0.219975950990414 0.417886586030746 0 0.169641720123148 0.128665910618806 0.526894856879848 0.322306726890635 0.482067200485405 0.215545840282693 0.258799992108183 0.183443019408913 0.449752833898074 0.437124471576882 0.370306621887282 0.327881238682548 0.292101391111105 0.158055685142954 0.361488277082336 0.524878980808516 0.440314891196528 0.531554260676204 0.521712964327631 0.316184396509866 0.224345448482244 0.0581959383125036 0.351596299964643
"20" 0.486919443107307 0.101740866296522 0.330216216306649 0.622902366457133 0.497531676967216 0.195948604371696 0.318781844628142 0.0712610063123568 0.402862490992621 0.311063625381943 0.173785752054004 0.203848428782256 0.251673394521041 0.390634003038102 0.429817739698588 0.4314654080334 0.263382188554055 0.342932799207792 0.169641720123148 0 0.145704210042403 0.476979376094648 0.211565624402141 0.460803828327363 0.384238348156016 0.226447657850369 0.127206131912228 0.341843881494998 0.280892985692353 0.287017326002843 0.264318970955226 0.335333972351362 0.306427489255357 0.27029874937552 0.438456429932316 0.288751277169955 0.388951973307215 0.520461431772975 0.177582347308727 0.0830562911505458 0.119576544555062 0.187187818940452
"21" 0.49783930709352 0.0544055870632109 0.33053124615219 0.488407875448081 0.353342604551808 0.269400725754406 0.177328329693969 0.170005953311876 0.271547065142219 0.192996104505351 0.313529509745237 0.0644939152025993 0.175943840845697 0.277564769656059 0.28412073837304 0.303661367949617 0.121414157835719 0.289613772020353 0.128665910618806 0.145704210042403 0 0.399617154477916 0.206129971188538 0.360256745315643 0.294644591870301 0.130503418498167 0.067081389196743 0.327119443722999 0.421626782923195 0.421962244017807 0.199534085962266 0.196276563068326 0.189360335115588 0.236640150798452 0.396988356765984 0.343420765750867 0.423688470142393 0.407230073846309 0.217101736911211 0.22774125025837 0.133321914580878 0.278400139012009
"22" 0.294849869264544 0.444166587762326 0.726983923892699 0.319897465025903 0.35925728313701 0.657918672411497 0.423181529515147 0.431553551970041 0.513864880366117 0.22666471420276 0.554788251958041 0.34931251128381 0.551547149343734 0.162778675937543 0.383454846453478 0.213038131897297 0.329304651347282 0.141620593109119 0.526894856879848 0.476979376094648 0.399617154477916 0 0.282337012014337 0.0895094950715266 0.628152991581881 0.269488198559231 0.363033761464747 0.20319081353299 0.635649876727845 0.749565343709389 0.212986798008348 0.29067705555905 0.508424754407457 0.217354950844739 0.117238649987789 0.360563479168226 0.330315555761552 0.149658964048097 0.343406214833706 0.544116249329797 0.529097268832421 0.425197130878928
"23" 0.293421087694303 0.222835722063169 0.517903355310578 0.505377274924868 0.434809386377803 0.406175730429037 0.343558373077372 0.153674999195977 0.449555130894 0.203777966630885 0.274141623809039 0.202478669603572 0.381581795226489 0.251677149617188 0.398524569016624 0.315425363617055 0.237636058782144 0.141074506574891 0.322306726890635 0.211565624402141 0.206129971188538 0.282337012014337 0 0.292019127134169 0.499258637081658 0.131781333610763 0.140811788436742 0.131779592758276 0.363072672279209 0.468533403320535 0.0953448325238675 0.273286214238731 0.387257354353901 0.0650100505658179 0.227663168787808 0.154876109276029 0.21921419191039 0.364657317186146 0.0642121529379874 0.266714919748482 0.29913653764979 0.155262079915306
"24" 0.373965209773175 0.410192536891838 0.67708594102096 0.243316391908212 0.269889988769338 0.627692064828664 0.351830009494344 0.427097601472948 0.435549945182412 0.170467472459205 0.564458432435122 0.302254191103597 0.495034914319505 0.0900175277415576 0.298164198340954 0.125632441690292 0.26991819405703 0.167666919156882 0.482067200485405 0.460803828327363 0.360256745315643 0.0895094950715266 0.292019127134169 0 0.558844927993958 0.23728934220227 0.337408579289635 0.251588098321755 0.654963071327476 0.743772730657851 0.203768093280485 0.218092833809884 0.44155704516704 0.231662635439142 0.193434632630914 0.401961829805206 0.392053065162317 0.0772810522922335 0.356196332049871 0.535481296098424 0.493370885259958 0.445490089306776
"25" 0.786381833494683 0.297989628008815 0.218082277438179 0.562645089563009 0.385463038634613 0.333576382525964 0.207092836201633 0.441248869079196 0.152214737505719 0.402852671357057 0.550304333664121 0.305128449645392 0.132567475690368 0.469822689361737 0.303571918692919 0.449084583614504 0.3022623886602 0.555702913207829 0.215545840282693 0.384238348156016 0.294644591870301 0.628152991581881 0.499258637081658 0.558844927993958 0 0.394746138981402 0.361699665118441 0.61176775952584 0.650467190459222 0.552690223641438 0.470671032290572 0.340753108469556 0.120755898016821 0.519818463457839 0.661882480803177 0.637069676782209 0.717941568487487 0.570298728164695 0.510485803564462 0.438105795336741 0.271710787215375 0.560246904903276
"26" 0.394455262871186 0.175341514491825 0.460305062754516 0.405333485697021 0.309823844581082 0.391660885217046 0.217745789277271 0.205929832331748 0.324210395415595 0.088708530674445 0.355776688392191 0.0903687034414123 0.294419478156985 0.164271599697246 0.267433904275521 0.210989173652209 0.108197463401306 0.163811090004214 0.258799992108183 0.226447657850369 0.130503418498167 0.269488198559231 0.131781333610763 0.23728934220227 0.394746138981402 0 0.100515839803353 0.218810997648011 0.458037605756661 0.51284632669408 0.0759822910877528 0.143810299546366 0.276040558302998 0.127983527502463 0.271694086188968 0.286626747034398 0.34132404864146 0.294057975064926 0.179342573483467 0.305233466893672 0.26002660065784 0.267923691034137
"27" 0.433939782746289 0.0863477769592344 0.382954838221797 0.49706582204072 0.380930875912489 0.294885996358749 0.231535073083141 0.122446706478894 0.331783605779806 0.183861836212983 0.27387340209855 0.0918863970373039 0.240974516299548 0.263975359129334 0.321613200885956 0.304646822318651 0.148530930246499 0.240114999062297 0.183443019408913 0.127206131912228 0.067081389196743 0.363033761464747 0.140811788436742 0.337408579289635 0.361699665118441 0.100515839803353 0 0.266319657872399 0.380583818041858 0.414222425922551 0.152343101507854 0.21433314377435 0.255245220722893 0.178630116939041 0.344897978232551 0.27661282120698 0.356990556149642 0.394251155176122 0.150616711803929 0.208271409773409 0.169600731051554 0.21793936484752
"28" 0.175666988865042 0.351430223400459 0.647940644608253 0.492225921072429 0.468921875425855 0.537304923335669 0.434168596942196 0.279121037157053 0.53986858362206 0.250359220570189 0.372304854220759 0.306804978738942 0.502495613487251 0.255004013763265 0.455699630689238 0.326078669994059 0.323533532186679 0.0904700697206173 0.449752833898074 0.341843881494998 0.327119443722999 0.20319081353299 0.131779592758276 0.251588098321755 0.61176775952584 0.218810997648011 0.266319657872399 0 0.441346845822507 0.581992539877189 0.145174863044319 0.3317755927781 0.494331093249173 0.0919658285553212 0.109880466040625 0.157479867738762 0.145251530286351 0.328698935593109 0.172060609355555 0.389434541226165 0.43011097548297 0.235470731646741
"29" 0.498724787756782 0.382506723054116 0.532664887326096 0.860999616968003 0.760831820099091 0.357182672660145 0.598148013285606 0.258171225740343 0.683625552006856 0.54602267369602 0.108098064931829 0.470953122804764 0.520419699822845 0.60980833765642 0.701460337732682 0.666998140018361 0.529008679402551 0.496002873423329 0.437124471576882 0.280892985692353 0.421626782923195 0.635649876727845 0.363072672279209 0.654963071327476 0.650467190459222 0.458037605756661 0.380583818041858 0.441346845822507 0 0.220097248905615 0.45544812356981 0.593092081928133 0.585536762013055 0.424197293685225 0.550578311571976 0.295231861191157 0.385093642194061 0.727577185795486 0.298860981904056 0.212786030732157 0.379439517283519 0.210762746063608
"30" 0.681839430133484 0.368732506140197 0.379414990309544 0.908354562862151 0.773317385551695 0.219382892158029 0.57391987096117 0.318449367743707 0.6323282832159 0.598080780369154 0.218240731717254 0.485105417894581 0.44133828264839 0.677107484536942 0.698303639452256 0.718164777106983 0.543355536435653 0.609332309668707 0.370306621887282 0.287017326002843 0.421962244017807 0.749565343709389 0.468533403320535 0.743772730657851 0.552690223641438 0.51284632669408 0.414222425922551 0.581992539877189 0.220097248905615 0 0.541997818727337 0.617764648257272 0.527584517613288 0.533280551801863 0.689759211170599 0.465820459978798 0.568311080654227 0.806282736674554 0.412288862147745 0.208366723180896 0.317615941137858 0.353977784295567
"31" 0.320564310309439 0.236898447716811 0.529741449624236 0.410045888308642 0.346129689500562 0.446295458967976 0.288993800010343 0.224024782186026 0.394761640154359 0.115500995069249 0.361536993181117 0.166247286819056 0.36904178092514 0.156372391707828 0.31932409056418 0.220617935248218 0.178359771272138 0.0900840029678631 0.327881238682548 0.264318970955226 0.199534085962266 0.212986798008348 0.0953448325238675 0.203768093280485 0.470671032290572 0.0759822910877528 0.152343101507854 0.145174863044319 0.45544812356981 0.541997818727337 0 0.193089815655374 0.351665270588685 0.0592122007469086 0.1977150877771 0.238501152877218 0.27653492270486 0.272985181912804 0.158008698101664 0.334403155228452 0.321414386329002 0.250086946167669
"32" 0.501929881738846 0.250422882068424 0.472834735330376 0.292530103404923 0.168100264822659 0.457167440655241 0.133803367573536 0.335481104654737 0.224675506031824 0.0817165830281318 0.487482951460599 0.132665289998975 0.286101396496731 0.129442148312107 0.126382036569323 0.118621205446451 0.0754933995353567 0.251331313502729 0.292101391111105 0.335333972351362 0.196276563068326 0.29067705555905 0.273286214238731 0.218092833809884 0.340753108469556 0.143810299546366 0.21433314377435 0.3317755927781 0.593092081928133 0.617764648257272 0.193089815655374 0 0.224125974100201 0.252261907747326 0.345372992137738 0.426823910474361 0.469206268890669 0.237346334119296 0.323132803094569 0.41835350977118 0.320418161848189 0.410807154814132
"33" 0.669651676374027 0.208145007578178 0.269773228162636 0.472234029231887 0.299598044931368 0.320357835901702 0.0939480875647929 0.35180556339108 0.104744530985607 0.282495163670947 0.479764653301517 0.187841278916528 0.0932314737947291 0.351887833038132 0.213980626050214 0.337391056010447 0.181514251687616 0.435556481212001 0.158055685142954 0.306427489255357 0.189360335115588 0.508424754407457 0.387257354353901 0.44155704516704 0.120755898016821 0.276040558302998 0.255245220722893 0.494331093249173 0.585536762013055 0.527584517613288 0.351665270588685 0.224125974100201 0 0.402631039861418 0.541366202010453 0.531603461202744 0.606445798548103 0.458659502383981 0.405861696812433 0.374888508888327 0.214525404268972 0.466082283406932
"34" 0.267026836488361 0.264844222323097 0.561584339518024 0.455003482901872 0.402894954213927 0.46183777732756 0.34511912966939 0.21697477079201 0.451375564604518 0.173817999452572 0.338285590945758 0.214947802265224 0.411311829486118 0.20302736768264 0.37842527118481 0.271317075632482 0.234711336519902 0.0761011919870785 0.361488277082336 0.27029874937552 0.236640150798452 0.217354950844739 0.0650100505658179 0.231662635439142 0.519818463457839 0.127983527502463 0.178630116939041 0.0919658285553212 0.424197293685225 0.533280551801863 0.0592122007469086 0.252261907747326 0.402631039861418 0 0.169223120451761 0.183775603224649 0.217394735003799 0.306375958192303 0.126977364980454 0.330189088398403 0.34634785439608 0.214012382703823
"35" 0.180559477749189 0.431124890610024 0.726463478106061 0.43420190010366 0.450389356897267 0.631018819334458 0.467353152280228 0.380760130587295 0.567953908700118 0.266938894824575 0.481885723472485 0.361534877739886 0.566093822294987 0.235159855729686 0.457631710301905 0.30065733976002 0.360820557877056 0.107935258508419 0.524878980808516 0.438456429932316 0.396988356765984 0.117238649987789 0.227663168787808 0.193434632630914 0.661882480803177 0.271694086188968 0.344897978232551 0.109880466040625 0.550578311571976 0.689759211170599 0.1977150877771 0.345372992137738 0.541366202010453 0.169223120451761 0 0.261389589742205 0.215840352809853 0.263822567052789 0.277767641272702 0.49311426969252 0.514123887412893 0.345338269769442
"36" 0.216492388890768 0.34329695441612 0.618679645956247 0.635734788517153 0.584569903500723 0.475948236898006 0.496102375705692 0.217544451252501 0.601242986390013 0.353372094155687 0.24765030940335 0.352956652761706 0.511342932300287 0.3861290762931 0.552686327328767 0.455028520035993 0.392068748607112 0.234339034369345 0.440314891196528 0.288751277169955 0.343420765750867 0.360563479168226 0.154876109276029 0.401961829805206 0.637069676782209 0.286626747034398 0.27661282120698 0.157479867738762 0.295231861191157 0.465820459978798 0.238501152877218 0.426823910474361 0.531603461202744 0.183775603224649 0.261389589742205 0 0.105370210297871 0.479078067439724 0.1265838815664 0.303421093702067 0.402393111511172 0.115907353891231
"37" 0.114363539593105 0.432394881071872 0.716927569621495 0.634756276372069 0.61297039040917 0.579411917873184 0.558673688886607 0.317866566254161 0.665164829483509 0.389335743435717 0.350219406305088 0.42066334174285 0.597323103352496 0.40020149540864 0.594955984720772 0.471278046672174 0.449498345069688 0.235716091706957 0.531554260676204 0.388951973307215 0.423688470142393 0.330315555761552 0.21921419191039 0.392053065162317 0.717941568487487 0.34132404864146 0.356990556149642 0.145251530286351 0.385093642194061 0.568311080654227 0.27653492270486 0.469206268890669 0.606445798548103 0.217394735003799 0.215840352809853 0.105370210297871 0 0.468125162892845 0.21607415769966 0.408476489424964 0.498393845048585 0.221255034533203
"38" 0.443655208205192 0.459805136592425 0.709368962497501 0.170514589428216 0.235904221148213 0.676630765429097 0.365300134710292 0.492856028175792 0.434651353048961 0.21446497830756 0.634443275057806 0.345134027654544 0.52325222812543 0.130659055256162 0.284838369437829 0.121403546032533 0.302566752910389 0.244739279711198 0.521712964327631 0.520461431772975 0.407230073846309 0.149658964048097 0.364657317186146 0.0772810522922335 0.570298728164695 0.294057975064926 0.394251155176122 0.328698935593109 0.727577185795486 0.806282736674554 0.272985181912804 0.237346334119296 0.458659502383981 0.306375958192303 0.263822567052789 0.479078067439724 0.468125162892845 0 0.428815587341141 0.59809680965065 0.540098570102287 0.519293844550215
"39" 0.309509711620204 0.21786097472902 0.501555998892354 0.567533465374653 0.488566998567825 0.372863184008571 0.375640986182543 0.109525154556206 0.47920576859297 0.260136087270173 0.211459166907264 0.231729073476909 0.385219046244074 0.314145304176753 0.44546369990882 0.375948784148546 0.276943242213561 0.201807573071803 0.316184396509866 0.177582347308727 0.217101736911211 0.343406214833706 0.0642121529379874 0.356196332049871 0.510485803564462 0.179342573483467 0.150616711803929 0.172060609355555 0.298860981904056 0.412288862147745 0.158008698101664 0.323132803094569 0.405861696812433 0.126977364980454 0.277767641272702 0.1265838815664 0.21607415769966 0.428815587341141 0 0.217496421481064 0.28249939826624 0.0922978129988387
"40" 0.515350645016745 0.179972889916965 0.342415447655802 0.705127744183449 0.580388267886347 0.178514424835525 0.397215530394732 0.113216439570827 0.475345202094222 0.391641487634741 0.114148463217239 0.286870005066844 0.307644125704706 0.469327196107617 0.511642048223994 0.512897823219739 0.346378244786151 0.405598772218958 0.224345448482244 0.0830562911505458 0.22774125025837 0.544116249329797 0.266714919748482 0.535481296098424 0.438105795336741 0.305233466893672 0.208271409773409 0.389434541226165 0.212786030732157 0.208366723180896 0.334403155228452 0.41835350977118 0.374888508888327 0.330189088398403 0.49311426969252 0.303421093702067 0.408476489424964 0.59809680965065 0.217496421481064 0 0.166694928742714 0.188820271293961
"41" 0.589012825390931 0.0849656535292492 0.219634188234515 0.611993523753138 0.462674219581289 0.137248607753389 0.256905788332344 0.187112223573287 0.318327596930621 0.326178284587808 0.278644788000265 0.195218375887382 0.141001047192833 0.410786409003656 0.383910331038521 0.433477772321599 0.24534722766411 0.4097118772682 0.0581959383125036 0.119576544555062 0.133321914580878 0.529097268832421 0.29913653764979 0.493370885259958 0.271710787215375 0.26002660065784 0.169600731051554 0.43011097548297 0.379439517283519 0.317615941137858 0.321414386329002 0.320418161848189 0.214525404268972 0.34634785439608 0.514123887412893 0.402393111511172 0.498393845048585 0.540098570102287 0.28249939826624 0.166694928742714 0 0.306102890248298
"42" 0.331543465335169 0.262414233093737 0.515477140375885 0.65981870549866 0.577730039121791 0.364370974693452 0.44943008223234 0.120162431660284 0.549042826176471 0.351330704916062 0.138200036380405 0.307525566231704 0.429434484149693 0.406359938638754 0.530312604983778 0.468138974619373 0.358519669422839 0.285241175539041 0.351596299964643 0.187187818940452 0.278400139012009 0.425197130878928 0.155262079915306 0.445490089306776 0.560246904903276 0.267923691034137 0.21793936484752 0.235470731646741 0.210762746063608 0.353977784295567 0.250086946167669 0.410807154814132 0.466082283406932 0.214012382703823 0.345338269769442 0.115907353891231 0.221255034533203 0.519293844550215 0.0922978129988387 0.188820271293961 0.306102890248298 0
