"V1" "V2" "V3" "V4" "V5" "V6" "V7" "V8" "V9" "V10" "V11" "V12" "V13" "V14" "V15" "V16" "V17" "V18" "V19" "V20" "V21" "V22" "V23" "V24" "V25" "V26" "V27" "V28" "V29" "V30" "V31" "V32" "V33" "V34" "V35" "V36" "V37" "V38" "V39" "V40" "V41" "V42" "V43" "V44" "V45" "V46" "V47" "V48" "V49" "V50" "V51" "V52" "V53" "V54" "V55" "V56" "V57" "V58" "V59" "V60" "V61" "V62" "V63" "V64" "V65" "V66" "V67" "V68" "V69" "V70" "V71" "V72" "V73" "V74" "V75" "V76" "V77" "V78" "V79" "V80" "V81" "V82" "V83" "V84"
"1" 0 0.147022259634344 0.103678597409992 0.181337138240752 0.17070498905102 0.0164889330569532 0.0765733815594214 0.161838500823781 0.0764084003520616 0.110879710400136 0.089555155482765 0.125187118567216 0.0190259132423597 0.0530099869645303 0.130635874369791 0.0813175773789159 0.165541097344087 0.0295210611347606 0.0714981007470222 0.125647995576144 0.100605243190685 0.109422547920146 0.158376457737172 0.129524132940599 0.0325198642200124 0.101653141319696 0.118154441764503 0.104632909531236 0.148503144618341 0.107893582053562 0.0769755501307411 0.0621420218054036 0.0912509513818843 0.057944766723439 0.0793559154246661 0.0300347936898701 0.0566939773248119 0.102822612926804 0.124728242125112 0.11295977675128 0.0610289029744071 0.0953085168172493 0.0534669972811573 0.132909419731936 0.127965372644902 0.07453077762979 0.0802366802701343 0.122224703337904 0.04960292700738 0.147449059207321 0.0840959953556809 0.126339959268438 0.141237977490941 0.040336013082432 0.061886016890925 0.140235884035149 0.0927785548361035 0.139942039661388 0.0672538405135749 0.100963517056328 0.0891755209928118 0.0716055121669864 0.0965061807287597 0.165892961163399 0.0971978136283601 0.108086443090166 0.0540506624755867 0.104284061986821 0.0244539403271336 0.19756022841957 0.121286892594116 0.0185164683591439 0.0819181381679207 0.125595670084244 0.0476545923196297 0.050748558027653 0.0394855146822544 0.126989521363465 0.0486232398924861 0.135691574771565 0.0742472814550683 0.0817247989343614 0.0737750432619491 0.0627595277826226
"2" 0.147022259634344 0 0.245048185912995 0.0660216624521103 0.10021815727896 0.147434739269676 0.142816221327993 0.287963466369606 0.207321955196355 0.159738300807714 0.235867925870701 0.0327914388363687 0.133672803838623 0.115581000155947 0.2084646329383 0.194248339161971 0.0878959727129321 0.172559382621976 0.194928170054695 0.271679316250071 0.054090446047195 0.244241627953714 0.122550506395079 0.180744935126948 0.158626613419073 0.24664687438414 0.139849591197008 0.212497463505337 0.179685860264205 0.180223768210412 0.0702846812681984 0.167399075733085 0.122010182116197 0.104702377677673 0.103843900583265 0.173303904407571 0.194158848450283 0.193372840787474 0.252751842801999 0.0935822701148324 0.0878177464640887 0.0783642567595065 0.190004092585507 0.233131675250153 0.273516815255686 0.221411474577509 0.209542749484459 0.220837497565803 0.103123850085888 0.0372067850616488 0.0726020633640392 0.0771056427310277 0.25570723278339 0.10865234097367 0.156355819469093 0.277876901572026 0.0754418251906074 0.143160811835709 0.12844370725032 0.222135829252548 0.16337419491239 0.0779487683159656 0.21627315280209 0.239244911320101 0.233066598833866 0.113222689467928 0.200935759612498 0.0921008814867208 0.146111729404512 0.165867486792878 0.0590220902927642 0.165317856700111 0.184948789978841 0.13049419333726 0.125045449957096 0.16446372137619 0.173180163711029 0.0585361788586916 0.135608055282296 0.276200812797856 0.147850716306971 0.222251544007339 0.216679935318462 0.130436378279404
"3" 0.103678597409992 0.245048185912995 0 0.265296709566515 0.239351166976509 0.0984187072609792 0.121803234712458 0.0704903214529168 0.106952639013159 0.194223699471555 0.0297348848907143 0.218306461195365 0.11234482214006 0.15455704268594 0.116189271829573 0.133249350211668 0.268715023344127 0.0913483550170725 0.0583357506811706 0.0712790983385498 0.193231745060932 0.0214510904189944 0.214565657173432 0.141670478444242 0.113751461765691 0.0696754237595106 0.160817267296119 0.0730988696417771 0.166254531089134 0.116277308477993 0.175454736210611 0.135369213454567 0.148855635789679 0.142180391427238 0.180818391841989 0.0739502108544409 0.0509238118531635 0.163659703165272 0.128934204836663 0.214843815442181 0.157386013412063 0.198863564347571 0.0963712067935174 0.0900805713742735 0.0354505180162008 0.0529113300153466 0.0432935456220943 0.166878508904025 0.153262789110325 0.250155749878039 0.187518721371116 0.203011990740974 0.0734542572520019 0.137013622272242 0.0992585400334517 0.0378253343997708 0.177600295737736 0.181904038241222 0.162927439744462 0.0513711778065835 0.113341664291816 0.174068289936283 0.129878845432735 0.137387103994539 0.101042446306492 0.168427790825287 0.0626029055558273 0.177100708201514 0.118360827352857 0.238547662495377 0.224937428413219 0.0889656236947087 0.082437113601017 0.220593593197712 0.122304079762069 0.0846723585221038 0.0718846320142271 0.21095462624879 0.143455958479724 0.104209581492306 0.160912258289028 0.0227985548538946 0.0775236008161934 0.123797767687024
"4" 0.181337138240752 0.0660216624521103 0.265296709566515 0 0.0498354218984153 0.175917140314444 0.146842796965621 0.293810024451031 0.252082877471521 0.220598753394171 0.263245893480061 0.0614938920904507 0.163969886989594 0.165724506994193 0.19872893748806 0.244390343259805 0.152348017238436 0.210207365289402 0.208847888977 0.305835242294771 0.0822970719008509 0.259172972622158 0.0830593892114304 0.164985080512131 0.201748314860486 0.282742906748635 0.123804890266105 0.215996038632906 0.155061409978 0.174109897013217 0.109908685085377 0.217463367883702 0.120114545938665 0.126183256284311 0.161131351639137 0.201388501775488 0.215810093023048 0.248980386420992 0.299944688663347 0.157491794920672 0.121461711309934 0.138383193705805 0.231663850366565 0.229986569501939 0.297844004986474 0.253925509637582 0.224448811927094 0.275995321054831 0.14876273389536 0.102494580371857 0.127007721488907 0.0631065319790157 0.257263865149678 0.1411635821195 0.167122885973912 0.292809418361358 0.0896107860280597 0.116319914586634 0.182950081273195 0.230999816191046 0.1629763332403 0.125419463930815 0.265430306514735 0.222741757610826 0.276180521848544 0.103026598731788 0.23394229020687 0.088926612947052 0.188344654044675 0.116017995999251 0.123842457721619 0.199572392684495 0.19133880368525 0.194865358986963 0.14433392988285 0.180627038122284 0.195969611473215 0.0550584134794172 0.185165295692424 0.316759462629211 0.202920604198119 0.24333133258249 0.255007441770302 0.141602385878704
"5" 0.17070498905102 0.10021815727896 0.239351166976509 0.0498354218984153 0 0.161180387899125 0.117550601942703 0.258048801337861 0.2462313800076 0.234364400176711 0.242485030329954 0.0788676081236379 0.151835741881709 0.170245522673593 0.15753719101292 0.244140524625037 0.187510439541791 0.200193478289112 0.181138835907492 0.288937744700632 0.0870144003816358 0.229887540319348 0.0347418985201578 0.122287714502825 0.197008591999872 0.268133199978886 0.0841287783048972 0.181330413787245 0.108827918753675 0.13605248927189 0.11378390738636 0.218375204850308 0.0905788354470056 0.112776791008316 0.173400334488681 0.184314920798616 0.193066248475516 0.254640504283192 0.294822964523541 0.179258638547228 0.118248674629718 0.155776014034154 0.223909570045998 0.191068648848215 0.27372828712745 0.237485792898325 0.196577790601405 0.28024581359939 0.150957169134433 0.136878194812261 0.13984475578655 0.0456345327146572 0.220042862357713 0.133654075383146 0.140320234255192 0.262505492871731 0.0808701545981147 0.071235673619635 0.190553999863833 0.198940754350002 0.12915998609201 0.132433377906399 0.263369933437811 0.177824585002637 0.267902158344898 0.0709257466597792 0.218804288104342 0.0667115129192244 0.183770899948251 0.0675338746199905 0.149545537112332 0.187471206174238 0.159761410539986 0.216021268450957 0.126290639214831 0.15639493630534 0.175315702760969 0.0543258438811342 0.187555635176256 0.304970437849915 0.209953929868636 0.218818723091019 0.243297608637817 0.118007343342415
"6" 0.0164889330569532 0.147434739269676 0.0984187072609792 0.175917140314444 0.161180387899125 0 0.0609494401092549 0.151609839123264 0.0893551374082716 0.126762039313524 0.0889549348330241 0.122786884449611 0.0139281068690413 0.0653753536732835 0.114374968786518 0.0968351685294445 0.174416537459143 0.0411953023543593 0.0585964920426486 0.129965833425811 0.0976768790396112 0.101100249495353 0.146350268640171 0.113170575507425 0.0487139478243074 0.107551005270362 0.103540562375032 0.0900938286296981 0.132513052725902 0.0914050690083231 0.0773349896206906 0.0785539797869991 0.0778238759300223 0.0499383443671264 0.0910267160487842 0.0260841546411551 0.0484025863133155 0.119168460741797 0.136891443165054 0.123744200812897 0.0596538103387898 0.103844268859929 0.0660097204085837 0.118097765939775 0.126120533405128 0.0780286582992186 0.06932825468687 0.137993519992101 0.0576221529211536 0.151938568649464 0.090295308973058 0.118067033416372 0.128411556908476 0.0388203357563426 0.0454034791999963 0.133400213588291 0.0863511050021794 0.125687199189676 0.0818349595701159 0.0885500733135094 0.0727494905516419 0.0760166679149367 0.110812510382995 0.149760955425762 0.107992532643593 0.095701424998088 0.0582816357079912 0.094472747979389 0.040829754903313 0.183950455629415 0.12816612275122 0.0270757690021665 0.0662149978504887 0.139388504838664 0.0352769574765041 0.0348629140172237 0.028304169013722 0.120947806104239 0.0639670459270549 0.143794078394652 0.0902287316622026 0.0757317584035802 0.0821830104491447 0.0484471270367111
"7" 0.0765733815594214 0.142816221327993 0.121803234712458 0.146842796965621 0.117550601942703 0.0609494401092549 0 0.148087927062002 0.149242567619174 0.179884044233699 0.126776381366118 0.111059826634676 0.0606244922157285 0.110848509635593 0.0697722881943716 0.157735538189068 0.198100787744255 0.101288013625612 0.0636183220323077 0.175286262068987 0.0891458628466697 0.113052677987059 0.0942391530226643 0.05555952581047 0.109056649279846 0.157253050100254 0.044246728651632 0.0706810984896104 0.0721797517542799 0.0411980408791388 0.0864776093463671 0.138158592924388 0.027264641088918 0.0461756703783077 0.131103910476045 0.0755299685172035 0.0771111706919357 0.178922203626234 0.195504117724119 0.157729987271259 0.0709896299191004 0.132660338341729 0.125931367901145 0.0903887309146214 0.156331337104544 0.125767594607661 0.0791262573034409 0.198781191480982 0.0944524080339844 0.161558972681314 0.114138295783868 0.0837366673666966 0.113561056499241 0.0637495615385075 0.0233840894181003 0.146344320809783 0.0674673338430013 0.0668896561684617 0.13169457332888 0.0841805257740136 0.0214247334410177 0.0979538830940512 0.171497621729608 0.104546544030981 0.165329462303065 0.0466370220167796 0.109698148156948 0.0580888963833666 0.0992416703465223 0.125996239123115 0.148548376172312 0.0867520041092462 0.0445977272035262 0.183124426779074 0.0343970371245883 0.0408175137361135 0.0623917574578571 0.0953358748522667 0.117548495003311 0.196081100835961 0.144870911072226 0.101561595918762 0.137273351479182 0.0177589665542355
"8" 0.161838500823781 0.287963466369606 0.0704903214529168 0.293810024451031 0.258048801337861 0.151609839123264 0.148087927062002 0 0.177423686647041 0.262123778530094 0.099913641830241 0.25761702535205 0.164532687738102 0.214815726315541 0.105176934206703 0.203430851352031 0.326012564832158 0.156981404093806 0.0946816862858553 0.130689787847355 0.23394512107388 0.0545778539988598 0.227265533325821 0.140157820398256 0.179126117536393 0.137006828760651 0.173953293936658 0.0778262226582798 0.161775283500549 0.122069650455973 0.222625344115712 0.203539383359449 0.173920176585119 0.183648231296093 0.241193565554295 0.132452705809788 0.105261683859616 0.233799578769546 0.196782076756972 0.274712259588583 0.204303805459631 0.255448374133568 0.165732295894519 0.0694784772859478 0.0830700923925054 0.123397047526837 0.0822875630010342 0.237316391998694 0.209229565650357 0.300166637190624 0.241221016388518 0.231030492501145 0.0389473092836597 0.186482403560645 0.131658571392977 0.0405308051786596 0.214149334032571 0.190196310567895 0.226656486876973 0.0659163183891002 0.130836040840264 0.226045627864252 0.200308498936387 0.106749607673482 0.170554652211133 0.190925865528776 0.13126633912584 0.205903822007929 0.181094875531623 0.238090653031966 0.279119353261429 0.151101996153283 0.103791504988894 0.285296984341745 0.163553132310431 0.124761317256138 0.123415390917277 0.243421015430088 0.207057479989712 0.165894543783016 0.227428122320504 0.0847839262337652 0.148008028984055 0.157844202816267
"9" 0.0764084003520616 0.207321955196355 0.106952639013159 0.252082877471521 0.2462313800076 0.0893551374082716 0.149242567619174 0.177423686647041 0 0.0965121381265674 0.0780573594464102 0.192355024747404 0.0954051998898789 0.0921985520631738 0.188424937630463 0.028213309294866 0.19594585965383 0.0481782516628857 0.116482865400287 0.0786498167861616 0.169791567180333 0.124635802132875 0.234779090315907 0.19700990164748 0.0503381402245479 0.053939410891365 0.192696274656732 0.151020149852817 0.218663346684573 0.172250721701591 0.142630052660531 0.0446036970013605 0.167077311479713 0.133679175144286 0.111072668097883 0.0760381758469449 0.09171124821967 0.0579206105050658 0.0485933397888824 0.140923193518058 0.130981905566501 0.136646517432417 0.0233654133678711 0.17785812936212 0.10907875830496 0.0540497091120357 0.114644969777563 0.0607823329034527 0.104881395111084 0.196402874123077 0.135415212262061 0.201194274068193 0.173223697258747 0.11292958199581 0.12981205708331 0.142105462834897 0.166555052007304 0.214977858322298 0.0856689102506923 0.136860859472117 0.156885360712357 0.129912753731082 0.0248631716666885 0.220261994556448 0.0263141931499038 0.184406241789452 0.0507329560612705 0.18028311643093 0.063763634209535 0.273297547949201 0.164694019000923 0.0625915839374276 0.138600835244851 0.131734210753293 0.123801333683914 0.113526709244611 0.092080834101297 0.199550973174768 0.072580712722701 0.070515344627054 0.0727027134373974 0.0962097976537053 0.0297516209483281 0.137800801116691
"10" 0.110879710400136 0.159738300807714 0.194223699471555 0.220598753394171 0.234364400176711 0.126762039313524 0.179884044233699 0.262123778530094 0.0965121381265674 0 0.168565232688219 0.160477670787541 0.120934576835527 0.0704008808919519 0.240963500853534 0.0690127033520982 0.113573833628026 0.10557751995579 0.180355654498166 0.174831984148554 0.14735130592486 0.207545939244029 0.236857677458298 0.235370922196436 0.0843025726316356 0.150451511332417 0.213569522023494 0.214812971075973 0.250718266016999 0.216558790572587 0.121355535921327 0.0588544959113463 0.184073876145589 0.141412625309864 0.060981780149361 0.134293087194162 0.16040698684431 0.0466157224173921 0.121335415424513 0.0683615109498091 0.122653322114465 0.0822847514656647 0.0984832542504545 0.243234504311375 0.203632324914933 0.144515218105893 0.185857752234358 0.0705191033405646 0.0895463942651806 0.134039075921917 0.0950240477494177 0.190555094830147 0.248311524930835 0.1182770693016 0.170797034731301 0.231684046364624 0.157596385389562 0.231890765068828 0.0486073630271211 0.208207295574599 0.196676564442095 0.102351193187786 0.0867665559187371 0.276482193381007 0.118959468608651 0.19419855196129 0.13163161683986 0.180027537153102 0.0867313047939914 0.282248299572419 0.102454579737823 0.114158631697252 0.192793378099872 0.0407681433834044 0.145662525097248 0.161548491164766 0.14841236613205 0.180243292338692 0.063114102921951 0.160038991656202 0.0366635820667663 0.177340359620304 0.123660869372053 0.162776944829818
"11" 0.089555155482765 0.235867925870701 0.0297348848907143 0.263245893480061 0.242485030329954 0.0889549348330241 0.126776381366118 0.099913641830241 0.0780573594464102 0.168565232688219 0 0.211727279749269 0.102398330642131 0.136193992861863 0.136091973761247 0.105084059007236 0.250506960098778 0.0704583096253086 0.0680847160822514 0.0502289710282515 0.186594917547352 0.0499101806948547 0.221015526151562 0.156813981438735 0.0920603636006716 0.041555624389329 0.169194202702924 0.093146743574094 0.181200988726498 0.130595384159662 0.16558328681802 0.11001852530641 0.152477346055489 0.13734612566201 0.16172102338812 0.0628708679514041 0.0496906429787375 0.135454153025994 0.099744253692672 0.195535452480043 0.148392530320454 0.182155285812837 0.0700833948373593 0.11458194146695 0.0387484212809781 0.0243692989807552 0.0568401103951732 0.13743330136169 0.138247905237284 0.236760009361881 0.173043816315833 0.202773936393084 0.101717281320401 0.127361222777596 0.103392723626785 0.0641635656765118 0.173852214893497 0.191336778861988 0.141469823012888 0.0731283657554004 0.123196421161914 0.161139486314954 0.100426279466046 0.161270174857772 0.0713492130866947 0.172231182265547 0.0393078511673241 0.177440252347231 0.0991454012278006 0.249706055613644 0.209351511660944 0.0722411811963869 0.0945075337086169 0.197544786297468 0.118975622424683 0.0863613623645893 0.0675965661819443 0.208222093775065 0.122560244720646 0.078994581001936 0.136943826016824 0.0299229208115797 0.0483622758944352 0.12453981332295
"12" 0.125187118567216 0.0327914388363687 0.218306461195365 0.0614938920904507 0.0788676081236379 0.122786884449611 0.111059826634676 0.25761702535205 0.192355024747404 0.160477670787541 0.211727279749269 0 0.109596003835702 0.104358144606894 0.175811768297118 0.183305164928962 0.111479118267092 0.152872996830586 0.165859904777202 0.250832294150508 0.0251716027362854 0.215855559836983 0.0948614967391525 0.147973834367769 0.1422194115652 0.226663238876906 0.107239788736616 0.181312599320797 0.147460217742218 0.147691644231126 0.049776831951658 0.156308912962092 0.0893917860790371 0.0762293712377157 0.100219779882095 0.148866037997513 0.167463396195931 0.187506481244694 0.23967947983411 0.101025994974237 0.064161742405073 0.0790516327728769 0.172882078653891 0.201111252974013 0.24840363933359 0.199460895172643 0.180882426548479 0.214501785285975 0.0879719143409293 0.062587380046858 0.0659114550859242 0.0464575753611355 0.224438221455937 0.0850780619489609 0.126043431196532 0.249688786317948 0.0436540498153667 0.111690730119707 0.121489671262653 0.192068321010569 0.131258663669664 0.0640569030558274 0.204591525135178 0.206453596007157 0.217118808311354 0.0805225218859504 0.179059318520657 0.0593267804380127 0.128984239021748 0.140182523244993 0.0706975811969957 0.143701377973878 0.154063614708716 0.138211589732654 0.0964369564982317 0.135650115164942 0.146641107567141 0.0283324934630947 0.1239587104474 0.258848027407103 0.141461589334858 0.195621246556563 0.197737979674497 0.0997746345786544
"13" 0.0190259132423597 0.133672803838623 0.11234482214006 0.163969886989594 0.151835741881709 0.0139281068690413 0.0606244922157285 0.164532687738102 0.0954051998898789 0.120934576835527 0.102398330642131 0.109596003835702 0 0.0555350100113412 0.120559255251659 0.0990188381222023 0.161567889314919 0.0483760543304284 0.0706153446177559 0.141993870280228 0.0845905781361838 0.114700374366935 0.139414255222939 0.115272863328395 0.0496681558221716 0.118809962836557 0.100461554267506 0.100207863182153 0.132782430255127 0.0956243158327903 0.0634907646247546 0.0778110594441093 0.0728508930146425 0.0391970293859914 0.0801417294944364 0.0396403580711932 0.0621977526637048 0.118510354723558 0.143753473631818 0.111998054039886 0.0460001522750589 0.0910884306235805 0.0724925149427043 0.127642722718737 0.139844018259605 0.0902186347497013 0.0822955058767347 0.139392047109274 0.0451894690854445 0.138087386670925 0.0768514876100665 0.107732870896989 0.139953708550035 0.0250213246940883 0.0500133430681416 0.147198217356657 0.0747662860767962 0.121880718852196 0.0740608582762662 0.100591115200158 0.0758419195384405 0.0622770373196282 0.115103691998335 0.15629555726504 0.116098251817967 0.0892397944283483 0.0700359743740336 0.0853225920837692 0.03878979450646 0.179031775049886 0.114768056235329 0.0359651115661249 0.0747001784152565 0.130025716232735 0.0292250890563301 0.0438496076603343 0.0417569192953271 0.109241407039822 0.0578832805828495 0.153892238829605 0.0850557115263676 0.0896483910434739 0.0919538627199622 0.0453029009739392
"14" 0.0530099869645303 0.115581000155947 0.15455704268594 0.165724506994193 0.170245522673593 0.0653753536732835 0.110848509635593 0.214815726315541 0.0921985520631738 0.0704008808919519 0.136193992861863 0.104358144606894 0.0555350100113412 0 0.175431658497949 0.0792749207167101 0.114451816927624 0.0659618048492188 0.123747080777229 0.16223427733077 0.085206392153685 0.162004631065411 0.168672708433878 0.166379540504368 0.0464818124069434 0.136332472029239 0.143171817868733 0.155271635863177 0.180703934797213 0.149350481103146 0.0571124286632375 0.0522383572341903 0.113675109069146 0.071014274315311 0.0264427397792431 0.0825443996790426 0.109587168678444 0.0845734417567592 0.137198381657342 0.0603649417825813 0.0536171392506157 0.0466793577289642 0.0771902302358222 0.182998697898101 0.174867582798138 0.116354029538763 0.133202586422568 0.110875951973141 0.019796351008289 0.105106471185179 0.0432470171834113 0.124983488241482 0.193634227268026 0.0480283284855152 0.104871128016931 0.191861117415391 0.0903793875531897 0.161626739582553 0.0219322800207474 0.153542116752913 0.129010664606967 0.0403100546319289 0.101005937117284 0.21123067889165 0.118292201884832 0.124184258468643 0.0972113392664161 0.111279473111282 0.0370692575631832 0.213246251501753 0.0747214757549896 0.0655914450925798 0.130218907091832 0.0744907643229027 0.0764526395095896 0.0991755585040529 0.092198823906389 0.117857874559503 0.0200486813437822 0.1621000318528 0.039930782787833 0.133455086309785 0.105580943875739 0.0933607689646776
"15" 0.130635874369791 0.2084646329383 0.116189271829573 0.19872893748806 0.15753719101292 0.114374968786518 0.0697722881943716 0.105176934206703 0.188424937630463 0.240963500853534 0.136091973761247 0.175811768297118 0.120559255251659 0.175431658497949 0 0.20487170480471 0.267869704996901 0.145900564387493 0.0726988290090565 0.185409612338605 0.156376594000136 0.097611409877178 0.124719042183984 0.0357417631412563 0.161208423553684 0.176020171640078 0.0749324860478107 0.0432766846893685 0.0566443131268149 0.0288108938652304 0.156218838346218 0.191308805000779 0.0864562373113634 0.115857204177626 0.198054131414198 0.11423487408879 0.0975411426237805 0.230914158894976 0.227661512189928 0.226485370354258 0.140629715916443 0.201906340488422 0.167240567625631 0.0356985583473455 0.150133795672528 0.147196688877916 0.0796740717384599 0.245875888421583 0.161255922647991 0.230273145627439 0.183658078678359 0.139093387089369 0.0662544690618787 0.131100589267555 0.0706149459922589 0.122183377382772 0.133647437759134 0.0870894276849343 0.194619835470194 0.0648182476238827 0.0485502922162198 0.167407120842313 0.213034696056643 0.0358003007776899 0.196442030389034 0.0978905652184871 0.139296785362034 0.117366355771789 0.155089642666575 0.132995779733933 0.218315715606349 0.132661090391179 0.0503222949700075 0.249507181471352 0.101302825858044 0.0800789306980008 0.0979047285812517 0.154927736472515 0.177902736771434 0.214829574419789 0.20454775626825 0.106187755759643 0.167156485477574 0.0867486633724218
"16" 0.0813175773789159 0.194248339161971 0.133249350211668 0.244390343259805 0.244140524625037 0.0968351685294445 0.157735538189068 0.203430851352031 0.028213309294866 0.0690127033520982 0.105084059007236 0.183305164928962 0.0990188381222023 0.0792749207167101 0.20487170480471 0 0.173246998366821 0.0590718751664503 0.135109285387508 0.105846573186362 0.162708341754667 0.14976431364747 0.236609951187485 0.209182651257218 0.0493663645243084 0.0818237783857448 0.199352667439112 0.170410313868914 0.229268030392485 0.185797943429324 0.134648986969486 0.0270413404219257 0.171817607676625 0.13405688870584 0.0929190889404417 0.0906380770898887 0.111250514323276 0.0304148211611802 0.0595146814441383 0.119475878789526 0.126163333689083 0.119344380914617 0.0392990050016763 0.198154439352815 0.137207679693463 0.0807606836712899 0.135765423565257 0.0413712946967943 0.0956779805082101 0.179068942771733 0.121655919237318 0.198533783744388 0.196439766525025 0.111121416564146 0.141009097740247 0.169246205846241 0.163312392355672 0.220898850068533 0.0670223695501261 0.158459143150131 0.168597336975126 0.119334137094903 0.0222402393290246 0.238254009669842 0.0501595870007706 0.187437565617264 0.0733531193914727 0.180131985554356 0.0614637959202367 0.277747994912661 0.146586575418691 0.0729606062928278 0.154549919150415 0.105952430345767 0.128240939958177 0.126463876363103 0.106972431588765 0.19430773188923 0.0593896335219208 0.0927508675441832 0.0503050621614959 0.120366607804549 0.0573546901639227 0.143984331293869
"17" 0.165541097344087 0.0878959727129321 0.268715023344127 0.152348017238436 0.187510439541791 0.174416537459143 0.198100787744255 0.326012564832158 0.19594585965383 0.113573833628026 0.250506960098778 0.111479118267092 0.161567889314919 0.114451816927624 0.267869704996901 0.173246998366821 0 0.180079775631849 0.232079518206627 0.272426849599156 0.118346860527399 0.274809122867302 0.20633915416856 0.247307371539729 0.15916991830892 0.246469239187345 0.210816274061336 0.259064946587428 0.252423737705775 0.239189239122989 0.111686265328137 0.151359054002185 0.18598396100588 0.15218096832554 0.0888441265027616 0.195575538361317 0.221872892730602 0.158722028210851 0.231283094402934 0.0555887305778463 0.127642212171175 0.0705752423696833 0.18724389254367 0.284535024291175 0.289084459541483 0.229879070002254 0.24372516494284 0.184010497581117 0.116831150953107 0.0507414686001703 0.0858596406684496 0.157368585396526 0.300644776798044 0.14134542364315 0.202761703213686 0.305699133518795 0.140335985683383 0.220025520896864 0.111465727094356 0.26197002829471 0.219422495792646 0.10193566944405 0.194468295415878 0.302225085538227 0.221726866266156 0.184431600275442 0.211341267563087 0.163460177414857 0.151393924114496 0.251458485723059 0.0495550987300131 0.179854273395386 0.231638677828524 0.0732215180351317 0.168957807991981 0.203568293302647 0.202675420857218 0.139749724051421 0.128776513231256 0.26556354721163 0.12350520330588 0.247170538367902 0.216072732749719 0.181485991517275
"18" 0.0295210611347606 0.172559382621976 0.0913483550170725 0.210207365289402 0.200193478289112 0.0411953023543593 0.101288013625612 0.156981404093806 0.0481782516628857 0.10557751995579 0.0704583096253086 0.152872996830586 0.0483760543304284 0.0659618048492188 0.145900564387493 0.0590718751664503 0.180079775631849 0 0.0775758909121435 0.0991675694826045 0.128773801584086 0.102499322048112 0.18713011901016 0.150724604182826 0.022422711346785 0.0741370937145582 0.144547279062628 0.112945327250861 0.171580016837088 0.126889442999454 0.103642229557395 0.0482840571586337 0.118988178479733 0.0874561611052698 0.0912680295040449 0.0318052324194444 0.0554191471490179 0.0855538662403513 0.0958371580091037 0.12508524045528 0.0890766405821602 0.112358342939456 0.0248192288195539 0.141160560754247 0.109007865555139 0.0506052470111642 0.0808745374965734 0.100329090624719 0.0705774156256769 0.168835460708396 0.105004616705278 0.155855270267074 0.143217443145244 0.0690610771701972 0.0827678417758895 0.129164307978313 0.122135402856619 0.166802882920923 0.0716791649859349 0.103536935788038 0.110227798085505 0.0951047992637108 0.070332909335987 0.179637754908784 0.0677222075268053 0.136590563742176 0.0312746891735641 0.133695804870612 0.0289332523250563 0.225145230597533 0.140015592043706 0.0145486873798233 0.0955881479479383 0.129306632459089 0.0759497885474118 0.0675409157766782 0.0480184076492597 0.156170491761503 0.0523810469055763 0.10655728458959 0.0704471663063073 0.0724280077302867 0.0449057959248862 0.0896313088645583
"19" 0.0714981007470222 0.194928170054695 0.0583357506811706 0.208847888977 0.181138835907492 0.0585964920426486 0.0636183220323077 0.0946816862858553 0.116482865400287 0.180355654498166 0.0680847160822514 0.165859904777202 0.0706153446177559 0.123747080777229 0.0726988290090565 0.135109285387508 0.232079518206627 0.0775758909121435 0 0.118284895160247 0.141381862215519 0.0504606739560473 0.156333602099247 0.0890072247835746 0.0964931839544061 0.105215628961308 0.102913856077649 0.0353974340318366 0.113247696886335 0.0627267376436274 0.128156988855012 0.125453340874727 0.090804883738894 0.0902292967987735 0.149598309506541 0.0463808034465322 0.0249152546006041 0.162956097889252 0.154996587022365 0.182289507879404 0.109785970100335 0.161679861183889 0.0963534400204787 0.0635996499713517 0.0933115949532991 0.0751691321560673 0.015621901450329 0.175336659135634 0.115762607140466 0.205563159752482 0.146800429921629 0.146020406667005 0.069887466910804 0.0918208092845266 0.0417453797567566 0.0843025824288121 0.123349678926124 0.124474015665263 0.138696629997609 0.0299961285412069 0.0558047397135206 0.131450511247151 0.141278226587491 0.103790891373975 0.123759957271207 0.110249722924742 0.0666918882597072 0.120058686655584 0.0941594248457942 0.18218164114285 0.184638319681857 0.0664798019434212 0.0264587421173804 0.197086206256851 0.0698832141280194 0.0304911532960149 0.0321802560329551 0.155368022958576 0.119732265247682 0.144595160128891 0.14386099605656 0.0396197847696319 0.0944586698117154 0.0675366163220736
"20" 0.125647995576144 0.271679316250071 0.0712790983385498 0.305835242294771 0.288937744700632 0.129965833425811 0.175286262068987 0.130689787847355 0.0786498167861616 0.174831984148554 0.0502289710282515 0.250832294150508 0.141993870280228 0.16223427733077 0.185409612338605 0.105846573186362 0.272426849599156 0.0991675694826045 0.118284895160247 0 0.226160063780741 0.0924929909317402 0.269288274892583 0.207032535352969 0.115780945582937 0.0260134512895865 0.218456515316559 0.142183598241847 0.231429565781043 0.180822340785914 0.202298278773691 0.12195395122432 0.200062141488428 0.179874022159241 0.184944809932513 0.105043271613659 0.0985247486798182 0.132826957705018 0.0720653509708912 0.216898435526125 0.186670836494363 0.208777845057576 0.0855254630160356 0.161270085860484 0.0477693209899927 0.0519439634172751 0.106844151857989 0.124586042138256 0.169539321226047 0.267009456049522 0.203527712903162 0.247431610940643 0.143608845939892 0.165840693570326 0.151992678264782 0.0901951790390182 0.216312713027801 0.240793293468815 0.160987931148912 0.121242084160088 0.173073924493124 0.194251209115194 0.0912781708685506 0.208527818523178 0.0568507058390756 0.219664821338325 0.0719614960982941 0.222837349808274 0.126787727968441 0.299438522245914 0.236924166516243 0.107132069340402 0.144724146465362 0.210298626814271 0.163261135185778 0.13449022047898 0.113900988936103 0.25090725658003 0.144722756207628 0.0352365140330562 0.150512547059206 0.0798071176135663 0.0567369969089181 0.171169173882451
"21" 0.100605243190685 0.054090446047195 0.193231745060932 0.0822970719008509 0.0870144003816358 0.0976768790396112 0.0891458628466697 0.23394512107388 0.169791567180333 0.14735130592486 0.186594917547352 0.0251716027362854 0.0845905781361838 0.085206392153685 0.156376594000136 0.162708341754667 0.118346860527399 0.128773801584086 0.141381862215519 0.226160063780741 0 0.191147690896642 0.0937701991288461 0.131296001445694 0.11946188110247 0.202233813482843 0.092848968315401 0.158440481599744 0.134332337894027 0.127757467168344 0.0281712440674548 0.135971155005763 0.0704743068282028 0.0513481472618258 0.0863866921993615 0.123746457285938 0.142359373536718 0.169664486539833 0.217672238396318 0.0953431749255953 0.0397038214867947 0.070243801727421 0.149571875938153 0.179533091331867 0.223232098146997 0.174634005893639 0.156248042456266 0.196080669703312 0.0671032030972827 0.0746814335938976 0.0531136880223533 0.0444758566761057 0.201656244752337 0.0603208015361473 0.102300822534873 0.224934836873021 0.022965489732185 0.101915120589199 0.104401597092513 0.168174228246417 0.110048534135447 0.0458282942077096 0.183436941304873 0.188612029726684 0.194028594716853 0.0662054703714772 0.15428383118886 0.0451135304029991 0.106071183920113 0.140223886519371 0.0714303912809214 0.119088864543034 0.130861034703321 0.130801132674252 0.0716650992428162 0.111029486380855 0.121509320738505 0.0330589333854944 0.103936436640212 0.23512344804722 0.124144489156526 0.170523589219182 0.173679414299984 0.0763471184259763
"22" 0.109422547920146 0.244241627953714 0.0214510904189944 0.259172972622158 0.229887540319348 0.101100249495353 0.113052677987059 0.0545778539988598 0.124635802132875 0.207545939244029 0.0499101806948547 0.215855559836983 0.114700374366935 0.162004631065411 0.097611409877178 0.14976431364747 0.274809122867302 0.102499322048112 0.0504606739560473 0.0924929909317402 0.191147690896642 0 0.203132516146405 0.12558059546578 0.124734118594878 0.0907962743314401 0.148791608866289 0.0555003370726834 0.149978525462582 0.101207141735449 0.176036508631931 0.148982524690446 0.140308083518328 0.139812125969836 0.188447368949822 0.0795002474138108 0.0529578708531973 0.180009327066059 0.149640562331227 0.222270286406882 0.157672872123623 0.204340808644642 0.1115304675498 0.069410886365299 0.0525982169132661 0.0712424816085813 0.0350453482686792 0.185192437691462 0.158141521325732 0.252513242210255 0.191392313979244 0.196230431206965 0.0520994699084214 0.138295513481604 0.0920687570205291 0.0338808266471683 0.173678895334852 0.16888803779969 0.172752088606561 0.0337847395445369 0.101426243129854 0.176967809112689 0.148342766207964 0.116701963966837 0.121024707713185 0.15936677793947 0.0769592080256036 0.170292995566357 0.127308973987636 0.223963550675401 0.229241496713759 0.0972904048745253 0.0703282762457988 0.231231625522755 0.119483065707975 0.0802188536483916 0.0729471947430745 0.205827148478119 0.15313400190828 0.125655500825982 0.172937118591957 0.030206440293756 0.0959126190987601 0.117996889959858
"23" 0.158376457737172 0.122550506395079 0.214565657173432 0.0830593892114304 0.0347418985201578 0.146350268640171 0.0942391530226643 0.227265533325821 0.234779090315907 0.236857677458298 0.221015526151562 0.0948614967391525 0.139414255222939 0.168672708433878 0.124719042183984 0.236609951187485 0.20633915416856 0.18713011901016 0.156333602099247 0.269288274892583 0.0937701991288461 0.203132516146405 0 0.0890825533620612 0.187761994384814 0.250303499841557 0.054436081122474 0.151965620326702 0.0742284489078438 0.105421076671585 0.116085569899399 0.212359678778332 0.0695760887820341 0.10255809879032 0.177027568417178 0.166831014714038 0.171344459790018 0.25096916646016 0.282944797022124 0.189111048708925 0.115055584541381 0.16380039860733 0.211701458276655 0.159124067529581 0.249643080478631 0.218997175301854 0.171301688203325 0.275064465254248 0.148877145535716 0.156995269908653 0.145839097392195 0.0498326157248768 0.188755833500425 0.125893134773545 0.117622900765741 0.234758068411947 0.0793128182383857 0.0376409926606341 0.190195415738624 0.170914868019133 0.101728194556387 0.135069376611098 0.254156157162429 0.143390646559475 0.25434145651205 0.0506799088933355 0.20163156293997 0.0574722989014658 0.175167012327106 0.046453775335217 0.163411466422986 0.173390494775823 0.132887721495441 0.224195865037693 0.111199670120679 0.134863834964388 0.15561693316477 0.0666181785720778 0.183686806497822 0.288466257351707 0.208478888506716 0.195311179236108 0.227895341788789 0.0992312990650286
"24" 0.129524132940599 0.180744935126948 0.141670478444242 0.164985080512131 0.122287714502825 0.113170575507425 0.05555952581047 0.140157820398256 0.19700990164748 0.235370922196436 0.156813981438735 0.147973834367769 0.115272863328395 0.166379540504368 0.0357417631412563 0.209182651257218 0.247307371539729 0.150724604182826 0.0890072247835746 0.207032535352969 0.131296001445694 0.12558059546578 0.0890825533620612 0 0.161879553019029 0.193977734370957 0.042003503041091 0.0702944001013604 0.0245947913541943 0.0262831416755261 0.136525233657394 0.19166356968006 0.0613663979863265 0.0991684191486582 0.186029366656433 0.120976896587446 0.111639433804773 0.232332656988196 0.240332308879732 0.211090020244567 0.12345841984349 0.185387149797662 0.174330675326803 0.070922177895979 0.176851027884969 0.163301303091591 0.100477817416762 0.250542738022923 0.149630512969044 0.205977371164153 0.16634024341971 0.107624946673594 0.101238258166733 0.118970121815133 0.0681811401912356 0.153566451065971 0.108359040264207 0.0514425326848897 0.187248330049839 0.0917962908393608 0.040587504874488 0.150577535984242 0.220661852468385 0.0589361156957145 0.209216239998746 0.0676681319200831 0.151482228760024 0.0886471795907705 0.153223164515209 0.0993007656464581 0.198110388289162 0.136399583185665 0.0626131952629406 0.238098169573532 0.0899454117203455 0.0835083985088505 0.10512835685893 0.124644655341175 0.172806367394743 0.233433311895985 0.200112346296273 0.127413375540696 0.179974598734085 0.0730505731231631
"25" 0.0325198642200124 0.158626613419073 0.113751461765691 0.201748314860486 0.197008591999872 0.0487139478243074 0.109056649279846 0.179126117536393 0.0503381402245479 0.0843025726316356 0.0920603636006716 0.1422194115652 0.0496681558221716 0.0464818124069434 0.161208423553684 0.0493663645243084 0.15916991830892 0.022422711346785 0.0964931839544061 0.115780945582937 0.11946188110247 0.124734118594878 0.187761994384814 0.161879553019029 0 0.0899244604445388 0.15008155350707 0.131437158020327 0.181023007331938 0.139701954129927 0.0924481225349919 0.0301381927519044 0.122451614359659 0.0853965338153496 0.0704080284988474 0.0501697094247141 0.0761196978312892 0.0704964487588542 0.098535600484203 0.103814456126851 0.0807118404297826 0.0931233418307186 0.031413820073768 0.159861107547289 0.130259655057021 0.0707125266164632 0.101557271077633 0.0898587845788216 0.0555219688211061 0.151309744774423 0.0882107286152505 0.151661317374306 0.164009336202809 0.0633548607432435 0.0939431730043648 0.151572553940927 0.116733972200572 0.171546048965696 0.0494800517177407 0.123925645114975 0.121415119360017 0.0807174151461908 0.0665659822367651 0.195919355706272 0.0749539719139041 0.138239145089057 0.052768700939491 0.131867764870455 0.0134480319092731 0.228442134917323 0.121202843849002 0.0300204408539203 0.111436781548298 0.10688394145763 0.078882601877304 0.0812177617450323 0.0650488684847414 0.149345737971483 0.0305503713471192 0.11758391847991 0.0484647416412238 0.0947474254900605 0.059216087631705 0.0947719997783704
"26" 0.101653141319696 0.24664687438414 0.0696754237595106 0.282742906748635 0.268133199978886 0.107551005270362 0.157253050100254 0.137006828760651 0.053939410891365 0.150451511332417 0.041555624389329 0.226663238876906 0.118809962836557 0.136332472029239 0.176020171640078 0.0818237783857448 0.246469239187345 0.0741370937145582 0.105215628961308 0.0260134512895865 0.202233813482843 0.0907962743314401 0.250303499841557 0.193977734370957 0.0899244604445388 0 0.201189054874992 0.133634703258519 0.217911507082274 0.167722305136496 0.177702884074489 0.0963214217954579 0.18074289146044 0.157403817605448 0.158932043433214 0.0838883866910193 0.0826654806889112 0.110153126623313 0.0597955706546318 0.19092444321848 0.162583896639506 0.182828311826418 0.059514636184028 0.15600927939228 0.0590216738411762 0.0315021157875501 0.0963507568854111 0.10536743084586 0.14411263731798 0.241220795966019 0.177874584870973 0.22559640105051 0.142867822533135 0.141988236222003 0.134388144975763 0.0979031275538941 0.193531150418175 0.223768996128599 0.135014274695146 0.114319506786651 0.157609724316611 0.168979918570991 0.0698198699088447 0.202462383297292 0.035890257168116 0.200049755570463 0.04936693341279 0.201596367298187 0.101194528291472 0.282815048961023 0.21099036750043 0.0832408473120496 0.131405745834878 0.185027928155344 0.141881055760937 0.116632403587186 0.0949129543947241 0.228047118195606 0.118716444427835 0.0394771492514986 0.124899883325669 0.0704061273508026 0.0307641550162946 0.151283568839907
