"V1" "V2" "V3" "V4" "V5" "V6" "V7" "V8" "V9" "V10" "V11" "V12" "V13" "V14" "V15" "V16" "V17" "V18" "V19" "V20" "V21"
"1" 0 0.114670152692297 0.822113822660584 0.600241021062545 0.859643826371293 0.876308076442824 0.802691068846078 0.942809041582063 0.584705346204686 0.598046348189262 0.762362499862487 1.03838239647777 0.739600261633639 0.746677937362104 0.953901294242988 1.12470318971596 0.826898230594723 0.967587808416062 1.02564102564103 0.924500327042049 1.24140701917028
"2" 0.114670152692297 0 0.717948717948718 0.48650425541052 0.746677937362104 0.762362499862487 0.688020916153781 0.828486893405308 0.483793904208031 0.505069630861339 0.656730691018754 0.924500327042049 0.642562260827778 0.674510073741841 0.85350343472273 1.01533281401145 0.769230769230769 0.871794871794872 0.924500327042049 0.845765256536956 1.13864632364998
"3" 0.822113822660584 0.717948717948718 0 0.299023174094631 0.205128205128205 0.256410256410256 0.32433617027368 0.311936540015293 0.617517670707297 0.689929438311472 0.598046348189262 0.515378236980558 0.697511308140279 0.907272103228417 0.762362499862487 0.717948717948718 1.05221971941965 0.828486893405308 0.796111522885129 0.967587808416062 0.924500327042049
"4" 0.600241021062545 0.48650425541052 0.299023174094631 0 0.261488180184245 0.276162297801769 0.217571317288168 0.344010458076891 0.328365345509377 0.400525624405469 0.362618862146947 0.472797151656046 0.438154038221412 0.625977211063267 0.564102564102564 0.61964338326126 0.769230769230769 0.617517670707297 0.617517670707297 0.714276321906878 0.796111522885129
"5" 0.859643826371293 0.746677937362104 0.205128205128205 0.261488180184245 0 0.0512820512820513 0.145047544858779 0.114670152692297 0.505069630861339 0.573350763461485 0.435142634576337 0.311936540015293 0.545135682704341 0.769230769230769 0.573350763461485 0.512820512820513 0.913050964859736 0.642562260827778 0.600241021062545 0.801051248810939 0.719777889621446
"6" 0.876308076442824 0.762362499862487 0.256410256410256 0.276162297801769 0.0512820512820513 0 0.114670152692297 0.0725237724293896 0.48650425541052 0.552324595603539 0.400525624405469 0.261488180184245 0.512820512820513 0.739600261633639 0.527981032871128 0.461538461538462 0.882289770978731 0.598046348189262 0.552324595603539 0.762362499862487 0.668636144123349
"7" 0.802691068846078 0.688020916153781 0.32433617027368 0.217571317288168 0.145047544858779 0.114670152692297 0 0.153846153846154 0.373338968681052 0.438154038221412 0.290095089717558 0.256410256410256 0.400525624405469 0.625977211063267 0.438154038221412 0.422882628268478 0.769230769230769 0.505069630861339 0.472797151656045 0.656730691018754 0.617517670707297
"8" 0.942809041582063 0.828486893405308 0.311936540015293 0.344010458076891 0.114670152692297 0.0725237724293896 0.153846153846154 0 0.522976360368491 0.584705346204686 0.413449115297362 0.205128205128205 0.527981032871128 0.757170413345303 0.512820512820513 0.413449115297361 0.897069522283892 0.584705346204686 0.527981032871128 0.762362499862487 0.623873080030587
"9" 0.584705346204686 0.483793904208031 0.617517670707297 0.328365345509377 0.505069630861339 0.48650425541052 0.373338968681052 0.522976360368491 0 0.0725237724293895 0.18490006540841 0.522976360368491 0.16216808513684 0.299023174094631 0.369800130816819 0.554700196225229 0.441144885489365 0.39055246696738 0.441144885489365 0.413449115297362 0.656730691018754
"10" 0.598046348189262 0.505069630861339 0.689929438311472 0.400525624405469 0.573350763461485 0.552324595603539 0.438154038221412 0.584705346204686 0.0725237724293895 0 0.211441314134239 0.566428770112167 0.145047544858779 0.229340305384594 0.362618862146947 0.573350763461485 0.369800130816819 0.369800130816819 0.435142634576337 0.358974358974359 0.652713951864505
"11" 0.762362499862487 0.656730691018754 0.598046348189262 0.362618862146947 0.435142634576337 0.400525624405469 0.290095089717558 0.413449115297362 0.18490006540841 0.211441314134239 0 0.358974358974359 0.114670152692297 0.344010458076891 0.211441314134239 0.369800130816819 0.483793904208031 0.256410256410256 0.276162297801769 0.369800130816819 0.483793904208031
"12" 1.03838239647777 0.924500327042049 0.515378236980558 0.472797151656046 0.311936540015293 0.261488180184245 0.256410256410256 0.205128205128205 0.522976360368491 0.566428770112167 0.358974358974359 0 0.464378725032688 0.684187900724427 0.369800130816819 0.211441314134239 0.8108404256842 0.441144885489365 0.362618862146947 0.642562260827778 0.422882628268478
"13" 0.739600261633639 0.642562260827778 0.697511308140279 0.438154038221412 0.545135682704341 0.512820512820513 0.400525624405469 0.527981032871128 0.16216808513684 0.145047544858779 0.114670152692297 0.464378725032688 0 0.229340305384594 0.217571317288168 0.438154038221412 0.369800130816819 0.229340305384594 0.290095089717558 0.276162297801769 0.507666407005726
"14" 0.746677937362104 0.674510073741841 0.907272103228417 0.625977211063267 0.769230769230769 0.739600261633639 0.625977211063267 0.757170413345303 0.299023174094631 0.229340305384594 0.344010458076891 0.684187900724427 0.229340305384594 0 0.362618862146947 0.617517670707297 0.145047544858779 0.32433617027368 0.422882628268478 0.18490006540841 0.61964338326126
"15" 0.953901294242988 0.85350343472273 0.762362499862487 0.564102564102564 0.573350763461485 0.527981032871128 0.438154038221412 0.512820512820513 0.369800130816819 0.362618862146947 0.211441314134239 0.369800130816819 0.217571317288168 0.362618862146947 0 0.256410256410256 0.464378725032688 0.0725237724293896 0.0725237724293896 0.276162297801769 0.290095089717558
"16" 1.12470318971596 1.01533281401145 0.717948717948718 0.61964338326126 0.512820512820513 0.461538461538462 0.422882628268478 0.413449115297361 0.554700196225229 0.573350763461485 0.369800130816819 0.211441314134239 0.438154038221412 0.617517670707297 0.256410256410256 0 0.719777889621446 0.311936540015293 0.211441314134239 0.522976360368491 0.211441314134239
"17" 0.826898230594723 0.769230769230769 1.05221971941965 0.769230769230769 0.913050964859736 0.882289770978731 0.769230769230769 0.897069522283892 0.441144885489365 0.369800130816819 0.483793904208031 0.8108404256842 0.369800130816819 0.145047544858779 0.464378725032688 0.719777889621446 0 0.41025641025641 0.512820512820513 0.211441314134239 0.684187900724427
"18" 0.967587808416062 0.871794871794872 0.828486893405308 0.617517670707297 0.642562260827778 0.598046348189262 0.505069630861339 0.584705346204686 0.39055246696738 0.369800130816819 0.256410256410256 0.441144885489365 0.229340305384594 0.32433617027368 0.0725237724293896 0.311936540015293 0.41025641025641 0 0.102564102564103 0.211441314134239 0.299023174094631
"19" 1.02564102564103 0.924500327042049 0.796111522885129 0.617517670707297 0.600241021062545 0.552324595603539 0.472797151656045 0.527981032871128 0.441144885489365 0.435142634576337 0.276162297801769 0.362618862146947 0.290095089717558 0.422882628268478 0.0725237724293896 0.211441314134239 0.512820512820513 0.102564102564103 0 0.311936540015293 0.217571317288168
"20" 0.924500327042049 0.845765256536956 0.967587808416062 0.714276321906878 0.801051248810939 0.762362499862487 0.656730691018754 0.762362499862487 0.413449115297362 0.358974358974359 0.369800130816819 0.642562260827778 0.276162297801769 0.18490006540841 0.276162297801769 0.522976360368491 0.211441314134239 0.211441314134239 0.311936540015293 0 0.472797151656045
"21" 1.24140701917028 1.13864632364998 0.924500327042049 0.796111522885129 0.719777889621446 0.668636144123349 0.617517670707297 0.623873080030587 0.656730691018754 0.652713951864505 0.483793904208031 0.422882628268478 0.507666407005726 0.61964338326126 0.290095089717558 0.211441314134239 0.684187900724427 0.299023174094631 0.217571317288168 0.472797151656045 0
