"V1" "V2" "V3" "V4" "V5" "V6" "V7" "V8" "V9" "V10" "V11" "V12" "V13" "V14" "V15" "V16" "V17" "V18" "V19" "V20" "V21" "V22" "V23" "V24" "V25" "V26" "V27" "V28" "V29" "V30" "V31" "V32" "V33" "V34" "V35" "V36" "V37" "V38" "V39" "V40" "V41" "V42" "V43" "V44" "V45" "V46" "V47" "V48" "V49" "V50" "V51" "V52" "V53" "V54" "V55" "V56" "V57" "V58" "V59" "V60" "V61" "V62" "V63" "V64" "V65" "V66" "V67" "V68" "V69" "V70" "V71" "V72" "V73" "V74" "V75" "V76" "V77" "V78" "V79" "V80" "V81" "V82" "V83" "V84"
"1" 0 0.0764439763444916 0.328797974610715 0.382219881722458 0.866552407669265 0.97447331769297 0.241737078648626 0.461838040287434 0.222870574357711 0.389789327077188 0.532370691988979 0.63268648166052 0.683735710306677 0.944013470085026 0.275622676410421 0.422175658157116 0.509944926057114 0.604342696621565 0.803571283638838 0.957840278198343 0.362605617972939 0.630373177821114 0.873269968724514 0.923676080574868 1.02560356546002 0.704778638400286 0.846079775270191 0.944013470085026 0.993771692478391 0.611551810755933 0.692229647290038 0.779578654154376 0.918918918918919 0.556520548161459 0.810810810810811 1.08781685391882 0.597046541469582 0.704778638400286 0.768252454246048 0.803571283638838 0.96240507106837 1.14027151944481 0.668611723073134 0.702702702702703 0.725211235945878 0.779578654154376 0.810810810810811 0.956313838538061 1.03834447093506 0.773936273690614 0.7980985437964 1.03270125267799 1.11435287178856 1.200194773577 0.758684802573957 0.803571283638838 0.871595432248492 0.96240507106837 1.1090964610099 1.19041705651596 0.854669637883346 1.22549016743293 0.879936248437822 0.891482297430846 0.923676080574868 1.11435287178856 1.22310362151187 1.30179400851809 0.920507371131157 0.925256365871551 0.944013470085026 1.03975048982007 1.1247920025235 1.15680727346123 1.29954759785636 0.97447331769297 0.986393923832144 1.00981306444699 1.06474138397796 1.11304109632292 1.16936798123156 1.23262208118826 1.26652697447135 1.37599157420085
"2" 0.0764439763444916 0 0.27027027027027 0.324324324324324 0.810810810810811 0.918918918918919 0.170933927576669 0.393519453474623 0.162162162162162 0.315186588910557 0.461838040287434 0.564340892373543 0.616311040594129 0.879936248437822 0.216216216216216 0.346114823645019 0.435797716124246 0.532370691988979 0.735214622093808 0.891482297430846 0.291089989574838 0.556520548161459 0.803571283638838 0.854669637883346 0.957840278198343 0.630373177821114 0.773936273690614 0.873269968724514 0.923676080574868 0.535107834411441 0.616311040594129 0.704778638400286 0.846079775270191 0.483474157297252 0.735214622093808 1.01558347178681 0.540540540540541 0.630373177821114 0.692229647290038 0.727222921463444 0.886552403613877 1.06611259044951 0.604342696621565 0.63268648166052 0.653137620194301 0.704778638400286 0.735214622093808 0.879936248437822 0.96240507106837 0.702702702702703 0.725211235945878 0.956313838538061 1.03834447093506 1.1247920025235 0.702702702702703 0.735214622093808 0.7980985437964 0.886552403613877 1.03270125267799 1.11435287178856 0.787038906949245 1.14920495272807 0.817986267590354 0.826868029231262 0.854669637883346 1.03834447093506 1.14665964516737 1.22549016743293 0.864864864864865 0.866552407669265 0.879936248437822 0.966948314594504 1.04953988318636 1.08108108108108 1.22310362151187 0.918918918918919 0.925256365871551 0.944013470085026 0.993771692478391 1.03975048982007 1.09451117466576 1.15680727346123 1.19041705651596 1.29954759785636
"3" 0.328797974610715 0.27027027027027 0 0.0540540540540541 0.540540540540541 0.648648648648649 0.120868539324313 0.152887952688983 0.315186588910557 0.162162162162162 0.229331929033475 0.315186588910557 0.362605617972939 0.616311040594129 0.346114823645019 0.216216216216216 0.241737078648626 0.305775905377966 0.483474157297252 0.63268648166052 0.315186588910557 0.346114823645019 0.556520548161459 0.604342696621565 0.702702702702703 0.422175658157116 0.540540540540541 0.630373177821114 0.677295356007658 0.393519453474623 0.435797716124246 0.498353754448264 0.616311040594129 0.435797716124246 0.54054054054054 0.779578654154376 0.604342696621565 0.543236520060589 0.564340892373543 0.582179979149676 0.692229647290038 0.844351316314233 0.616311040594129 0.597046541469582 0.594594594594595 0.604342696621565 0.616311040594129 0.704778638400286 0.768252454246048 0.648648648648649 0.650897004259043 0.779578654154376 0.844351316314233 0.9173277161339 0.752885852820763 0.704778638400286 0.710970077727887 0.752885852820763 0.854669637883346 0.920507371131157 0.758684802573957 0.96240507106837 0.826868029231262 0.817986267590354 0.810810810810811 0.894753803094424 0.97447331769297 1.03834447093506 0.906111060229201 0.891482297430846 0.871595432248492 0.879936248437822 0.923676080574868 0.944013470085026 1.04953988318636 0.957840278198343 0.933117648736869 0.920507371131157 0.925256365871551 0.944013470085026 0.97447331769297 1.01558347178681 1.03975048982007 1.1247920025235
"4" 0.382219881722458 0.324324324324324 0.0540540540540541 0 0.486486486486486 0.594594594594595 0.170933927576669 0.120868539324313 0.362605617972939 0.170933927576669 0.194894663538594 0.27027027027027 0.315186588910557 0.564340892373543 0.389789327077188 0.222870574357711 0.222870574357711 0.27027027027027 0.435797716124246 0.582179979149676 0.346114823645019 0.315186588910557 0.509944926057114 0.556520548161459 0.653137620194301 0.389789327077188 0.498353754448264 0.584683990615782 0.630373177821114 0.382219881722458 0.411663411127779 0.464990554975277 0.574602476364035 0.445741148715423 0.509944926057114 0.735214622093808 0.630373177821114 0.540540540540541 0.551245352820842 0.564340892373543 0.659813817066687 0.803571283638838 0.63268648166052 0.604342696621565 0.597046541469582 0.597046541469582 0.604342696621565 0.677295356007658 0.735214622093808 0.650897004259043 0.648648648648649 0.750942918348638 0.810810810810811 0.879936248437822 0.773936273690614 0.710970077727887 0.704778638400286 0.735214622093808 0.825099325539121 0.886552403613877 0.764439763444916 0.929981109950554 0.839144578176217 0.826868029231262 0.812610615047184 0.873269968724514 0.94555976673167 1.00546352636423 0.923676080574868 0.906111060229201 0.879936248437822 0.871595432248492 0.906111060229201 0.923676080574868 1.01988985211423 0.97447331769297 0.944013470085026 0.925256365871551 0.920507371131157 0.933117648736869 0.957840278198343 0.993771692478391 1.01558347178681 1.09451117466576
"5" 0.866552407669265 0.810810810810811 0.540540540540541 0.486486486486486 0 0.108108108108108 0.650897004259043 0.445741148715423 0.826868029231262 0.564340892373543 0.411663411127779 0.315186588910557 0.27027027027027 0.170933927576669 0.839144578176217 0.582179979149676 0.483474157297252 0.389789327077188 0.241737078648626 0.222870574357711 0.752885852820763 0.422175658157116 0.275622676410421 0.27027027027027 0.291089989574838 0.422175658157116 0.341867855153338 0.324324324324324 0.328797974610715 0.574602476364035 0.498353754448264 0.435797716124246 0.382219881722458 0.735214622093808 0.483474157297252 0.445741148715423 0.97447331769297 0.727222921463444 0.659813817066687 0.630373177821114 0.551245352820842 0.551245352820842 0.920507371131157 0.840883739789408 0.803571283638838 0.735214622093808 0.704778638400286 0.616311040594129 0.597046541469582 0.844351316314233 0.810810810810811 0.657595949221429 0.648648648648649 0.657595949221429 1.07294233736644 0.920507371131157 0.825099325539121 0.752885852820763 0.704778638400286 0.704778638400286 0.96240507106837 0.758684802573957 1.07294233736644 1.03834447093506 0.97447331769297 0.826868029231262 0.810810810810811 0.817986267590354 1.18549795672764 1.14920495272807 1.08108108108108 0.944013470085026 0.891482297430846 0.879936248437822 0.866552407669265 1.22549016743293 1.15680727346123 1.09451117466576 1.01558347178681 0.97447331769297 0.944013470085026 0.925256365871551 0.920507371131157 0.925256365871551
"6" 0.97447331769297 0.918918918918919 0.648648648648649 0.594594594594595 0.108108108108108 0 0.758684802573957 0.551245352820842 0.933117648736869 0.668611723073134 0.512801782730008 0.411663411127779 0.362605617972939 0.170933927576669 0.944013470085026 0.683735710306677 0.582179979149676 0.483474157297252 0.305775905377967 0.222870574357711 0.854669637883346 0.509944926057114 0.315186588910557 0.291089989574838 0.27027027027027 0.498353754448264 0.389789327077188 0.341867855153338 0.328797974610715 0.659813817066687 0.574602476364035 0.498353754448264 0.411663411127779 0.825099325539121 0.540540540540541 0.432432432432432 1.06611259044951 0.803571283638838 0.727222921463444 0.692229647290038 0.582179979149676 0.540540540540541 1.00546352636423 0.920507371131157 0.879936248437822 0.803571283638838 0.768252454246048 0.653137620194301 0.616311040594129 0.9173277161339 0.879936248437822 0.683735710306677 0.657595949221429 0.648648648648649 1.15680727346123 0.993771692478391 0.886552403613877 0.7980985437964 0.721171030493315 0.704778638400286 1.03270125267799 0.758684802573957 1.14665964516737 1.1090964610099 1.03834447093506 0.854669637883346 0.817986267590354 0.810810810810811 1.26190459783014 1.22310362151187 1.14920495272807 0.992300527064098 0.923676080574868 0.906111060229201 0.866552407669265 1.29954759785636 1.22549016743293 1.15680727346123 1.06611259044951 1.01558347178681 0.97447331769297 0.944013470085026 0.933117648736869 0.918918918918919
"7" 0.241737078648626 0.170933927576669 0.120868539324313 0.170933927576669 0.650897004259043 0.758684802573957 0 0.222870574357711 0.194894663538594 0.152887952688983 0.291089989574838 0.393519453474623 0.445741148715423 0.710970077727887 0.229331929033475 0.194894663538594 0.27027027027027 0.362605617972939 0.564340892373543 0.721171030493315 0.222870574357711 0.389789327077188 0.63268648166052 0.683735710306677 0.787038906949245 0.464990554975277 0.604342696621565 0.702702702702703 0.752885852820763 0.389789327077188 0.45866385806695 0.540540540540541 0.677295356007658 0.382219881722458 0.574602476364035 0.846079775270191 0.512801782730007 0.512801782730007 0.556520548161459 0.584683990615782 0.727222921463444 0.899638755518553 0.543236520060589 0.543236520060589 0.551245352820842 0.582179979149676 0.604342696621565 0.727222921463444 0.803571283638838 0.604342696621565 0.616311040594129 0.803571283638838 0.879936248437822 0.96240507106837 0.668611723073134 0.650897004259043 0.683735710306677 0.750942918348638 0.879936248437822 0.956313838538061 0.704778638400286 0.993771692478391 0.758684802573957 0.756756756756757 0.764439763444916 0.899638755518553 0.996707508896528 1.07021566882288 0.826868029231262 0.817986267590354 0.810810810810811 0.854669637883346 0.918918918918919 0.94555976673167 1.07294233736644 0.879936248437822 0.866552407669265 0.866552407669265 0.891482297430846 0.923676080574868 0.966948314594504 1.01988985211423 1.04953988318636 1.14920495272807
"8" 0.461838040287434 0.393519453474623 0.152887952688983 0.120868539324313 0.445741148715423 0.551245352820842 0.222870574357711 0 0.382219881722458 0.120868539324313 0.0764439763444916 0.170933927576669 0.222870574357711 0.489480277737158 0.393519453474623 0.152887952688983 0.108108108108108 0.152887952688983 0.341867855153338 0.498353754448264 0.315186588910557 0.194894663538594 0.411663411127779 0.461838040287434 0.564340892373543 0.27027027027027 0.389789327077188 0.483474157297252 0.532370691988979 0.27027027027027 0.291089989574838 0.346114823645019 0.464990554975277 0.362605617972939 0.389789327077188 0.630373177821114 0.574602476364035 0.435797716124246 0.435797716124246 0.445741148715423 0.54054054054054 0.692229647290038 0.556520548161459 0.512801782730007 0.498353754448264 0.486486486486486 0.489480277737158 0.556520548161459 0.616311040594129 0.551245352820842 0.543236520060589 0.630373177821114 0.692229647290038 0.764439763444916 0.704778638400286 0.616311040594129 0.594594594594595 0.616311040594129 0.704778638400286 0.768252454246048 0.668611723073134 0.810810810810811 0.752885852820763 0.735214622093808 0.710970077727887 0.752885852820763 0.825099325539121 0.886552403613877 0.846079775270191 0.823326822255558 0.787038906949245 0.758684802573957 0.787038906949245 0.803571283638838 0.899638755518553 0.894753803094424 0.854669637883346 0.826868029231262 0.810810810810811 0.817986267590354 0.839144578176217 0.873269968724514 0.894753803094424 0.97447331769297
"9" 0.222870574357711 0.162162162162162 0.315186588910557 0.362605617972939 0.826868029231262 0.933117648736869 0.194894663538594 0.382219881722458 0 0.27027027027027 0.432432432432432 0.540540540540541 0.594594594594595 0.864864864864865 0.0540540540540541 0.275622676410421 0.382219881722458 0.489480277737158 0.704778638400286 0.866552407669265 0.152887952688983 0.498353754448264 0.764439763444916 0.817986267590354 0.925256365871551 0.564340892373543 0.721171030493315 0.826868029231262 0.879936248437822 0.435797716124246 0.532370691988979 0.63268648166052 0.787038906949245 0.346114823645019 0.653137620194301 0.957840278198343 0.378378378378378 0.498353754448264 0.574602476364035 0.616311040594129 0.7980985437964 0.993771692478391 0.445741148715423 0.483474157297252 0.509944926057114 0.574602476364035 0.611551810755933 0.779578654154376 0.871595432248492 0.556520548161459 0.584683990615782 0.854669637883346 0.94555976673167 1.03975048982007 0.540540540540541 0.582179979149676 0.659813817066687 0.764439763444916 0.929981109950554 1.01988985211423 0.63268648166052 1.04953988318636 0.657595949221429 0.668611723073134 0.702702702702703 0.9173277161339 1.03834447093506 1.1247920025235 0.702702702702703 0.704778638400286 0.721171030493315 0.825099325539121 0.920507371131157 0.956313838538061 1.11435287178856 0.756756756756757 0.764439763444916 0.787038906949245 0.846079775270191 0.899638755518553 0.96240507106837 1.03270125267799 1.07021566882288 1.19041705651596
"10" 0.389789327077188 0.315186588910557 0.162162162162162 0.170933927576669 0.564340892373543 0.668611723073134 0.152887952688983 0.120868539324313 0.27027027027027 0 0.162162162162162 0.27027027027027 0.324324324324324 0.594594594594595 0.275622676410421 0.0540540540540541 0.120868539324313 0.222870574357711 0.435797716124246 0.597046541469582 0.194894663538594 0.241737078648626 0.498353754448264 0.551245352820842 0.657595949221429 0.315186588910557 0.461838040287434 0.564340892373543 0.616311040594129 0.241737078648626 0.305775905377966 0.389789327077188 0.532370691988979 0.275622676410421 0.422175658157116 0.702702702702703 0.464990554975277 0.382219881722458 0.411663411127779 0.435797716124246 0.574602476364035 0.750942918348638 0.461838040287434 0.435797716124246 0.432432432432432 0.445741148715423 0.461838040287434 0.574602476364035 0.650897004259043 0.486486486486486 0.489480277737158 0.650897004259043 0.727222921463444 0.810810810810811 0.604342696621565 0.543236520060589 0.551245352820842 0.604342696621565 0.727222921463444 0.803571283638838 0.597046541469582 0.840883739789408 0.668611723073134 0.657595949221429 0.648648648648649 0.750942918348638 0.844351316314233 0.9173277161339 0.752885852820763 0.735214622093808 0.710970077727887 0.721171030493315 0.773936273690614 0.7980985437964 0.920507371131157 0.803571283638838 0.773936273690614 0.758684802573957 0.764439763444916 0.787038906949245 0.823326822255558 0.871595432248492 0.899638755518553 0.996707508896528
"11" 0.532370691988979 0.461838040287434 0.229331929033475 0.194894663538594 0.411663411127779 0.512801782730008 0.291089989574838 0.0764439763444916 0.432432432432432 0.162162162162162 0 0.108108108108108 0.162162162162162 0.432432432432432 0.435797716124246 0.170933927576669 0.0764439763444916 0.0764439763444916 0.275622676410421 0.435797716124246 0.341867855153338 0.120868539324313 0.341867855153338 0.393519453474623 0.498353754448264 0.194894663538594 0.315186588910557 0.411663411127779 0.461838040287434 0.222870574357711 0.222870574357711 0.27027027027027 0.389789327077188 0.346114823645019 0.315186588910557 0.556520548161459 0.574602476364035 0.393519453474623 0.378378378378378 0.382219881722458 0.464990554975277 0.616311040594129 0.54054054054054 0.483474157297252 0.461838040287434 0.435797716124246 0.432432432432432 0.483474157297252 0.540540540540541 0.512801782730007 0.498353754448264 0.556520548161459 0.616311040594129 0.687995787100425 0.692229647290038 0.582179979149676 0.543236520060589 0.551245352820842 0.630373177821114 0.692229647290038 0.63268648166052 0.735214622093808 0.725211235945878 0.702702702702703 0.668611723073134 0.683735710306677 0.750942918348638 0.810810810810811 0.825099325539121 0.7980985437964 0.752885852820763 0.702702702702703 0.721171030493315 0.735214622093808 0.825099325539121 0.871595432248492 0.823326822255558 0.787038906949245 0.758684802573957 0.758684802573957 0.773936273690614 0.803571283638838 0.823326822255558 0.899638755518553
"12" 0.63268648166052 0.564340892373543 0.315186588910557 0.27027027027027 0.315186588910557 0.411663411127779 0.393519453474623 0.170933927576669 0.540540540540541 0.27027027027027 0.108108108108108 0 0.0540540540540541 0.324324324324324 0.543236520060589 0.275622676410421 0.170933927576669 0.0764439763444916 0.170933927576669 0.328797974610715 0.445741148715423 0.120868539324313 0.241737078648626 0.291089989574838 0.393519453474623 0.162162162162162 0.229331929033475 0.315186588910557 0.362605617972939 0.27027027027027 0.222870574357711 0.222870574357711 0.305775905377967 0.422175658157116 0.275622676410421 0.464990554975277 0.659813817066687 0.435797716124246 0.393519453474623 0.382219881722458 0.411663411127779 0.535107834411441 0.611551810755933 0.54054054054054 0.509944926057114 0.461838040287434 0.445741148715423 0.445741148715423 0.483474157297252 0.556520548161459 0.532370691988979 0.512801782730007 0.556520548161459 0.616311040594129 0.764439763444916 0.630373177821114 0.564340892373543 0.540540540540541 0.582179979149676 0.630373177821114 0.677295356007658 0.677295356007658 0.779578654154376 0.750942918348638 0.702702702702703 0.657595949221429 0.702702702702703 0.750942918348638 0.886552403613877 0.854669637883346 0.7980985437964 0.710970077727887 0.704778638400286 0.710970077727887 0.773936273690614 0.929981109950554 0.871595432248492 0.823326822255558 0.773936273690614 0.758684802573957 0.758684802573957 0.773936273690614 0.787038906949245 0.846079775270191
"13" 0.683735710306677 0.616311040594129 0.362605617972939 0.315186588910557 0.27027027027027 0.362605617972939 0.445741148715423 0.222870574357711 0.594594594594595 0.324324324324324 0.162162162162162 0.0540540540540541 0 0.27027027027027 0.597046541469582 0.328797974610715 0.222870574357711 0.120868539324313 0.120868539324313 0.275622676410421 0.498353754448264 0.152887952688983 0.194894663538594 0.241737078648626 0.341867855153338 0.170933927576669 0.194894663538594 0.27027027027027 0.315186588910557 0.305775905377966 0.241737078648626 0.216216216216216 0.27027027027027 0.464990554975277 0.27027027027027 0.422175658157116 0.704778638400286 0.464990554975277 0.411663411127779 0.393519453474623 0.393519453474623 0.498353754448264 0.650897004259043 0.574602476364035 0.54054054054054 0.483474157297252 0.461838040287434 0.435797716124246 0.461838040287434 0.584683990615782 0.556520548161459 0.498353754448264 0.532370691988979 0.584683990615782 0.803571283638838 0.659813817066687 0.582179979149676 0.543236520060589 0.564340892373543 0.604342696621565 0.704778638400286 0.653137620194301 0.810810810810811 0.779578654154376 0.725211235945878 0.650897004259043 0.683735710306677 0.725211235945878 0.920507371131157 0.886552403613877 0.825099325539121 0.721171030493315 0.702702702702703 0.704778638400286 0.752885852820763 0.96240507106837 0.899638755518553 0.846079775270191 0.787038906949245 0.764439763444916 0.756756756756757 0.764439763444916 0.773936273690614 0.823326822255558
"14" 0.944013470085026 0.879936248437822 0.616311040594129 0.564340892373543 0.170933927576669 0.170933927576669 0.710970077727887 0.489480277737158 0.864864864864865 0.594594594594595 0.432432432432432 0.324324324324324 0.27027027027027 0 0.866552407669265 0.597046541469582 0.489480277737158 0.382219881722458 0.170933927576669 0.0540540540540541 0.764439763444916 0.393519453474623 0.152887952688983 0.120868539324313 0.120868539324313 0.362605617972939 0.229331929033475 0.170933927576669 0.162162162162162 0.532370691988979 0.435797716124246 0.346114823645019 0.241737078648626 0.702702702702703 0.382219881722458 0.275622676410421 0.944013470085026 0.659813817066687 0.574602476364035 0.535107834411441 0.411663411127779 0.382219881722458 0.871595432248492 0.779578654154376 0.735214622093808 0.650897004259043 0.611551810755933 0.483474157297252 0.445741148715423 0.768252454246048 0.727222921463444 0.512801782730007 0.489480277737158 0.489480277737158 1.01988985211423 0.844351316314233 0.727222921463444 0.630373177821114 0.551245352820842 0.540540540540541 0.879936248437822 0.594594594594595 0.996707508896528 0.956313838538061 0.879936248437822 0.683735710306677 0.650897004259043 0.650897004259043 1.11435287178856 1.07294233736644 0.993771692478391 0.825099325539121 0.752885852820763 0.735214622093808 0.702702702702703 1.14920495272807 1.07021566882288 0.996707508896528 0.899638755518553 0.846079775270191 0.803571283638838 0.773936273690614 0.764439763444916 0.758684802573957
"15" 0.275622676410421 0.216216216216216 0.346114823645019 0.389789327077188 0.839144578176217 0.944013470085026 0.229331929033475 0.393519453474623 0.0540540540540541 0.275622676410421 0.435797716124246 0.543236520060589 0.597046541469582 0.866552407669265 0 0.27027027027027 0.378378378378378 0.486486486486486 0.702702702702703 0.864864864864865 0.120868539324313 0.489480277737158 0.758684802573957 0.812610615047184 0.920507371131157 0.551245352820842 0.710970077727887 0.817986267590354 0.871595432248492 0.411663411127779 0.512801782730007 0.616311040594129 0.773936273690614 0.305775905377966 0.63268648166052 0.944013470085026 0.324324324324324 0.45866385806695 0.54054054054054 0.584683990615782 0.773936273690614 0.97447331769297 0.393519453474623 0.435797716124246 0.464990554975277 0.535107834411441 0.574602476364035 0.750942918348638 0.846079775270191 0.509944926057114 0.540540540540541 0.825099325539121 0.918918918918919 1.01558347178681 0.486486486486486 0.532370691988979 0.616311040594129 0.727222921463444 0.899638755518553 0.992300527064098 0.582179979149676 1.01988985211423 0.604342696621565 0.616311040594129 0.653137620194301 0.879936248437822 1.00546352636423 1.09451117466576 0.648648648648649 0.650897004259043 0.668611723073134 0.779578654154376 0.879936248437822 0.9173277161339 1.08108108108108 0.702702702702703 0.710970077727887 0.735214622093808 0.7980985437964 0.854669637883346 0.920507371131157 0.993771692478391 1.03270125267799 1.15680727346123
"16" 0.422175658157116 0.346114823645019 0.216216216216216 0.222870574357711 0.582179979149676 0.683735710306677 0.194894663538594 0.152887952688983 0.275622676410421 0.0540540540540541 0.170933927576669 0.275622676410421 0.328797974610715 0.597046541469582 0.27027027027027 0 0.108108108108108 0.216216216216216 0.432432432432432 0.594594594594595 0.170933927576669 0.222870574357711 0.489480277737158 0.543236520060589 0.650897004259043 0.291089989574838 0.445741148715423 0.551245352820842 0.604342696621565 0.194894663538594 0.27027027027027 0.362605617972939 0.512801782730007 0.222870574357711 0.389789327077188 0.683735710306677 0.422175658157116 0.328797974610715 0.362605617972939 0.389789327077188 0.54054054054054 0.725211235945878 0.411663411127779 0.382219881722458 0.378378378378378 0.393519453474623 0.411663411127779 0.535107834411441 0.616311040594129 0.432432432432432 0.435797716124246 0.611551810755933 0.692229647290038 0.779578654154376 0.556520548161459 0.489480277737158 0.498353754448264 0.556520548161459 0.687995787100425 0.768252454246048 0.543236520060589 0.803571283638838 0.616311040594129 0.604342696621565 0.594594594594595 0.704778638400286 0.803571283638838 0.879936248437822 0.702702702702703 0.683735710306677 0.657595949221429 0.668611723073134 0.725211235945878 0.750942918348638 0.879936248437822 0.752885852820763 0.721171030493315 0.704778638400286 0.710970077727887 0.735214622093808 0.773936273690614 0.825099325539121 0.854669637883346 0.956313838538061
"17" 0.509944926057114 0.435797716124246 0.241737078648626 0.222870574357711 0.483474157297252 0.582179979149676 0.27027027027027 0.108108108108108 0.382219881722458 0.120868539324313 0.0764439763444916 0.170933927576669 0.222870574357711 0.489480277737158 0.378378378378378 0.108108108108108 0 0.108108108108108 0.324324324324324 0.486486486486486 0.275622676410421 0.120868539324313 0.382219881722458 0.435797716124246 0.543236520060589 0.194894663538594 0.341867855153338 0.445741148715423 0.498353754448264 0.162162162162162 0.194894663538594 0.27027027027027 0.411663411127779 0.27027027027027 0.305775905377966 0.582179979149676 0.498353754448264 0.328797974610715 0.328797974610715 0.341867855153338 0.45866385806695 0.630373177821114 0.464990554975277 0.411663411127779 0.393519453474623 0.378378378378378 0.382219881722458 0.464990554975277 0.535107834411441 0.445741148715423 0.435797716124246 0.54054054054054 0.611551810755933 0.692229647290038 0.616311040594129 0.512801782730007 0.486486486486486 0.512801782730007 0.616311040594129 0.687995787100425 0.564340892373543 0.727222921463444 0.653137620194301 0.63268648166052 0.604342696621565 0.653137620194301 0.735214622093808 0.803571283638838 0.750942918348638 0.725211235945878 0.683735710306677 0.650897004259043 0.683735710306677 0.702702702702703 0.810810810810811 0.7980985437964 0.752885852820763 0.721171030493315 0.702702702702703 0.710970077727887 0.735214622093808 0.773936273690614 0.7980985437964 0.886552403613877
"18" 0.604342696621565 0.532370691988979 0.305775905377966 0.27027027027027 0.389789327077188 0.483474157297252 0.362605617972939 0.152887952688983 0.489480277737158 0.222870574357711 0.0764439763444916 0.0764439763444916 0.120868539324313 0.382219881722458 0.486486486486486 0.216216216216216 0.108108108108108 0 0.216216216216216 0.378378378378378 0.382219881722458 0.0540540540540541 0.275622676410421 0.328797974610715 0.435797716124246 0.120868539324313 0.241737078648626 0.341867855153338 0.393519453474623 0.194894663538594 0.162162162162162 0.194894663538594 0.315186588910557 0.346114823645019 0.241737078648626 0.483474157297252 0.584683990615782 0.362605617972939 0.328797974610715 0.324324324324324 0.389789327077188 0.540540540540541 0.535107834411441 0.464990554975277 0.435797716124246 0.393519453474623 0.382219881722458 0.411663411127779 0.464990554975277 0.483474157297252 0.461838040287434 0.483474157297252 0.540540540540541 0.611551810755933 0.687995787100425 0.556520548161459 0.498353754448264 0.489480277737158 0.556520548161459 0.616311040594129 0.604342696621565 0.659813817066687 0.704778638400286 0.677295356007658 0.63268648166052 0.616311040594129 0.677295356007658 0.735214622093808 0.810810810810811 0.779578654154376 0.725211235945878 0.650897004259043 0.657595949221429 0.668611723073134 0.750942918348638 0.854669637883346 0.7980985437964 0.752885852820763 0.710970077727887 0.702702702702703 0.710970077727887 0.735214622093808 0.752885852820763 0.825099325539121
"19" 0.803571283638838 0.735214622093808 0.483474157297252 0.435797716124246 0.241737078648626 0.305775905377967 0.564340892373543 0.341867855153338 0.704778638400286 0.435797716124246 0.275622676410421 0.170933927576669 0.120868539324313 0.170933927576669 0.702702702702703 0.432432432432432 0.324324324324324 0.216216216216216 0 0.162162162162162 0.597046541469582 0.222870574357711 0.0764439763444916 0.120868539324313 0.222870574357711 0.194894663538594 0.108108108108108 0.152887952688983 0.194894663538594 0.362605617972939 0.27027027027027 0.194894663538594 0.170933927576669 0.532370691988979 0.241737078648626 0.305775905377966 0.773936273690614 0.498353754448264 0.422175658157116 0.389789327077188 0.324324324324324 0.389789327077188 0.704778638400286 0.616311040594129 0.574602476364035 0.498353754448264 0.464990554975277 0.382219881722458 0.382219881722458 0.611551810755933 0.574602476364035 0.432432432432432 0.445741148715423 0.483474157297252 0.854669637883346 0.687995787100425 0.584683990615782 0.512801782730007 0.489480277737158 0.512801782730007 0.727222921463444 0.564340892373543 0.840883739789408 0.803571283638838 0.735214622093808 0.597046541469582 0.604342696621565 0.63268648166052 0.956313838538061 0.9173277161339 0.844351316314233 0.702702702702703 0.657595949221429 0.650897004259043 0.668611723073134 0.993771692478391 0.920507371131157 0.854669637883346 0.773936273690614 0.735214622093808 0.710970077727887 0.702702702702703 0.704778638400286 0.735214622093808
"20" 0.957840278198343 0.891482297430846 0.63268648166052 0.582179979149676 0.222870574357711 0.222870574357711 0.721171030493315 0.498353754448264 0.866552407669265 0.597046541469582 0.435797716124246 0.328797974610715 0.275622676410421 0.0540540540540541 0.864864864864865 0.594594594594595 0.486486486486486 0.378378378378378 0.162162162162162 0 0.758684802573957 0.382219881722458 0.120868539324313 0.0764439763444916 0.0764439763444916 0.341867855153338 0.194894663538594 0.120868539324313 0.108108108108108 0.512801782730007 0.411663411127779 0.315186588910557 0.194894663538594 0.683735710306677 0.346114823645019 0.222870574357711 0.923676080574868 0.630373177821114 0.540540540540541 0.498353754448264 0.362605617972939 0.328797974610715 0.846079775270191 0.750942918348638 0.704778638400286 0.616311040594129 0.574602476364035 0.435797716124246 0.393519453474623 0.735214622093808 0.692229647290038 0.461838040287434 0.435797716124246 0.435797716124246 0.992300527064098 0.810810810810811 0.687995787100425 0.584683990615782 0.498353754448264 0.486486486486486 0.844351316314233 0.540540540540541 0.96240507106837 0.920507371131157 0.840883739789408 0.63268648166052 0.597046541469582 0.597046541469582 1.08108108108108 1.03834447093506 0.956313838538061 0.779578654154376 0.702702702702703 0.683735710306677 0.648648648648649 1.11435287178856 1.03270125267799 0.956313838538061 0.854669637883346 0.7980985437964 0.752885852820763 0.721171030493315 0.710970077727887 0.704778638400286
"21" 0.362605617972939 0.291089989574838 0.315186588910557 0.346114823645019 0.752885852820763 0.854669637883346 0.222870574357711 0.315186588910557 0.152887952688983 0.194894663538594 0.341867855153338 0.445741148715423 0.498353754448264 0.764439763444916 0.120868539324313 0.170933927576669 0.275622676410421 0.382219881722458 0.597046541469582 0.758684802573957 0 0.378378378378378 0.648648648648649 0.702702702702703 0.810810810810811 0.435797716124246 0.597046541469582 0.704778638400286 0.758684802573957 0.291089989574838 0.393519453474623 0.498353754448264 0.657595949221429 0.194894663538594 0.512801782730007 0.826868029231262 0.291089989574838 0.346114823645019 0.422175658157116 0.464990554975277 0.653137620194301 0.854669637883346 0.324324324324324 0.341867855153338 0.362605617972939 0.422175658157116 0.45866385806695 0.630373177821114 0.725211235945878 0.411663411127779 0.435797716124246 0.704778638400286 0.7980985437964 0.894753803094424 0.445741148715423 0.445741148715423 0.509944926057114 0.611551810755933 0.779578654154376 0.871595432248492 0.498353754448264 0.899638755518553 0.540540540540541 0.543236520060589 0.564340892373543 0.764439763444916 0.886552403613877 0.97447331769297 0.604342696621565 0.597046541469582 0.597046541469582 0.677295356007658 0.768252454246048 0.803571283638838 0.96240507106837 0.657595949221429 0.648648648648649 0.657595949221429 0.702702702702703 0.750942918348638 0.810810810810811 0.879936248437822 0.9173277161339 1.03834447093506
"22" 0.630373177821114 0.556520548161459 0.346114823645019 0.315186588910557 0.422175658157116 0.509944926057114 0.389789327077188 0.194894663538594 0.498353754448264 0.241737078648626 0.120868539324313 0.120868539324313 0.152887952688983 0.393519453474623 0.489480277737158 0.222870574357711 0.120868539324313 0.0540540540540541 0.222870574357711 0.382219881722458 0.378378378378378 0 0.27027027027027 0.324324324324324 0.432432432432432 0.0764439763444916 0.222870574357711 0.328797974610715 0.382219881722458 0.152887952688983 0.108108108108108 0.152887952688983 0.291089989574838 0.315186588910557 0.194894663538594 0.461838040287434 0.556520548161459 0.315186588910557 0.275622676410421 0.27027027027027 0.346114823645019 0.509944926057114 0.498353754448264 0.422175658157116 0.389789327077188 0.341867855153338 0.328797974610715 0.362605617972939 0.422175658157116 0.435797716124246 0.411663411127779 0.435797716124246 0.498353754448264 0.574602476364035 0.650897004259043 0.509944926057114 0.445741148715423 0.435797716124246 0.509944926057114 0.574602476364035 0.556520548161459 0.616311040594129 0.659813817066687 0.630373177821114 0.582179979149676 0.564340892373543 0.630373177821114 0.692229647290038 0.768252454246048 0.735214622093808 0.677295356007658 0.597046541469582 0.604342696621565 0.616311040594129 0.704778638400286 0.810810810810811 0.750942918348638 0.702702702702703 0.657595949221429 0.648648648648649 0.657595949221429 0.683735710306677 0.702702702702703 0.779578654154376
"23" 0.873269968724514 0.803571283638838 0.556520548161459 0.509944926057114 0.275622676410421 0.315186588910557 0.63268648166052 0.411663411127779 0.764439763444916 0.498353754448264 0.341867855153338 0.241737078648626 0.194894663538594 0.152887952688983 0.758684802573957 0.489480277737158 0.382219881722458 0.275622676410421 0.0764439763444916 0.120868539324313 0.648648648648649 0.27027027027027 0 0.0540540540540541 0.162162162162162 0.222870574357711 0.0764439763444916 0.0764439763444916 0.120868539324313 0.393519453474623 0.291089989574838 0.194894663538594 0.108108108108108 0.564340892373543 0.229331929033475 0.229331929033475 0.803571283638838 0.509944926057114 0.422175658157116 0.382219881722458 0.275622676410421 0.315186588910557 0.725211235945878 0.630373177821114 0.584683990615782 0.498353754448264 0.45866385806695 0.341867855153338 0.324324324324324 0.616311040594129 0.574602476364035 0.382219881722458 0.382219881722458 0.411663411127779 0.871595432248492 0.692229647290038 0.574602476364035 0.483474157297252 0.432432432432432 0.445741148715423 0.727222921463444 0.498353754448264 0.844351316314233 0.803571283638838 0.727222921463444 0.551245352820842 0.543236520060589 0.564340892373543 0.96240507106837 0.920507371131157 0.840883739789408 0.677295356007658 0.616311040594129 0.604342696621565 0.604342696621565 0.996707508896528 0.9173277161339 0.844351316314233 0.750942918348638 0.702702702702703 0.668611723073134 0.650897004259043 0.648648648648649 0.668611723073134
"24" 0.923676080574868 0.854669637883346 0.604342696621565 0.556520548161459 0.27027027027027 0.291089989574838 0.683735710306677 0.461838040287434 0.817986267590354 0.551245352820842 0.393519453474623 0.291089989574838 0.241737078648626 0.120868539324313 0.812610615047184 0.543236520060589 0.435797716124246 0.328797974610715 0.120868539324313 0.0764439763444916 0.702702702702703 0.324324324324324 0.0540540540540541 0 0.108108108108108 0.275622676410421 0.120868539324313 0.0540540540540541 0.0764439763444916 0.445741148715423 0.341867855153338 0.241737078648626 0.120868539324313 0.616311040594129 0.27027027027027 0.194894663538594 0.854669637883346 0.556520548161459 0.464990554975277 0.422175658157116 0.291089989574838 0.291089989574838 0.773936273690614 0.677295356007658 0.630373177821114 0.54054054054054 0.498353754448264 0.362605617972939 0.328797974610715 0.659813817066687 0.616311040594129 0.393519453474623 0.378378378378378 0.393519453474623 0.918918918918919 0.735214622093808 0.611551810755933 0.509944926057114 0.435797716124246 0.435797716124246 0.768252454246048 0.489480277737158 0.886552403613877 0.844351316314233 0.764439763444916 0.564340892373543 0.540540540540541 0.551245352820842 1.00546352636423 0.96240507106837 0.879936248437822 0.704778638400286 0.63268648166052 0.616311040594129 0.597046541469582 1.03834447093506 0.956313838538061 0.879936248437822 0.779578654154376 0.725211235945878 0.683735710306677 0.657595949221429 0.650897004259043 0.657595949221429
"25" 1.02560356546002 0.957840278198343 0.702702702702703 0.653137620194301 0.291089989574838 0.27027027027027 0.787038906949245 0.564340892373543 0.925256365871551 0.657595949221429 0.498353754448264 0.393519453474623 0.341867855153338 0.120868539324313 0.920507371131157 0.650897004259043 0.543236520060589 0.435797716124246 0.222870574357711 0.0764439763444916 0.810810810810811 0.432432432432432 0.162162162162162 0.108108108108108 0 0.382219881722458 0.222870574357711 0.120868539324313 0.0764439763444916 0.551245352820842 0.445741148715423 0.341867855153338 0.194894663538594 0.721171030493315 0.362605617972939 0.162162162162162 0.957840278198343 0.653137620194301 0.556520548161459 0.509944926057114 0.346114823645019 0.27027027027027 0.873269968724514 0.773936273690614 0.725211235945878 0.630373177821114 0.584683990615782 0.422175658157116 0.362605617972939 0.750942918348638 0.704778638400286 0.435797716124246 0.393519453474623 0.378378378378378 1.01558347178681 0.825099325539121 0.692229647290038 0.574602476364035 0.461838040287434 0.435797716124246 0.854669637883346 0.489480277737158 0.97447331769297 0.929981109950554 0.844351316314233 0.604342696621565 0.551245352820842 0.540540540540541 1.09451117466576 1.04953988318636 0.96240507106837 0.768252454246048 0.677295356007658 0.653137620194301 0.597046541469582 1.1247920025235 1.03834447093506 0.956313838538061 0.844351316314233 0.779578654154376 0.725211235945878 0.683735710306677 0.668611723073134 0.648648648648649
"26" 0.704778638400286 0.630373177821114 0.422175658157116 0.389789327077188 0.422175658157116 0.498353754448264 0.464990554975277 0.27027027027027 0.564340892373543 0.315186588910557 0.194894663538594 0.162162162162162 0.170933927576669 0.362605617972939 0.551245352820842 0.291089989574838 0.194894663538594 0.120868539324313 0.194894663538594 0.341867855153338 0.435797716124246 0.0764439763444916 0.222870574357711 0.275622676410421 0.382219881722458 0 0.162162162162162 0.27027027027027 0.324324324324324 0.170933927576669 0.0764439763444916 0.0764439763444916 0.222870574357711 0.341867855153338 0.120868539324313 0.393519453474623 0.582179979149676 0.305775905377966 0.241737078648626 0.222870574357711 0.27027027027027 0.435797716124246 0.509944926057114 0.422175658157116 0.382219881722458 0.315186588910557 0.291089989574838 0.291089989574838 0.346114823645019 0.422175658157116 0.389789327077188 0.362605617972939 0.422175658157116 0.498353754448264 0.659813817066687 0.498353754448264 0.411663411127779 0.378378378378378 0.435797716124246 0.498353754448264 0.54054054054054 0.540540540540541 0.650897004259043 0.616311040594129 0.556520548161459 0.498353754448264 0.556520548161459 0.616311040594129 0.764439763444916 0.727222921463444 0.659813817066687 0.551245352820842 0.543236520060589 0.551245352820842 0.630373177821114 0.803571283638838 0.735214622093808 0.677295356007658 0.616311040594129 0.597046541469582 0.597046541469582 0.616311040594129 0.63268648166052 0.704778638400286
