"V1" "V2" "V3" "V4" "V5" "V6" "V7" "V8" "V9" "V10" "V11" "V12" "V13" "V14" "V15" "V16" "V17" "V18" "V19" "V20" "V21"
"1" 0 0.0808122035641769 0.347586430302755 0.973107792338652 0.416006279387458 0.706818107248742 0.307723703264829 0.333197251134017 1.0505586463343 0.857142857142857 1.07816927223504 0.930218319777126 0.722806322324201 0.795907901553378 0.983122887662014 1.21487380716967 1.25844088831687 1.0222025039999 0.986438657236118 1.22291054623044 1.37380746059101
"2" 0.0808122035641769 0 0.285714285714286 0.914285714285714 0.347586430302755 0.63887656499994 0.235606035749581 0.255550625999976 0.976457570893432 0.777226886213454 0.999591753402051 0.849489642703915 0.651528814342365 0.722806322324201 0.903507902905251 1.1342533280731 1.1780301787479 0.945882591842677 0.921400885519834 1.14285714285714 1.29299525702683
"3" 0.347586430302755 0.285714285714286 0 0.628571428571429 0.0808122035641768 0.361403161162101 0.323248814256707 0.285714285714286 0.715997947779524 0.571428571428571 0.768778516975641 0.666394502268034 0.63887656499994 0.688091118788131 0.777226886213454 0.937212540963241 0.973107792338652 0.864728340024089 0.930218319777126 0.997957096947027 1.10951359079701
"4" 0.973107792338652 0.914285714285714 0.628571428571429 0 0.574278606921194 0.307723703264829 0.887095696929144 0.832012558774916 0.342857142857143 0.53908463611752 0.517450579322138 0.63887656499994 0.973107792338652 0.969746442770122 0.84370417487048 0.745051703451731 0.742857142857143 0.999591753402051 1.21487380716967 0.942424142998322 0.914285714285714
"5" 0.416006279387458 0.347586430302755 0.0808122035641768 0.574278606921194 0 0.291372543633873 0.333197251134017 0.285714285714286 0.63887656499994 0.491561443831007 0.688091118788131 0.588321722342114 0.596588943366317 0.63887656499994 0.706818107248742 0.857142857142857 0.89259996296076 0.802038219863897 0.887095696929144 0.923171109794487 1.03015750727543
"6" 0.706818107248742 0.63887656499994 0.361403161162101 0.307723703264829 0.291372543633873 0 0.582745087267747 0.526831111845308 0.365892813567591 0.342857142857143 0.460700442759917 0.457142857142857 0.688091118788131 0.697517463756212 0.63887656499994 0.668839994898264 0.69045976991969 0.777226886213454 0.951046684405328 0.802038219863897 0.849489642703915
"7" 0.307723703264829 0.235606035749581 0.323248814256707 0.887095696929144 0.333197251134017 0.582745087267747 0 0.0571428571428572 0.864728340024089 0.615447406529658 0.849489642703915 0.666394502268034 0.416006279387458 0.488228785446716 0.688091118788131 0.951046684405328 0.999591753402052 0.715997947779524 0.688091118788131 0.930218319777126 1.09767844070277
"8" 0.333197251134017 0.255550625999976 0.285714285714286 0.832012558774916 0.285714285714286 0.526831111845308 0.0571428571428572 0 0.808122035641769 0.562791874388349 0.795907901553378 0.618094504365255 0.404061017820884 0.471212071499161 0.651528814342365 0.903507902905251 0.951046684405328 0.69045976991969 0.685714285714286 0.89259996296076 1.05366222369062
"9" 1.0505586463343 0.976457570893432 0.715997947779524 0.342857142857143 0.63887656499994 0.365892813567591 0.864728340024089 0.808122035641769 0 0.307723703264829 0.18070158058105 0.365892813567591 0.795907901553378 0.766651877999928 0.565685424949238 0.404061017820884 0.4 0.727309832077592 0.983122887662014 0.615447406529658 0.571428571428571
"10" 0.857142857142857 0.777226886213454 0.571428571428571 0.53908463611752 0.491561443831007 0.342857142857143 0.615447406529658 0.562791874388349 0.307723703264829 0 0.235606035749581 0.114285714285714 0.488228785446716 0.460700442759917 0.307723703264829 0.365892813567591 0.404061017820884 0.460700442759917 0.688091118788131 0.460700442759917 0.53908463611752
"11" 1.07816927223504 0.999591753402051 0.768778516975641 0.517450579322138 0.688091118788131 0.460700442759917 0.849489642703915 0.795907901553378 0.18070158058105 0.235606035749581 0 0.235606035749581 0.695172860605511 0.651528814342365 0.41206300291017 0.228571428571429 0.235606035749581 0.571428571428571 0.84370417487048 0.435187034620795 0.404061017820884
"12" 0.930218319777126 0.849489642703915 0.666394502268034 0.63887656499994 0.588321722342114 0.457142857142857 0.666394502268034 0.618094504365255 0.365892813567591 0.114285714285714 0.235606035749581 0 0.460700442759917 0.416006279387458 0.206031501455085 0.285714285714286 0.333197251134017 0.365892813567591 0.618094504365255 0.347586430302755 0.44629998148038
"13" 0.722806322324201 0.651528814342365 0.63887656499994 0.973107792338652 0.596588943366317 0.688091118788131 0.416006279387458 0.404061017820884 0.795907901553378 0.488228785446716 0.695172860605511 0.460700442759917 0 0.0808122035641769 0.361403161162101 0.695172860605511 0.751596939312338 0.323248814256707 0.291372543633873 0.588321722342114 0.795907901553378
"14" 0.795907901553378 0.722806322324201 0.688091118788131 0.969746442770122 0.63887656499994 0.697517463756212 0.488228785446716 0.471212071499161 0.766651877999928 0.460700442759917 0.651528814342365 0.416006279387458 0.0808122035641769 0 0.291372543633873 0.631163486696415 0.688091118788131 0.242436610692531 0.255550625999976 0.511101251999952 0.722806322324201
"15" 0.983122887662014 0.903507902905251 0.777226886213454 0.84370417487048 0.706818107248742 0.63887656499994 0.688091118788131 0.651528814342365 0.565685424949238 0.307723703264829 0.41206300291017 0.206031501455085 0.361403161162101 0.291372543633873 0 0.342857142857143 0.4 0.161624407128354 0.435187034620795 0.242436610692531 0.435187034620795
"16" 1.21487380716967 1.1342533280731 0.937212540963241 0.745051703451731 0.857142857142857 0.668839994898264 0.951046684405328 0.903507902905251 0.404061017820884 0.365892813567591 0.228571428571429 0.285714285714286 0.695172860605511 0.631163486696415 0.342857142857143 0 0.0571428571428572 0.471212071499161 0.762380803664362 0.242436610692531 0.18070158058105
"17" 1.25844088831687 1.1780301787479 0.973107792338652 0.742857142857143 0.89259996296076 0.69045976991969 0.999591753402052 0.951046684405328 0.4 0.404061017820884 0.235606035749581 0.333197251134017 0.751596939312338 0.688091118788131 0.4 0.0571428571428572 0 0.526831111845308 0.818161203615792 0.285714285714286 0.171428571428571
"18" 1.0222025039999 0.945882591842677 0.864728340024089 0.999591753402051 0.802038219863897 0.777226886213454 0.715997947779524 0.69045976991969 0.727309832077592 0.460700442759917 0.571428571428571 0.365892813567591 0.323248814256707 0.242436610692531 0.161624407128354 0.471212071499161 0.526831111845308 0 0.291372543633873 0.291372543633873 0.517450579322138
"19" 0.986438657236118 0.921400885519834 0.930218319777126 1.21487380716967 0.887095696929144 0.951046684405328 0.688091118788131 0.685714285714286 0.983122887662014 0.688091118788131 0.84370417487048 0.618094504365255 0.291372543633873 0.255550625999976 0.435187034620795 0.762380803664362 0.818161203615792 0.291372543633873 0 0.571428571428571 0.8
"20" 1.22291054623044 1.14285714285714 0.997957096947027 0.942424142998322 0.923171109794487 0.802038219863897 0.930218319777126 0.89259996296076 0.615447406529658 0.460700442759917 0.435187034620795 0.347586430302755 0.588321722342114 0.511101251999952 0.242436610692531 0.242436610692531 0.285714285714286 0.291372543633873 0.571428571428571 0 0.228571428571429
"21" 1.37380746059101 1.29299525702683 1.10951359079701 0.914285714285714 1.03015750727543 0.849489642703915 1.09767844070277 1.05366222369062 0.571428571428571 0.53908463611752 0.404061017820884 0.44629998148038 0.795907901553378 0.722806322324201 0.435187034620795 0.18070158058105 0.171428571428571 0.517450579322138 0.8 0.228571428571429 0
