"V1" "V2" "V3" "V4" "V5" "V6" "V7" "V8" "V9" "V10" "V11" "V12" "V13" "V14" "V15" "V16" "V17" "V18" "V19" "V20" "V21"
"1" 0 0.93678430163469 0.87809633550436 0.9000268532629 0.34437256851343 0.123420300730713 0.598249884719073 0.309676246603512 0.723052907204166 0.928266395775161 0.733547563470484 0.880789370932351 0.233470098791107 0.176170945938896 0.280390223846582 0.707336198189562 0.18386365590645 0.425465918260756 0.240960812573974 0.687253749447369 0.474592897346095
"2" 0.93678430163469 0 0.283211552000156 0.210438919328974 0.847821042029285 0.977122387987957 0.666144088612002 0.915594080305089 0.410348195520214 0.0463082704094207 0.721810251743311 0.144513157851534 0.826934985943519 0.926421367473665 1.21146052726335 0.392448786931595 0.785662311739779 0.88628683683466 0.933753923070041 0.733203320135605 0.834031622706439
"3" 0.87809633550436 0.283211552000156 0 0.0748693136189073 0.89813651100889 0.882394824893241 0.803735282355028 0.951762108167425 0.183058746103253 0.237526152183089 0.46307607226007 0.14048857282636 0.708379900729078 0.815345833931955 1.12817103943957 0.567061165601972 0.700918170567537 0.959153031113243 0.803547115457409 0.894546988682661 0.925261149905872
"4" 0.9000268532629 0.210438919328974 0.0748693136189073 0 0.891315711607898 0.913954928664808 0.773033602101298 0.949185412320426 0.240797395325033 0.16431182586145 0.534544800929547 0.0731977625607372 0.744671040381158 0.850691451727452 1.15831841868293 0.52341615339747 0.727905247360769 0.946948419254708 0.843896363803568 0.858505327152922 0.907916275239027
"5" 0.34437256851343 0.847821042029285 0.89813651100889 0.891315711607898 0 0.466434037199413 0.296711359993879 0.0765272401801703 0.796055615968316 0.856698366336362 0.928217006361981 0.846478121090247 0.503397733609252 0.499944801163216 0.563778895562758 0.506745063494979 0.406759177224104 0.0888199245394047 0.56118350563408 0.361861313683262 0.130834680192248
"6" 0.123420300730713 0.977122387987957 0.882394824893241 0.913954928664808 0.466434037199413 0 0.70837697265028 0.433038682146433 0.714162421189187 0.963054003737995 0.672673124406507 0.904447018944416 0.181086539047294 0.081493309860756 0.24610497893711 0.789488782508405 0.191460126793435 0.54859268898531 0.137169952699037 0.80189905451363 0.595971399172896
"7" 0.598249884719073 0.666144088612002 0.803735282355028 0.773033602101298 0.296711359993879 0.70837697265028 0 0.371172346028418 0.76134948651289 0.688737977839277 0.981862846455629 0.711631604733346 0.680614864890889 0.716723774404321 0.849385693926925 0.276326066476321 0.583198925446446 0.277836004215158 0.767630813685029 0.110311094567621 0.205242887508733
"8" 0.309676246603512 0.915594080305089 0.951762108167425 0.949185412320426 0.0765272401801703 0.433038682146433 0.371172346028418 0 0.839614574474121 0.922549632783911 0.948944865128149 0.907513598825432 0.497064327032606 0.477417698223058 0.502456936253603 0.581860739002294 0.405854638072834 0.123022343243659 0.541049780591033 0.429519937602902 0.188846458710601
"9" 0.723052907204166 0.410348195520214 0.183058746103253 0.240797395325033 0.796055615968316 0.714162421189187 0.76134948651289 0.839614574474121 0 0.371367867727472 0.313096544986054 0.274279548431311 0.536145819244463 0.643268337811703 0.96017083047043 0.572033399500008 0.540922054613482 0.867486353241302 0.626634639856451 0.86350236212867 0.846139820417528
"10" 0.928266395775161 0.0463082704094207 0.237526152183089 0.16431182586145 0.856698366336362 0.963054003737995 0.688737977839277 0.922549632783911 0.371367867727472 0 0.681078182190243 0.100483031660693 0.808127906973353 0.909458111170306 1.20028998055431 0.418667821610155 0.771833967636336 0.899241873869062 0.913812710312913 0.760496198354198 0.849781037730098
"11" 0.733547563470484 0.721810251743311 0.46307607226007 0.534544800929547 0.928217006361981 0.672673124406507 0.981862846455629 0.948944865128149 0.313096544986054 0.681078182190243 0 0.581616820891797 0.501972250524243 0.591237486631293 0.897839030933167 0.846600896481525 0.561576707342765 1.01246234416803 0.545893903348794 1.090973636722 1.01273942075983
"12" 0.880789370932351 0.144513157851534 0.14048857282636 0.0731977625607372 0.846478121090247 0.904447018944416 0.711631604733346 0.907513598825432 0.274279548431311 0.100483031660693 0.581616820891797 0 0.741529002239356 0.845658223605545 1.14613355203694 0.455721754366683 0.715106727362333 0.897668440776484 0.844458180634839 0.793712099241015 0.854986303843041
"13" 0.233470098791107 0.826934985943519 0.708379900729078 0.744671040381158 0.503397733609252 0.181086539047294 0.680614864890889 0.497064327032606 0.536145819244463 0.808127906973353 0.501972250524243 0.741529002239356 0 0.107173696413552 0.425270819255302 0.697161171319104 0.0995522880806655 0.592096928831476 0.108835320021552 0.785455351441641 0.619963834550442
"14" 0.176170945938896 0.926421367473665 0.815345833931955 0.850691451727452 0.499944801163216 0.081493309860756 0.716723774404321 0.477417698223058 0.643268337811703 0.909458111170306 0.591237486631293 0.845658223605545 0.107173696413552 0 0.319424475380693 0.768591657032233 0.151890115135196 0.586016049083776 0.064833067723019 0.815928414025449 0.625707443869218
"15" 0.280390223846582 1.21146052726335 1.12817103943957 1.15831841868293 0.563778895562758 0.24610497893711 0.849385693926925 0.502456936253603 0.96017083047043 1.20028998055431 0.897839030933167 1.14613355203694 0.425270819255302 0.319424475380693 0 0.985051289230908 0.431127120803075 0.624818904063584 0.353139939902141 0.925160023942062 0.6903168703299
"16" 0.707336198189562 0.392448786931595 0.567061165601972 0.52341615339747 0.506745063494979 0.789488782508405 0.276326066476321 0.581860739002294 0.572033399500008 0.418667821610155 0.846600896481525 0.455721754366683 0.697161171319104 0.768591657032233 0.985051289230908 0 0.617247144079951 0.523468577115007 0.802116760057397 0.341850529691249 0.461172890940521
"17" 0.18386365590645 0.785662311739779 0.700918170567537 0.727905247360769 0.406759177224104 0.191460126793435 0.583198925446446 0.405854638072834 0.540922054613482 0.771833967636336 0.561576707342765 0.715106727362333 0.0995522880806655 0.151890115135196 0.431127120803075 0.617247144079951 0 0.495578599046046 0.18845690172417 0.687097756097259 0.521142458617072
"18" 0.425465918260756 0.88628683683466 0.959153031113243 0.946948419254708 0.0888199245394047 0.54859268898531 0.277836004215158 0.123022343243659 0.867486353241302 0.899241873869062 1.01246234416803 0.897668440776484 0.592096928831476 0.586016049083776 0.624818904063584 0.523468577115007 0.495578599046046 0 0.647975732368393 0.317265001324021 0.0749400830664346
"19" 0.240960812573974 0.933753923070041 0.803547115457409 0.843896363803568 0.56118350563408 0.137169952699037 0.767630813685029 0.541049780591033 0.626634639856451 0.913812710312913 0.545893903348794 0.844458180634839 0.108835320021552 0.064833067723019 0.353139939902141 0.802116760057397 0.18845690172417 0.647975732368393 0 0.869075494009646 0.68542222528902
"20" 0.687253749447369 0.733203320135605 0.894546988682661 0.858505327152922 0.361861313683262 0.80189905451363 0.110311094567621 0.429519937602902 0.86350236212867 0.760496198354198 1.090973636722 0.793712099241015 0.785455351441641 0.815928414025449 0.925160023942062 0.341850529691249 0.687097756097259 0.317265001324021 0.869075494009646 0 0.243201119472334
"21" 0.474592897346095 0.834031622706439 0.925261149905872 0.907916275239027 0.130834680192248 0.595971399172896 0.205242887508733 0.188846458710601 0.846139820417528 0.849781037730098 1.01273942075983 0.854986303843041 0.619963834550442 0.625707443869218 0.6903168703299 0.461172890940521 0.521142458617072 0.0749400830664346 0.68542222528902 0.243201119472334 0
