"V1" "V2" "V3" "V4" "V5" "V6" "V7" "V8" "V9" "V10" "V11" "V12" "V13" "V14" "V15" "V16" "V17" "V18" "V19" "V20" "V21"
"1" 0 0.691243365082486 0.836415812999183 0.309261051639776 0.613838808362271 0.606251798972848 0.437753077883632 0.280344304887976 0.542503309369675 0.899987441872243 0.647577904842058 0.681872582189001 0.621885373397243 0.491878336393646 0.168126125893525 0.942238177751245 0.457700470034833 0.432320440831398 0.488768771903554 0.974313711901824 0.695771496062736
"2" 0.691243365082486 0 0.742846912016384 0.506666146203744 0.139679952388545 0.167145324642263 0.25411133995246 0.507470861252116 0.644700009597609 0.684405418253837 0.390982666480727 0.490326228898365 0.178939509486843 0.721019987664841 0.588529796533514 1.03344764776399 0.849050266277213 0.372626039132117 0.508764308209492 0.385426889454977 0.596521476868576
"3" 0.836415812999183 0.742846912016384 0 0.543728213493433 0.613327516385395 0.848808452502612 0.689474849549136 0.913027941561178 0.298371936019297 0.142601235457619 0.354146190389477 0.254752446828717 0.568295761527684 0.386316061178024 0.671906450494655 0.319409741336099 0.536694674550865 0.503177892354071 0.364753312894944 0.616902659267983 0.163765167338731
"4" 0.309261051639776 0.506666146203744 0.543728213493433 0 0.387690066920464 0.497890275629327 0.284452711891464 0.386414035506991 0.271108605102564 0.593854085386596 0.344663570456819 0.372622704297701 0.376765598870623 0.275702305344008 0.142215859230869 0.709729087229561 0.355501117753911 0.151279859538871 0.182871160065849 0.70269370369899 0.392932229803194
"5" 0.613838808362271 0.139679952388545 0.613327516385395 0.387690066920464 0 0.243417289510145 0.191727754536745 0.482865027703156 0.505375317453048 0.568255140962442 0.259190818463126 0.358770677593195 0.0461204618433206 0.584334457027948 0.488704979870007 0.896836978901792 0.718243744636311 0.243541455389421 0.37029233008918 0.376664121949976 0.461884214748515
"6" 0.606251798972848 0.167145324642263 0.848808452502612 0.497890275629327 0.243417289510145 0 0.213457463860048 0.377709491135062 0.696268954769972 0.811223561761604 0.496636545993208 0.594616225841657 0.289370790542542 0.751303258753195 0.540290542847461 1.11648166669347 0.853345688154403 0.3995908134368 0.557749179799061 0.552566523272678 0.691347172745324
"7" 0.437753077883632 0.25411133995246 0.689474849549136 0.284452711891464 0.191727754536745 0.213457463860048 0 0.293400827007623 0.496799969384043 0.681055467380943 0.360145781766791 0.446288638158153 0.216851648497258 0.542001528661397 0.339631819285065 0.930131366572747 0.639888577642065 0.199682833387399 0.361323999366349 0.568321088484317 0.526156744208299
"8" 0.280344304887976 0.507470861252116 0.913027941561178 0.386414035506991 0.482865027703156 0.377709491135062 0.293400827007623 0 0.657100733122904 0.934908443565189 0.627387170073206 0.697296958576016 0.510248765394534 0.652563410642545 0.317027825899437 1.09579241103375 0.67950833652173 0.417567322690081 0.550082935997179 0.858742419194431 0.752322837920582
"9" 0.542503309369675 0.644700009597609 0.298371936019297 0.271108605102564 0.505375317453048 0.696268954769972 0.496799969384043 0.657100733122904 0 0.389996819757621 0.304113007770132 0.251180382010707 0.471501240760889 0.113497931438921 0.382615743931034 0.442069643490869 0.282875335654405 0.298177368747038 0.138804016888542 0.688460197676874 0.19120618223263
"10" 0.899987441872243 0.684405418253837 0.142601235457619 0.593854085386596 0.568255140962442 0.811223561761604 0.681055467380943 0.934908443565189 0.389996819757621 0 0.322021738682633 0.23802413218331 0.522144954680524 0.493654010734608 0.73201586486763 0.447282186083693 0.655100514226935 0.517381688444521 0.411569380904625 0.497712755944241 0.206329546181934
"11" 0.647577904842058 0.390982666480727 0.354146190389477 0.344663570456819 0.259190818463126 0.496636545993208 0.360145781766791 0.627387170073206 0.304113007770132 0.322021738682633 0 0.0996817320341138 0.214369366047889 0.408945659821906 0.485092940701795 0.64432335144781 0.571004420842508 0.220920818417728 0.20718930850828 0.390091705136481 0.20627404638173
"12" 0.681872582189001 0.490326228898365 0.254752446828717 0.372622704297701 0.358770677593195 0.594616225841657 0.446288638158153 0.697296958576016 0.251180382010707 0.23802413218331 0.0996817320341138 0 0.314049389645516 0.363766991760183 0.514515054594194 0.547372697481661 0.532325963850284 0.280129264051001 0.200911125474988 0.442359493054647 0.110247920712998
"13" 0.621885373397243 0.178939509486843 0.568295761527684 0.376765598870623 0.0461204618433206 0.289370790542542 0.216851648497258 0.510248765394534 0.471501240760889 0.522144954680524 0.214369366047889 0.314049389645516 0 0.555513304810436 0.487798071262655 0.854700717725781 0.695415113741219 0.227444948241621 0.339351814934088 0.356363003720663 0.418463324317587
"14" 0.491878336393646 0.721019987664841 0.386316061178024 0.275702305344008 0.584334457027948 0.751303258753195 0.542001528661397 0.652563410642545 0.113497931438921 0.493654010734608 0.408945659821906 0.363766991760183 0.555513304810436 0 0.349212726957421 0.452721544394394 0.169384335665004 0.35448130055644 0.216967821411266 0.797190022421988 0.302063301981856
"15" 0.168126125893525 0.588529796533514 0.671906450494655 0.142215859230869 0.488704979870007 0.540290542847461 0.339631819285065 0.317027825899437 0.382615743931034 0.73201586486763 0.485092940701795 0.514515054594194 0.487798071262655 0.349212726957421 0 0.801402298786152 0.362923501065113 0.277644691437423 0.320664491739083 0.83004276696599 0.528283219091549
"16" 0.942238177751245 1.03344764776399 0.319409741336099 0.709729087229561 0.896836978901792 1.11648166669347 0.930131366572747 1.09579241103375 0.442069643490869 0.447282186083693 0.64432335144781 0.547372697481661 0.854700717725781 0.452721544394394 0.801402298786152 0 0.51887500289178 0.730753246003436 0.569780506049057 0.936184445549091 0.438105484308865
"17" 0.457700470034833 0.849050266277213 0.536694674550865 0.355501117753911 0.718243744636311 0.853345688154403 0.639888577642065 0.67950833652173 0.282875335654405 0.655100514226935 0.571004420842508 0.532325963850284 0.695415113741219 0.169384335665004 0.362923501065113 0.51887500289178 0 0.47650483814564 0.368638878452916 0.960961788270472 0.470111583846496
"18" 0.432320440831398 0.372626039132117 0.503177892354071 0.151279859538871 0.243541455389421 0.3995908134368 0.199682833387399 0.417567322690081 0.298177368747038 0.517381688444521 0.220920818417728 0.280129264051001 0.227444948241621 0.35448130055644 0.277644691437423 0.730753246003436 0.47650483814564 0 0.161657136218878 0.553753728705857 0.339814633975745
"19" 0.488768771903554 0.508764308209492 0.364753312894944 0.182871160065849 0.37029233008918 0.557749179799061 0.361323999366349 0.550082935997179 0.138804016888542 0.411569380904625 0.20718930850828 0.200911125474988 0.339351814934088 0.216967821411266 0.320664491739083 0.569780506049057 0.368638878452916 0.161657136218878 0 0.595974796886409 0.210220384769078
"20" 0.974313711901824 0.385426889454977 0.616902659267983 0.70269370369899 0.376664121949976 0.552566523272678 0.568321088484317 0.858742419194431 0.688460197676874 0.497712755944241 0.390091705136481 0.442359493054647 0.356363003720663 0.797190022421988 0.83004276696599 0.936184445549091 0.960961788270472 0.553753728705857 0.595974796886409 0 0.539648953516376
"21" 0.695771496062736 0.596521476868576 0.163765167338731 0.392932229803194 0.461884214748515 0.691347172745324 0.526156744208299 0.752322837920582 0.19120618223263 0.206329546181934 0.20627404638173 0.110247920712998 0.418463324317587 0.302063301981856 0.528283219091549 0.438105484308865 0.470111583846496 0.339814633975745 0.210220384769078 0.539648953516376 0
