"V1" "V2" "V3" "V4" "V5" "V6" "V7" "V8" "V9" "V10" "V11" "V12" "V13" "V14" "V15" "V16" "V17" "V18" "V19" "V20" "V21"
"1" 0 0.686697863087461 0.457557958242936 0.372095365979615 0.730054084319026 0.65114415480306 0.603565932151169 0.039919200772185 0.436164414190998 0.363399240744731 0.489893949219738 0.701709409187429 0.550909449478197 0.718048408802613 0.148809661327761 0.405665380420866 0.843718918804382 0.145531263659693 0.532964623662338 0.722206561906284 0.91305255961666
"2" 0.686697863087461 0 0.343198222011239 0.479558065245009 0.38955401092946 0.359809651112631 0.437231994672853 0.677462169330131 0.608585047514096 0.500692298279295 0.590971497920016 0.669205402107677 0.222140118969529 0.210565307541847 0.568652185905751 0.368283593676044 0.50401637351756 0.573487843567098 0.177222246947747 0.0841901673919996 0.233817092605785
"3" 0.457557958242936 0.343198222011239 0 0.140930629412852 0.623768646407674 0.558889837326966 0.186069571592313 0.467053212213668 0.616735736002614 0.162265192936279 0.632993734488829 0.796407007112863 0.127448896185603 0.497515801403003 0.403976536904653 0.384020451938912 0.755612121200689 0.408115864874245 0.304067024862067 0.417039034330819 0.568989120520093
"4" 0.372095365979615 0.479558065245009 0.140930629412852 0 0.720302089761801 0.64875527743524 0.232803551892421 0.391808434368916 0.633137768971118 0.0213711833647532 0.66169722062257 0.847183757802044 0.268298148038702 0.615548587964441 0.364523296279999 0.435914690688826 0.852368855229627 0.367533687179249 0.411374263326229 0.549175181563576 0.708376852802513
"5" 0.730054084319026 0.38955401092946 0.623768646407674 0.720302089761801 0 0.0793247650341508 0.778268200374778 0.701519324309475 0.40875111448908 0.737048892629291 0.358290444099395 0.32190170783972 0.547684792224985 0.185373950947991 0.581338233235312 0.328822880372885 0.132288547881711 0.584807757663165 0.320473781327395 0.320819197566348 0.428968485812902
"6" 0.65114415480306 0.359809651112631 0.558889837326966 0.64875527743524 0.0793247650341508 0 0.720782950255457 0.623015241247158 0.348547797546044 0.664838715653745 0.303882933120767 0.31465225327793 0.492657688462546 0.179652118805191 0.502516400943696 0.249532240814731 0.205811688178594 0.506042782724927 0.260252869411559 0.303467575948259 0.443254826388895
"7" 0.603565932151169 0.437231994672853 0.186069571592313 0.232803551892421 0.778268200374778 0.720782950255457 0 0.620840587952877 0.802805082657685 0.245200801957768 0.81845929694478 0.976509762532364 0.231216923256222 0.628647342915324 0.57654542897514 0.567440793706838 0.907329404251347 0.580275879178222 0.460536254733979 0.520734618298652 0.627987002795538
"8" 0.039919200772185 0.677462169330131 0.467053212213668 0.391808434368916 0.701519324309475 0.623015241247158 0.620840587952877 0 0.397568128001535 0.384911876322301 0.45199941336017 0.663719326059314 0.553346697168019 0.69768252686849 0.1217903404491 0.38063325635955 0.812778357226338 0.117811844322862 0.518432709134628 0.708737602980423 0.900684241068743
"9" 0.436164414190998 0.608585047514096 0.616735736002614 0.633137768971118 0.40875111448908 0.348547797546044 0.802805082657685 0.397568128001535 0 0.639596618300188 0.060586208575273 0.267415893126515 0.623120846419934 0.504010413378536 0.311571192456472 0.253608830211331 0.480486110138242 0.311876915202786 0.437576660809406 0.589541739058764 0.76552239064024
"10" 0.363399240744731 0.500692298279295 0.162265192936279 0.0213711833647532 0.737048892629291 0.664838715653745 0.245200801957768 0.384911876322301 0.639596618300188 0 0.669791680403458 0.857824766152375 0.289653960420966 0.634866538909677 0.364313529141085 0.448253993227208 0.868967568670542 0.367096510369865 0.430023913125613 0.569933683581945 0.729697526190838
"11" 0.489893949219738 0.590971497920016 0.632993734488829 0.66169722062257 0.358290444099395 0.303882933120767 0.81845929694478 0.45199941336017 0.060586208575273 0.669791680403458 0 0.211825344276319 0.627201216816041 0.468570232473115 0.358904263959761 0.255238187900828 0.422837563808286 0.359749646893049 0.426476618348909 0.564130275741841 0.733146192818563
"12" 0.701709409187429 0.669205402107677 0.796407007112863 0.847183757802044 0.32190170783972 0.31465225327793 0.976509762532364 0.663719326059314 0.267415893126515 0.857824766152375 0.211825344276319 0 0.763851439857442 0.492419264006261 0.569088170979864 0.41452508914561 0.313706265864691 0.570198507286455 0.536950102017764 0.617834110703727 0.749446158532401
"13" 0.550909449478197 0.222140118969529 0.127448896185603 0.268298148038702 0.547684792224985 0.492657688462546 0.231216923256222 0.553346697168019 0.623120846419934 0.289653960420966 0.627201216816041 0.763851439857442 0 0.399059969745836 0.469264685310693 0.372160856960212 0.676230032282947 0.473903032496987 0.233322531431176 0.301161196127562 0.442643886761403
"14" 0.718048408802613 0.210565307541847 0.497515801403003 0.615548587964441 0.185373950947991 0.179652118805191 0.628647342915324 0.69768252686849 0.504010413378536 0.634866538909677 0.468570232473115 0.492419264006261 0.399059969745836 0 0.576911751148234 0.323685104821153 0.293514953030715 0.581273502744648 0.207489175573861 0.136087707256747 0.26583532797938
"15" 0.148809661327761 0.568652185905751 0.403976536904653 0.364523296279999 0.581338233235312 0.502516400943696 0.57654542897514 0.1217903404491 0.311571192456472 0.364313529141085 0.358904263959761 0.569088170979864 0.469264685310693 0.576911751148234 0 0.258850070117185 0.695178214589006 0.00485365357663842 0.403309274046076 0.593954401434397 0.786666511965479
"16" 0.405665380420866 0.368283593676044 0.384020451938912 0.435914690688826 0.328822880372885 0.249532240814731 0.567440793706838 0.38063325635955 0.253608830211331 0.448253993227208 0.255238187900828 0.41452508914561 0.372160856960212 0.323685104821153 0.258850070117185 0 0.45121656443852 0.262838788551893 0.191536107695993 0.367436131038704 0.557244995581379
"17" 0.843718918804382 0.50401637351756 0.755612121200689 0.852368855229627 0.132288547881711 0.205811688178594 0.907329404251347 0.812778357226338 0.480486110138242 0.868967568670542 0.422837563808286 0.313706265864691 0.676230032282947 0.293514953030715 0.695178214589006 0.45121656443852 0 0.698268132052066 0.451861320176344 0.427742586696607 0.495098677564222
"18" 0.145531263659693 0.573487843567098 0.408115864874245 0.367533687179249 0.584807757663165 0.506042782724927 0.580275879178222 0.117811844322862 0.311876915202786 0.367096510369865 0.359749646893049 0.570198507286455 0.473903032496987 0.581273502744648 0.00485365357663842 0.262838788551893 0.698268132052066 0 0.408047514831944 0.598686926451487 0.791411216418252
"19" 0.532964623662338 0.177222246947747 0.304067024862067 0.411374263326229 0.320473781327395 0.260252869411559 0.460536254733979 0.518432709134628 0.437576660809406 0.430023913125613 0.426476618348909 0.536950102017764 0.233322531431176 0.207489175573861 0.403309274046076 0.191536107695993 0.451861320176344 0.408047514831944 0 0.190660659689622 0.383376837811025
"20" 0.722206561906284 0.0841901673919996 0.417039034330819 0.549175181563576 0.320819197566348 0.303467575948259 0.520734618298652 0.708737602980423 0.589541739058764 0.569933683581945 0.564130275741841 0.617834110703727 0.301161196127562 0.136087707256747 0.593954401434397 0.367436131038704 0.427742586696607 0.598686926451487 0.190660659689622 0 0.192882399200554
"21" 0.91305255961666 0.233817092605785 0.568989120520093 0.708376852802513 0.428968485812902 0.443254826388895 0.627987002795538 0.900684241068743 0.76552239064024 0.729697526190838 0.733146192818563 0.749446158532401 0.442643886761403 0.26583532797938 0.786666511965479 0.557244995581379 0.495098677564222 0.791411216418252 0.383376837811025 0.192882399200554 0
