"V1" "V2" "V3" "V4" "V5" "V6" "V7" "V8" "V9" "V10" "V11" "V12" "V13" "V14" "V15" "V16" "V17" "V18" "V19" "V20" "V21"
"1" 0 0.354443822844137 0.322962778997509 0.576960141428575 0.418649713511483 0.350672260967508 0.137523864875966 0.392723284610882 0.558474311207931 0.472178198855299 0.62304014745432 0.154996549191963 0.68348538064995 0.578364009768266 0.160203098418487 0.227855904471891 0.213775777301771 0.793405275138883 0.754722197288385 0.699270626463745 0.367529260041749
"2" 0.354443822844137 0 0.377746840703086 0.513676025308675 0.619719969017203 0.637410995188427 0.294113080186563 0.314698962693331 0.787567224197513 0.378581952577913 0.710884475590908 0.445227946060491 0.874147622352157 0.829198787356484 0.226135197905172 0.40761146480427 0.142158068345963 0.761715391812069 0.932481486442654 0.744267344414924 0.298910077221207
"3" 0.322962778997509 0.377746840703086 0 0.258010563124552 0.261623967548468 0.666272496098728 0.411158587209518 0.132015081542569 0.428705622385362 0.182341984531212 0.342847298065834 0.249336042542569 0.499160685776883 0.480001908716677 0.223823653858396 0.128571828864289 0.2966790645346 0.471959554260871 0.55524688738144 0.397189752514095 0.120639036334255
"4" 0.576960141428575 0.513676025308675 0.258010563124552 0 0.405854441191782 0.923650911360621 0.647278277425962 0.209736882753863 0.532502623853383 0.135282048965505 0.286932746728863 0.503430587950821 0.532882535686798 0.595996387955562 0.45201764343054 0.381186668091066 0.495319766374642 0.248198967647192 0.559775417635156 0.265576633412333 0.232913924341396
"5" 0.418649713511483 0.619719969017203 0.261623967548468 0.405854441191782 0 0.681130335925045 0.549727693033252 0.386444415376516 0.168772385359924 0.407878439415232 0.256048853862728 0.267340264145533 0.268057511928968 0.218447340484139 0.416395344534986 0.219714913149464 0.508110421798133 0.506518769459638 0.337145464986085 0.35568007444268 0.380184316970915
"6" 0.350672260967508 0.637410995188427 0.666272496098728 0.923650911360621 0.681130335925045 0 0.344097240499315 0.743359244671827 0.767320943534319 0.822776925466928 0.924222782383533 0.438049421681624 0.910605215161546 0.758709499068777 0.502430951336683 0.552515922862296 0.521682565059719 1.12741699926099 0.984918085135669 1.01306685327221 0.718117378289062
"7" 0.137523864875966 0.294113080186563 0.411158587209518 0.647278277425962 0.549727693033252 0.344097240499315 0 0.444254417955701 0.694623463838055 0.526189548610623 0.736749509955424 0.29134343680486 0.816657437178375 0.715750806630014 0.195267219759691 0.344130346764498 0.182276857992339 0.880136871257404 0.886829474498425 0.804516100408067 0.41903060760273
"8" 0.392723284610882 0.314698962693331 0.132015081542569 0.209736882753863 0.386444415376516 0.743359244671827 0.444254417955701 0 0.54933577657618 0.0819737761951041 0.40535572635694 0.360810977985341 0.602411345766947 0.604178026128307 0.250435311977915 0.24941392579289 0.285759612821111 0.455536951309622 0.650483620910021 0.430205434007031 0.02552759056788
"9" 0.558474311207931 0.787567224197513 0.428705622385362 0.532502623853383 0.168772385359924 0.767320943534319 0.694623463838055 0.54933577657618 0 0.560860013472061 0.298326160244586 0.403529023379941 0.14478803912255 0.0646324781453362 0.57929261863076 0.383272675017734 0.672098455880035 0.566955831432669 0.218458458968017 0.396666920944659 0.545242518432502
"10" 0.472178198855299 0.378581952577913 0.182341984531212 0.135282048965505 0.407878439415232 0.822776925466928 0.526189548610623 0.0819737761951041 0.560860013472061 0 0.373563794624709 0.427723652304321 0.594290897615726 0.619906670892148 0.332365065125447 0.309854189860414 0.365122946907046 0.383480907474036 0.634549682891395 0.380343299024863 0.107369287666474
"11" 0.62304014745432 0.710884475590908 0.342847298065834 0.286932746728863 0.256048853862728 0.924222782383533 0.736749509955424 0.40535572635694 0.298326160244586 0.373563794624709 0 0.490539010782773 0.254171539480701 0.361675408553356 0.562490547145841 0.395660369718287 0.639489462605589 0.268953779579494 0.273248896993305 0.102373991903011 0.415431962195549
"12" 0.154996549191963 0.445227946060491 0.249336042542569 0.503430587950821 0.267340264145533 0.438049421681624 0.29134343680486 0.360810977985341 0.403529023379941 0.427723652304321 0.490539010782773 0 0.529419454131799 0.42515364775522 0.219213181174987 0.122260657466064 0.307422915076077 0.691127952924942 0.601272424593544 0.575984941631735 0.339485622008973
"13" 0.68348538064995 0.874147622352157 0.499160685776883 0.532882535686798 0.268057511928968 0.910605215161546 0.816657437178375 0.602411345766947 0.14478803912255 0.594290897615726 0.254171539480701 0.529419454131799 0 0.176788493912475 0.681591972959107 0.486034155917869 0.771713352735434 0.501757179131747 0.0743538630690839 0.331850564081975 0.604242817708827
"14" 0.578364009768266 0.829198787356484 0.480001908716677 0.595996387955562 0.218447340484139 0.758709499068777 0.715750806630014 0.604178026128307 0.0646324781453362 0.619906670892148 0.361675408553356 0.42515364775522 0.176788493912475 0 0.614942062483903 0.421893543966076 0.708282074912168 0.62975106676153 0.244134409005022 0.458764289962881 0.598538882002293
"15" 0.160203098418487 0.226135197905172 0.223823653858396 0.45201764343054 0.416395344534986 0.502430951336683 0.195267219759691 0.250435311977915 0.57929261863076 0.332365065125447 0.562490547145841 0.219213181174987 0.681591972959107 0.614942062483903 0 0.196752924887868 0.0933727835161053 0.686694094554936 0.746309968958517 0.621001303292877 0.224995828653957
"16" 0.227855904471891 0.40761146480427 0.128571828864289 0.381186668091066 0.219714913149464 0.552515922862296 0.344130346764498 0.24941392579289 0.383272675017734 0.309854189860414 0.395660369718287 0.122260657466064 0.486034155917869 0.421893543966076 0.196752924887868 0 0.288996088929873 0.575060902390774 0.552330234154509 0.471872496228752 0.231026279470886
"17" 0.213775777301771 0.142158068345963 0.2966790645346 0.495319766374642 0.508110421798133 0.521682565059719 0.182276857992339 0.285759612821111 0.672098455880035 0.365122946907046 0.639489462605589 0.307422915076077 0.771713352735434 0.708282074912168 0.0933727835161053 0.288996088929873 0 0.738893628399895 0.835101316744254 0.689979920739266 0.262471147684628
"18" 0.793405275138883 0.761715391812069 0.471959554260871 0.248198967647192 0.506518769459638 1.12741699926099 0.880136871257404 0.455536951309622 0.566955831432669 0.383480907474036 0.268953779579494 0.691127952924942 0.501757179131747 0.62975106676153 0.686694094554936 0.575060902390774 0.738893628399895 0 0.494262321996794 0.171973322417929 0.47724369488813
"19" 0.754722197288385 0.932481486442654 0.55524688738144 0.559775417635156 0.337145464986085 0.984918085135669 0.886829474498425 0.650483620910021 0.218458458968017 0.634549682891395 0.273248896993305 0.601272424593544 0.0743538630690839 0.244134409005022 0.746309968958517 0.552330234154509 0.835101316744254 0.494262321996794 0 0.332026763086047 0.6545676034684
"20" 0.699270626463745 0.744267344414924 0.397189752514095 0.265576633412333 0.35568007444268 1.01306685327221 0.804516100408067 0.430205434007031 0.396666920944659 0.380343299024863 0.102373991903011 0.575984941631735 0.331850564081975 0.458764289962881 0.621001303292877 0.471872496228752 0.689979920739266 0.171973322417929 0.332026763086047 0 0.445429879796183
"21" 0.367529260041749 0.298910077221207 0.120639036334255 0.232913924341396 0.380184316970915 0.718117378289062 0.41903060760273 0.02552759056788 0.545242518432502 0.107369287666474 0.415431962195549 0.339485622008973 0.604242817708827 0.598538882002293 0.224995828653957 0.231026279470886 0.262471147684628 0.47724369488813 0.6545676034684 0.445429879796183 0
