"V1" "V2" "V3" "V4" "V5" "V6" "V7" "V8" "V9" "V10" "V11" "V12" "V13" "V14" "V15" "V16" "V17" "V18" "V19" "V20" "V21"
"1" 0 0.521805531621244 0.270122459239211 0.282418691397181 0.259215822704859 0.559232564026534 0.527281825736151 0.124981668929429 0.485760952168295 0.54629435061776 0.482246946881336 0.277708700530784 0.518793028587508 0.419472048732462 0.216718842217551 0.293075686369616 0.318005188596681 0.227632081064648 0.327936293510233 0.298011700211599 0.320565111884872
"2" 0.521805531621244 0 0.757620358147058 0.718786851213793 0.447808306495581 0.455294632506447 0.483286986959026 0.588893320012409 0.110521472164995 0.678937000853515 0.220164115631664 0.450423990650045 0.24768655438107 0.216369496725452 0.365137509955488 0.647048321015484 0.799344014193556 0.749436990480567 0.198939746671374 0.22930459296322 0.433875039664729
"3" 0.270122459239211 0.757620358147058 0 0.0980362112856144 0.358180132178104 0.640127311070966 0.589824874071326 0.169224313050145 0.740907136342687 0.766013497128277 0.658052043821469 0.535994534645726 0.684128939311222 0.685840936017424 0.486820900268746 0.473454677344876 0.350403209882491 0.158739686820592 0.578431247166202 0.528645908098136 0.581517731312587
"4" 0.282418691397181 0.718786851213793 0.0980362112856144 0 0.291111001508165 0.554026670207179 0.501512101375051 0.159152245130233 0.71599033504653 0.813968514681567 0.595839181706896 0.559853409193237 0.617776314229669 0.674882233798385 0.490660305573515 0.531006863774817 0.435877242215292 0.245081741667987 0.553810856539616 0.494137961427064 0.602983800632798
"5" 0.259215822704859 0.447808306495581 0.358180132178104 0.291111001508165 0 0.306473293797697 0.269456126129651 0.219623425207289 0.470315524520481 0.759002868059464 0.304764319469664 0.462075357675643 0.32734638908998 0.4638616210316 0.348735211488687 0.544347373310028 0.566499167872407 0.424151475053255 0.321929205545117 0.246018080253663 0.490502844512821
"6" 0.559232564026534 0.455294632506447 0.640127311070966 0.554026670207179 0.306473293797697 0 0.0586417738469279 0.523576836101832 0.538631607212971 0.9960456266804 0.23539412240263 0.701798144762385 0.210670977564049 0.594082809551537 0.579621289300228 0.827974077443688 0.872176947648295 0.727929109244128 0.463030333478173 0.39423904819724 0.716016603959456
"7" 0.527281825736151 0.483286986959026 0.589824874071326 0.501512101375051 0.269456126129651 0.0586417738469279 0 0.481390098677631 0.558513866796071 0.987371852855101 0.264249059361133 0.690324352102931 0.247181563102476 0.603991347530617 0.56856794496642 0.804268188196344 0.835520883412923 0.684519380161208 0.46704583808303 0.393566085994577 0.708148081621073
"8" 0.124981668929429 0.588893320012409 0.169224313050145 0.159152245130233 0.219623425207289 0.523576836101832 0.481390098677631 0 0.572355445107466 0.667450446299305 0.502191490739527 0.402527107561975 0.532157249755313 0.521836364507263 0.331990612612588 0.398804151206471 0.361347754124449 0.204663875598633 0.409681959767325 0.359709962293217 0.444856638431592
"9" 0.485760952168295 0.110521472164995 0.740907136342687 0.71599033504653 0.470315524520481 0.538631607212971 0.558513866796071 0.572355445107466 0 0.571773815874665 0.305931116302173 0.362734727348512 0.340460438588199 0.1127740075847 0.298047923380089 0.565115300396582 0.735335779526164 0.709957023283934 0.162784786908662 0.226529131639753 0.339485604652331
"10" 0.54629435061776 0.678937000853515 0.766013497128277 0.813968514681567 0.759002868059464 0.9960456266804 0.987371852855101 0.667450446299305 0.571773815874665 0 0.810543413303587 0.298554423332864 0.853216844838832 0.462674179353787 0.419073357392963 0.297509973757154 0.498576555854872 0.630438580942937 0.547285748182102 0.604541376477306 0.280036047334714
"11" 0.482246946881336 0.220164115631664 0.658052043821469 0.595839181706896 0.304764319469664 0.23539412240263 0.264249059361133 0.502191490739527 0.305931116302173 0.810543413303587 0 0.533212187226765 0.0430390652135629 0.374363488497341 0.4170041881985 0.697112365252177 0.796106596330554 0.695502671733016 0.263296646131353 0.217947688658993 0.5356414972209
"12" 0.277708700530784 0.450423990650045 0.535994534645726 0.559853409193237 0.462075357675643 0.701798144762385 0.690324352102931 0.402527107561975 0.362734727348512 0.298554423332864 0.533212187226765 0 0.576227535178824 0.25471423596693 0.122180507081289 0.204017464477415 0.397855586416995 0.438806283659916 0.276020012616789 0.317779965594331 0.0467213713034503
"13" 0.518793028587508 0.24768655438107 0.684128939311222 0.617776314229669 0.32734638908998 0.210670977564049 0.247181563102476 0.532157249755313 0.340460438588199 0.853216844838832 0.0430390652135629 0.576227535178824 0 0.414114211670684 0.459787482910999 0.73904478457296 0.834191824555047 0.728489448700656 0.306070851800675 0.260573996281697 0.578625000476576
"14" 0.419472048732462 0.216369496725452 0.685840936017424 0.674882233798385 0.4638616210316 0.594082809551537 0.603991347530617 0.521836364507263 0.1127740075847 0.462674179353787 0.374363488497341 0.25471423596693 0.414114211670684 0 0.211116854707083 0.458579959506691 0.639521509874192 0.634566843069121 0.144443146941564 0.223523746887067 0.228072088180268
"15" 0.216718842217551 0.365137509955488 0.486820900268746 0.490660305573515 0.348735211488687 0.579621289300228 0.56856794496642 0.331990612612588 0.298047923380089 0.419073357392963 0.4170041881985 0.122180507081289 0.459787482910999 0.211116854707083 0 0.287421206675224 0.437809497562378 0.423948645424929 0.172116690231919 0.199370147622114 0.142539926424552
"16" 0.293075686369616 0.647048321015484 0.473454677344876 0.531006863774817 0.544347373310028 0.827974077443688 0.804268188196344 0.398804151206471 0.565115300396582 0.297509973757154 0.697112365252177 0.204017464477415 0.73904478457296 0.458579959506691 0.287421206675224 0 0.218912607540147 0.333094736301062 0.459277634511348 0.480241279567833 0.237917954702729
"17" 0.318005188596681 0.799344014193556 0.350403209882491 0.435877242215292 0.566499167872407 0.872176947648295 0.835520883412923 0.361347754124449 0.735335779526164 0.498576555854872 0.796106596330554 0.397855586416995 0.834191824555047 0.639521509874192 0.437809497562378 0.218912607540147 0 0.191991390485814 0.600919928479403 0.595612115592196 0.439909493871912
"18" 0.227632081064648 0.749436990480567 0.158739686820592 0.245081741667987 0.424151475053255 0.727929109244128 0.684519380161208 0.204663875598633 0.709957023283934 0.630438580942937 0.695502671733016 0.438806283659916 0.728489448700656 0.634566843069121 0.423948645424929 0.333094736301062 0.191991390485814 0 0.554744709364255 0.524651960260025 0.485516527116778
"19" 0.327936293510233 0.198939746671374 0.578431247166202 0.553810856539616 0.321929205545117 0.463030333478173 0.46704583808303 0.409681959767325 0.162784786908662 0.547285748182102 0.263296646131353 0.276020012616789 0.306070851800675 0.144443146941564 0.172116690231919 0.459277634511348 0.600919928479403 0.554744709364255 0 0.0790944301144583 0.273500498496392
"20" 0.298011700211599 0.22930459296322 0.528645908098136 0.494137961427064 0.246018080253663 0.39423904819724 0.393566085994577 0.359709962293217 0.226529131639753 0.604541376477306 0.217947688658993 0.317779965594331 0.260573996281697 0.223523746887067 0.199370147622114 0.480241279567833 0.595612115592196 0.524651960260025 0.0790944301144583 0 0.325257643464667
"21" 0.320565111884872 0.433875039664729 0.581517731312587 0.602983800632798 0.490502844512821 0.716016603959456 0.708148081621073 0.444856638431592 0.339485604652331 0.280036047334714 0.5356414972209 0.0467213713034503 0.578625000476576 0.228072088180268 0.142539926424552 0.237917954702729 0.439909493871912 0.485516527116778 0.273500498496392 0.325257643464667 0
