"V1" "V2" "V3" "V4" "V5" "V6" "V7" "V8" "V9" "V10" "V11" "V12" "V13" "V14" "V15" "V16" "V17" "V18" "V19" "V20" "V21"
"1" 0 0.206031501455085 0.751596939312338 0.921400885519834 0.383325938999964 0.903507902905251 0.416006279387458 0.646497628513415 1.07816927223504 0.69045976991969 0.969746442770122 0.762380803664362 0.973107792338652 0.849489642703915 1.17247340163904 1.25324069711207 0.921400885519834 0.976457570893432 1.1780301787479 1.25324069711207 1.33401343199186
"2" 0.206031501455085 0 0.571428571428571 0.742857142857143 0.18070158058105 0.706818107248742 0.291372543633873 0.44629998148038 0.872247858427071 0.526831111845308 0.768778516975641 0.628571428571429 0.777226886213454 0.695172860605511 0.973107792338652 1.0505586463343 0.802038219863897 0.818161203615792 0.983122887662014 1.05366222369062 1.1342533280731
"3" 0.751596939312338 0.571428571428571 0 0.171428571428571 0.404061017820884 0.206031501455085 0.69045976991969 0.44629998148038 0.488228785446716 0.688091118788131 0.574278606921194 0.849489642703915 0.63887656499994 0.82412600582034 0.745051703451731 0.762380803664362 1.01739964655799 0.894427190999916 0.8 0.808122035641769 0.87411763090162
"4" 0.921400885519834 0.742857142857143 0.171428571428571 0 0.574278606921194 0.18070158058105 0.849489642703915 0.571428571428571 0.457142857142857 0.81215259448868 0.615447406529658 0.973107792338652 0.69045976991969 0.930218319777126 0.751596939312338 0.742857142857143 1.13137084989848 0.983122887662014 0.818161203615792 0.802038219863897 0.857142857142857
"5" 0.383325938999964 0.18070158058105 0.404061017820884 0.574278606921194 0 0.526831111845308 0.323248814256707 0.307723703264829 0.697517463756212 0.460700442759917 0.618094504365255 0.596588943366317 0.63887656499994 0.631163486696415 0.82412600582034 0.89259996296076 0.777226886213454 0.742857142857143 0.84370417487048 0.903507902905251 0.983122887662014
"6" 0.903507902905251 0.706818107248742 0.206031501455085 0.18070158058105 0.526831111845308 0 0.751596939312338 0.435187034620795 0.291372543633873 0.666394502268034 0.435187034620795 0.82412600582034 0.511101251999952 0.768778516975641 0.574278606921194 0.574278606921194 0.973107792338652 0.81215259448868 0.63887656499994 0.628571428571429 0.688091118788131
"7" 0.416006279387458 0.291372543633873 0.69045976991969 0.849489642703915 0.323248814256707 0.751596939312338 0 0.347586430302755 0.818161203615792 0.285714285714286 0.63887656499994 0.347586430302755 0.618094504365255 0.435187034620795 0.82412600582034 0.921400885519834 0.514285714285714 0.562791874388349 0.81215259448868 0.903507902905251 0.983122887662014
"8" 0.646497628513415 0.44629998148038 0.44629998148038 0.571428571428571 0.307723703264829 0.435187034620795 0.347586430302755 0 0.471212071499161 0.242436610692531 0.323248814256707 0.404061017820884 0.333197251134017 0.383325938999964 0.526831111845308 0.607436903584837 0.571428571428571 0.471212071499161 0.53908463611752 0.607436903584837 0.688091118788131
"9" 1.07816927223504 0.872247858427071 0.488228785446716 0.457142857142857 0.697517463756212 0.291372543633873 0.818161203615792 0.471212071499161 0 0.631163486696415 0.255550625999976 0.762380803664362 0.333197251134017 0.668839994898264 0.307723703264829 0.285714285714286 0.87037406924159 0.666394502268034 0.383325938999964 0.347586430302755 0.4
"10" 0.69045976991969 0.526831111845308 0.688091118788131 0.81215259448868 0.460700442759917 0.666394502268034 0.285714285714286 0.242436610692531 0.631163486696415 0 0.404061017820884 0.161624407128354 0.361403161162101 0.171428571428571 0.562791874388349 0.668839994898264 0.333197251134017 0.291372543633873 0.53908463611752 0.63887656499994 0.715997947779524
"11" 0.969746442770122 0.768778516975641 0.574278606921194 0.615447406529658 0.618094504365255 0.435187034620795 0.63887656499994 0.323248814256707 0.255550625999976 0.404061017820884 0 0.517450579322138 0.0808122035641769 0.416006279387458 0.206031501455085 0.285714285714286 0.615447406529658 0.41206300291017 0.235606035749581 0.285714285714286 0.365892813567591
"12" 0.762380803664362 0.628571428571429 0.849489642703915 0.973107792338652 0.596588943366317 0.82412600582034 0.347586430302755 0.404061017820884 0.762380803664362 0.161624407128354 0.517450579322138 0 0.457142857142857 0.127775312999988 0.63887656499994 0.751596939312338 0.18070158058105 0.242436610692531 0.596588943366317 0.706818107248742 0.777226886213454
"13" 0.973107792338652 0.777226886213454 0.63887656499994 0.69045976991969 0.63887656499994 0.511101251999952 0.618094504365255 0.333197251134017 0.333197251134017 0.361403161162101 0.0808122035641769 0.457142857142857 0 0.347586430302755 0.206031501455085 0.307723703264829 0.542104741743151 0.333197251134017 0.206031501455085 0.285714285714286 0.365892813567591
"14" 0.849489642703915 0.695172860605511 0.82412600582034 0.930218319777126 0.631163486696415 0.768778516975641 0.435187034620795 0.383325938999964 0.668839994898264 0.171428571428571 0.416006279387458 0.127775312999988 0.347586430302755 0 0.517450579322138 0.631163486696415 0.206031501455085 0.127775312999988 0.471212071499161 0.582745087267747 0.651528814342365
"15" 1.17247340163904 0.973107792338652 0.745051703451731 0.751596939312338 0.82412600582034 0.574278606921194 0.82412600582034 0.526831111845308 0.307723703264829 0.562791874388349 0.206031501455085 0.63887656499994 0.206031501455085 0.517450579322138 0 0.114285714285714 0.688091118788131 0.460700442759917 0.0808122035641769 0.0808122035641768 0.161624407128354
"16" 1.25324069711207 1.0505586463343 0.762380803664362 0.742857142857143 0.89259996296076 0.574278606921194 0.921400885519834 0.607436903584837 0.285714285714286 0.668839994898264 0.285714285714286 0.751596939312338 0.307723703264829 0.631163486696415 0.114285714285714 0 0.802038219863897 0.574278606921194 0.18070158058105 0.0808122035641769 0.114285714285714
"17" 0.921400885519834 0.802038219863897 1.01739964655799 1.13137084989848 0.777226886213454 0.973107792338652 0.514285714285714 0.571428571428571 0.87037406924159 0.333197251134017 0.615447406529658 0.18070158058105 0.542104741743151 0.206031501455085 0.688091118788131 0.802038219863897 0 0.228571428571429 0.628571428571429 0.742857142857143 0.802038219863897
"18" 0.976457570893432 0.818161203615792 0.894427190999916 0.983122887662014 0.742857142857143 0.81215259448868 0.562791874388349 0.471212071499161 0.666394502268034 0.291372543633873 0.41206300291017 0.242436610692531 0.333197251134017 0.127775312999988 0.460700442759917 0.574278606921194 0.228571428571429 0 0.4 0.514285714285714 0.574278606921194
"19" 1.1780301787479 0.983122887662014 0.8 0.818161203615792 0.84370417487048 0.63887656499994 0.81215259448868 0.53908463611752 0.383325938999964 0.53908463611752 0.235606035749581 0.596588943366317 0.206031501455085 0.471212071499161 0.0808122035641769 0.18070158058105 0.628571428571429 0.4 0 0.114285714285714 0.18070158058105
"20" 1.25324069711207 1.05366222369062 0.808122035641769 0.802038219863897 0.903507902905251 0.628571428571429 0.903507902905251 0.607436903584837 0.347586430302755 0.63887656499994 0.285714285714286 0.706818107248742 0.285714285714286 0.582745087267747 0.0808122035641768 0.0808122035641769 0.742857142857143 0.514285714285714 0.114285714285714 0 0.0808122035641769
"21" 1.33401343199186 1.1342533280731 0.87411763090162 0.857142857142857 0.983122887662014 0.688091118788131 0.983122887662014 0.688091118788131 0.4 0.715997947779524 0.365892813567591 0.777226886213454 0.365892813567591 0.651528814342365 0.161624407128354 0.114285714285714 0.802038219863897 0.574278606921194 0.18070158058105 0.0808122035641769 0
