"V1" "V2" "V3" "V4" "V5" "V6" "V7" "V8" "V9" "V10" "V11" "V12" "V13" "V14" "V15" "V16" "V17" "V18" "V19" "V20" "V21" "V22" "V23" "V24" "V25" "V26" "V27" "V28" "V29" "V30" "V31" "V32" "V33" "V34" "V35" "V36" "V37" "V38" "V39" "V40" "V41" "V42" "V43" "V44" "V45" "V46" "V47" "V48" "V49" "V50" "V51" "V52" "V53" "V54" "V55" "V56" "V57" "V58" "V59" "V60" "V61" "V62" "V63" "V64" "V65" "V66" "V67" "V68" "V69" "V70" "V71" "V72" "V73" "V74" "V75" "V76" "V77" "V78" "V79" "V80" "V81" "V82" "V83" "V84"
"1" 0 0.0969045074247841 0.135789013979987 0.0969688040772316 0.224079575839225 0.138727034553219 0.0891024908963808 0.0749965828933309 0.226173068793731 0.135944949426745 0.260591021639947 0.127653765907721 0.197069762145241 0.18297756984318 0.376777669881727 0.29350496330551 0.202464093686073 0.317581083658933 0.200692912322187 0.200323680063671 0.178478435185775 0.128868549778892 0.172470535331829 0.378519238167012 0.243310827257492 0.049103303561399 0.269678265008791 0.284462616268665 0.189566334868469 0.211494604468486 0.36799660927132 0.30971737365495 0.184177995405333 0.24280313979805 0.101827394453297 0.284597278065599 0.28168177367007 0.146629694901508 0.288462970661394 0.318977217288368 0.36767812031526 0.252060394244624 0.338990214279826 0.0300162666281663 0.161708802771832 0.233760678996678 0.24206830757686 0.119883371605893 0.19367643568517 0.154038620885047 0.0988014630591938 0.216971797131994 0.197013940942419 0.236243326390205 0.169476065065217 0.194643914435515 0.368839769941919 0.333105990722376 0.121107089021005 0.282652450441052 0.0542580058478503 0.383873401353275 0.115949571551273 0.378168477235378 0.265012647225866 0.172695344092697 0.224122697821278 0.28970997682415 0.389507000748625 0.157079902104623 0.161714779205413 0.116689842302534 0.267958621314097 0.288319891065701 0.330380911645145 0.197565724672273 0.0577289051677944 0.116763048582483 0.0978978276419112 0.0654182625368113 0.239777694085469 0.287522069549961 0.167904225285683 0.322918919180991
"2" 0.0969045074247841 0 0.108615505945627 0.0930726159855939 0.135115878929719 0.0479709180595765 0.0546171974865451 0.0910067358967887 0.2116722519886 0.0880083902257329 0.199758505030514 0.127138304611755 0.205235298738637 0.138958909118722 0.287175289094949 0.202615820063361 0.123214297936904 0.278898108927637 0.139794954720995 0.106249198999251 0.108605694248861 0.221173979681218 0.0916887814110451 0.28199761826254 0.146903874104107 0.0789409930676022 0.239830102970493 0.228977538560557 0.0926714605037466 0.238976586086688 0.329763580440157 0.247317558407183 0.228954887652805 0.250619623453926 0.0832195007657156 0.202508435641896 0.185622294601445 0.0546105695919239 0.191672206507839 0.306761715071499 0.354894350030643 0.218450388843265 0.256889813967505 0.125274091886323 0.110966518005963 0.196414359539667 0.162368473291963 0.0623425070743112 0.09945023143466 0.155049375842044 0.122384239283556 0.142089657797371 0.263481473022569 0.188676160103764 0.18082869168043 0.185087920294246 0.295539336194083 0.283799473685878 0.0416266203841691 0.267199343891469 0.0549974174292726 0.330663894529284 0.0596587167325677 0.313602417470199 0.17298154355974 0.154798916468353 0.156500397968456 0.217305789285609 0.307977382898005 0.190206338247518 0.218023158622083 0.167444173322103 0.284552019879359 0.240644215202439 0.240199089581066 0.170910199311256 0.117844106931203 0.146804141786048 0.166502060581236 0.0347476366507445 0.274288592386359 0.286600887984594 0.0989159988946144 0.248557365989935
"3" 0.135789013979987 0.108615505945627 0 0.191790645058337 0.136346852869216 0.145697730202005 0.0587383649834304 0.0632549683088162 0.103415474562029 0.0290569797137553 0.129236687167704 0.035085589362429 0.100827488080393 0.0485217344473456 0.273247108449851 0.199758781841791 0.100568612324586 0.182960110342141 0.0752280157371861 0.135717528766294 0.21287887915534 0.208769758931606 0.0856552908692959 0.30500720262988 0.182731336121622 0.157066956009302 0.137554194085131 0.150028805639742 0.153023991348655 0.142449946205068 0.233875675433341 0.177435582482822 0.14758664506618 0.144008875857631 0.0345277894449831 0.173111940775131 0.212043087295978 0.100803583298311 0.237521528708352 0.199011232687009 0.247570780540974 0.118131325606039 0.223478462171975 0.146807088642883 0.0371338890116278 0.0985218267305568 0.132108943150678 0.0497262750948909 0.176951084385972 0.0530370953224943 0.0622089042884762 0.104483349804196 0.20021943629787 0.100821782720072 0.0808619454075028 0.0765933768448497 0.242073107467727 0.197327127944644 0.0774263149298151 0.159761439314167 0.0894535893434933 0.248219803677326 0.168124552029992 0.245571580137623 0.178445284438021 0.0462144165467635 0.101449814461274 0.165527750120925 0.2709127700564 0.105680955546281 0.15049426439626 0.108845860029824 0.179835267459441 0.152552244386227 0.231280498210914 0.065306033035918 0.101977346892319 0.0756384524757192 0.129542536928302 0.121117871787322 0.179609497485116 0.178060180936425 0.0640437356883464 0.198836587729212
"4" 0.0969688040772316 0.0930726159855939 0.191790645058337 0 0.220252055970378 0.0993685257377066 0.133057268363899 0.149172902679113 0.294189789311282 0.177083543264177 0.292831056416966 0.199518746489169 0.276988630484371 0.229154803591739 0.366929989868688 0.282740231150368 0.214524500914717 0.369894494140807 0.232738044657229 0.186034129866137 0.100393654957898 0.216186531740207 0.18346214849023 0.343457038466472 0.215335079789485 0.0480206276964863 0.328218980479926 0.321949151214802 0.158794701753059 0.300333718684085 0.420982553228767 0.340278032851849 0.278076694561362 0.323662127814596 0.159639082119605 0.290659090430591 0.253747647420103 0.142705138865525 0.246210349820663 0.389932739655472 0.438762455986021 0.307589909387583 0.344051423673628 0.122626427239612 0.201886441319907 0.286185135960709 0.252564734395654 0.152298822370427 0.147219672509155 0.228482082021657 0.180730943105024 0.234165576857456 0.293969943258023 0.280507527368308 0.250019131263298 0.264777688103471 0.386294133752268 0.376464605354827 0.134669637480975 0.35112107181084 0.106986680620557 0.423686776673123 0.0520901622985368 0.406166637878767 0.252486425533753 0.236875225177589 0.249433666137226 0.30900136179852 0.394804029247746 0.24660460542463 0.257737950606285 0.210514622434855 0.353347500068538 0.332922922477076 0.320217704724467 0.256878801505061 0.150805043017094 0.203161464022478 0.194668898199429 0.0706803352648135 0.331556974548241 0.364604939680904 0.191986000893692 0.339389448681589
"5" 0.224079575839225 0.135115878929719 0.136346852869216 0.220252055970378 0 0.123763184540035 0.14059335172369 0.178606130712842 0.194345455141503 0.111154180822695 0.108525708176583 0.171432385016555 0.221205129507634 0.114324124906501 0.152905694603352 0.0696025630255738 0.0379796328172872 0.206404015922285 0.0822245600948883 0.0373111924052584 0.173409221833929 0.332049815011421 0.0547805202490929 0.168772320616668 0.0574270152516458 0.214056555654396 0.19015123340778 0.139281705626229 0.0743355005460347 0.269441861136197 0.250394779785473 0.142016675481406 0.282428389330685 0.252823546827367 0.14737660012889 0.0715077704322305 0.0770142212830535 0.0805053940663636 0.109557779195261 0.269094025528873 0.309396421397521 0.16926712138252 0.123848234479125 0.247947765863526 0.101690679682459 0.149329518214207 0.0431385714829073 0.110967874537732 0.103308199227084 0.183935522694932 0.193808021750114 0.0487656740721202 0.336564315448707 0.127042803426532 0.209986908047111 0.185434747602946 0.169986790298124 0.193843530720696 0.10297363851997 0.232575724395065 0.170882844817472 0.229415191740833 0.171447605966505 0.197995955003661 0.0431358769952554 0.159312323439546 0.07092823188292 0.0998814017886568 0.174554692506553 0.240939810366446 0.286837465816437 0.243521517900764 0.291171082751281 0.161583073186439 0.106312817346657 0.153343989922494 0.219622480831596 0.211249243414467 0.259120123536624 0.169422087903595 0.306176690301474 0.268787920768419 0.0723690320400712 0.124507888543464
"6" 0.138727034553219 0.0479709180595765 0.145697730202005 0.0993685257377066 0.123763184540035 0 0.0992058919678395 0.138372682725848 0.245229125499728 0.120055508644961 0.210988480068758 0.169646243722395 0.245769128947487 0.165340718212771 0.267613239685388 0.183618060484093 0.126030829589327 0.299457532290743 0.156148728253319 0.0878580961926947 0.0675915181160103 0.266185521158999 0.0984816018502535 0.248157708797524 0.116612728137253 0.107791993650518 0.266063768801036 0.242100517342123 0.0596875324307173 0.282782093452376 0.349071689063567 0.254955196073426 0.275498947048628 0.289701261835654 0.126275981574139 0.195194382515905 0.155449566177955 0.0562054580578779 0.15325907198016 0.338021405380952 0.384921551792078 0.243959857544106 0.247244766858778 0.168356717749984 0.137476759030191 0.221386204603342 0.160388204328328 0.0960225787592058 0.0552560435340469 0.196092779548005 0.168960070640236 0.146939721002669 0.311404846034438 0.208875034031707 0.222995060220929 0.221573776930862 0.293017489025808 0.298421957608926 0.0685608202796994 0.298329073043352 0.102695828348345 0.341574781581895 0.0482425138728289 0.317405224336253 0.153393441698209 0.19047920663926 0.166109379370929 0.218601165880192 0.297487904285704 0.235899840616543 0.265648959726252 0.21512615284056 0.325151971982213 0.25788943601963 0.220984183502121 0.202231085461944 0.165595300277022 0.193213449098973 0.214372209203696 0.0733291412141933 0.318812731608747 0.322229165367682 0.115507125509362 0.246713540543428
"7" 0.0891024908963808 0.0546171974865451 0.0587383649834304 0.133057268363899 0.14059335172369 0.0992058919678395 0 0.0427554965302929 0.161655609692445 0.0484138694008915 0.172939181693764 0.0726268395501047 0.151050428451365 0.0992835103735437 0.291335174276891 0.209990560577136 0.114749608583485 0.239239461720475 0.112304217710607 0.124111343974221 0.163043764204226 0.192294130114364 0.0864841704432267 0.304078196212264 0.171264559686193 0.100222984418359 0.195636948284167 0.198548894000896 0.1264757092895 0.184474714867464 0.290377773876467 0.222092333746358 0.176508058892019 0.196848745700218 0.0288381296268585 0.196558711619928 0.206960102576392 0.0733357631196021 0.222724436379025 0.257409076117717 0.306097508594078 0.175508912795857 0.250637429948385 0.108913708887778 0.0746822430352398 0.154782208787772 0.153827612948902 0.0311442805130962 0.142761517634811 0.100882031719454 0.0703421555717671 0.128141837296096 0.216136604642128 0.152514510904874 0.126276948963869 0.133266906760288 0.279796969196577 0.249956791053867 0.0429331870406901 0.218331258718164 0.0356241667667182 0.29956332556462 0.112120473980143 0.290391269673193 0.183227704706607 0.104234562829165 0.135129842969168 0.200626674182012 0.300876793810196 0.13669416717008 0.168617645056586 0.118803740803646 0.23020233964156 0.20537137504057 0.245774042505904 0.123872518411429 0.0804127808426431 0.0942920005961904 0.124858702723382 0.0623804521325129 0.220035189043345 0.234451660010403 0.0789816301509992 0.233817016359463
"8" 0.0749965828933309 0.0910067358967887 0.0632549683088162 0.149172902679113 0.178606130712842 0.138372682725848 0.0427554965302929 0 0.151907378023764 0.0723045063859604 0.191945226101392 0.05333333056533 0.128110806805396 0.111714267464214 0.325985405340526 0.2470255953833 0.148675249108011 0.242852864822988 0.135006910856465 0.165562084917946 0.198410650170069 0.153761617107542 0.123825647019805 0.344707471932527 0.213142080495863 0.106449278622236 0.194685347828499 0.21328110920709 0.169228330798323 0.152927140987113 0.293111203059822 0.240474609924535 0.138342645502097 0.174762411651291 0.0333101750838534 0.22816248285158 0.248005440200678 0.115951571939498 0.265184970414257 0.24597513006642 0.294885457269768 0.177258962104342 0.280847128709043 0.083555631218181 0.0949496339068072 0.159492359816922 0.185619340638609 0.06795635469276 0.184825004735622 0.0811855639166936 0.032738952309139 0.158462689956723 0.173986956015946 0.163907586042782 0.100922430798963 0.120660648989531 0.30375689621606 0.259717409073711 0.0855407028821675 0.208783636758057 0.0433268073081089 0.310904626699104 0.141710863049876 0.308722128125735 0.221697122195438 0.0977035275417448 0.160433134156398 0.225931918622306 0.329809018683923 0.101123379739104 0.127333975538663 0.0769498372968457 0.204271375206509 0.215070379737156 0.281577408245791 0.12268618994566 0.0417385880485841 0.0569351188227561 0.0824435845480332 0.0838734024211649 0.186430110392619 0.217087974851477 0.110667660293198 0.25941848618653
"9" 0.226173068793731 0.2116722519886 0.103415474562029 0.294189789311282 0.194345455141503 0.245229125499728 0.161655609692445 0.151907378023764 0 0.125414538275628 0.117370401216368 0.0986324279783267 0.052393476079504 0.0845873430886616 0.287376625369355 0.236677796340286 0.157717417233399 0.10437975618486 0.112201413304503 0.210984130146565 0.312814434257482 0.255648008602354 0.162773477772813 0.347682475446565 0.250762933760859 0.256332336938026 0.0530137828173797 0.114316497819253 0.238935204613551 0.0966362731915321 0.149394395809102 0.146591708899195 0.132389336261892 0.0606199847150718 0.134572039123755 0.192924187971291 0.268874175290414 0.193890524431194 0.303902249410149 0.0957727592326974 0.144573750274025 0.0490739234523581 0.226426242913879 0.227772999081043 0.109556877308251 0.0531725777621874 0.166494112424181 0.150524463742937 0.266987226651202 0.0729503077357605 0.129262859891937 0.146645883128656 0.196465362589161 0.0779047817941385 0.0690553912407647 0.0316838664174999 0.21854914478562 0.134308531416803 0.176985767269057 0.0571544888251999 0.188798048684177 0.184080013910343 0.271308011341941 0.202599745686128 0.226938483239374 0.0574210626923485 0.127640799156194 0.163185553618276 0.261792512987543 0.10697686563828 0.155815124951453 0.14476477338771 0.0982041156237695 0.0985523956282898 0.256659493204292 0.0440072891355259 0.17669978046286 0.119846685834445 0.177187064184737 0.223753855326148 0.126744653650528 0.0778645251389112 0.138553441000062 0.188988713038526
"10" 0.135944949426745 0.0880083902257329 0.0290569797137553 0.177083543264177 0.111154180822695 0.120055508644961 0.0484138694008915 0.0723045063859604 0.125414538275628 0 0.124826043939809 0.0624411881548607 0.128995800733777 0.0521246587601549 0.254324066191968 0.177301306000728 0.0777989237158323 0.192887920824263 0.0648063439626887 0.107328572867085 0.187627595455066 0.225092480000253 0.0582078626389637 0.27979273348631 0.154752201423624 0.14801855526166 0.151972205459919 0.150136020372391 0.123997340513566 0.171471866420724 0.244018751744346 0.173995038444578 0.175828231434737 0.170867461115362 0.0390310164749494 0.155908056201644 0.185401297952503 0.0722696689902027 0.209347382890422 0.219475522490685 0.267270987864536 0.130837881927593 0.208576859779025 0.152370467824795 0.0262690254235586 0.109157885111146 0.113478076150376 0.0256807791509141 0.148314258378731 0.0820467914196305 0.0827639941798461 0.0861905817614456 0.226476025232239 0.104620091827135 0.109867211811911 0.101785170747002 0.233571143798191 0.201906624307052 0.0516007637669863 0.179796656158168 0.0837945254500127 0.251245458778073 0.147403738348624 0.242392287053782 0.154010158489354 0.0706203013793229 0.0890859828374126 0.154890514049401 0.257761174624942 0.133881731033297 0.176824320338821 0.132385583820194 0.207428452750026 0.157486757628046 0.210651782018657 0.0832948870871376 0.11395841431023 0.100457494254429 0.148986825822702 0.107309277041683 0.20864845661965 0.202175283489738 0.0395873310967981 0.188340223144963
"11" 0.260591021639947 0.199758505030514 0.129236687167704 0.292831056416966 0.108525708176583 0.210988480068758 0.172939181693764 0.191945226101392 0.117370401216368 0.124826043939809 0 0.154823728560207 0.162602813429315 0.0810502406475471 0.170011333468161 0.126545881348248 0.0864334148583055 0.0980177218748854 0.0610781641108776 0.140332793597701 0.271884576271199 0.334987592438283 0.112665963080458 0.23533651108948 0.163725667092863 0.2705105563747 0.0911141940509949 0.0316331742731458 0.177056773385916 0.211419334729175 0.142480392418405 0.0491698851225379 0.239960372032881 0.177134195173072 0.160076990381944 0.0784620724440894 0.16919017419582 0.155417226792167 0.209474033887414 0.168290788477132 0.204162349414995 0.0749541548313726 0.109587498254193 0.27506953377358 0.0988824412043651 0.0642374749872252 0.0671251537333888 0.14475993323451 0.207460709042592 0.148842606348444 0.188624278421516 0.0656853484048035 0.302635771428897 0.0405228508420488 0.16520715189953 0.125995914461705 0.113957384713641 0.08797303681577 0.158189437021635 0.136365699475609 0.208511217782453 0.131277505885866 0.252690216321703 0.117585151830336 0.125520643281266 0.116245597615925 0.0448821795712926 0.0459703477495067 0.149361225078033 0.204686784588655 0.256118561711102 0.227347470608359 0.213069386448061 0.0531852514847175 0.140940170028048 0.0939122204612867 0.231181482122667 0.194402778010577 0.253927503158462 0.227123736442619 0.24371683506333 0.178080571250893 0.100856304097811 0.0749681193444336
"12" 0.127653765907721 0.127138304611755 0.035085589362429 0.199518746489169 0.171432385016555 0.169646243722395 0.0726268395501047 0.05333333056533 0.0986324279783267 0.0624411881548607 0.154823728560207 0 0.0787139730296975 0.0748746124190803 0.306368945824063 0.234382251799408 0.135494329255102 0.192651892306064 0.106700466270133 0.169766890782687 0.235117308421379 0.180163877147902 0.120290061735849 0.340076512900481 0.217151424918192 0.158948501569124 0.143112100543707 0.171188366932468 0.184513949738271 0.113299727358972 0.242118417253716 0.200972413462558 0.113452936625311 0.125003121571727 0.0439257287212024 0.205836307646693 0.247028889307171 0.130887653198138 0.271786398678271 0.192746274733685 0.241683528978175 0.127166822488325 0.254649717642748 0.131570715417614 0.0713156479215933 0.111656911528403 0.165752286571914 0.077204381046213 0.206523830006299 0.0290139822352932 0.0349151329938864 0.138290461349382 0.165135570249651 0.120952974423111 0.0536983705906857 0.0673273705122893 0.268764399385551 0.212784880978206 0.104076566295775 0.155451625618515 0.0925977232131415 0.264399106206757 0.184424463059921 0.267810446169544 0.213473947330847 0.0465083772020376 0.132866149963835 0.194636771039872 0.300720381602653 0.0715267961250147 0.115412040214861 0.0751955031561244 0.157616356523945 0.168928729370164 0.265241029569276 0.0729178717349421 0.0817851949309577 0.0415520197548365 0.0992204454051915 0.130728724225296 0.149801529589484 0.165122053524195 0.0991184175646758 0.227415535454864
"13" 0.197069762145241 0.205235298738637 0.100827488080393 0.276988630484371 0.221205129507634 0.245769128947487 0.151050428451365 0.128110806805396 0.052393476079504 0.128995800733777 0.162602813429315 0.0787139730296975 0 0.107011346306729 0.331275265357654 0.272837666304378 0.183237632719273 0.155446778003811 0.141166937538043 0.230137484054159 0.312317911107049 0.207305632496097 0.179409979861917 0.383467328091664 0.274431089304992 0.234366264754365 0.104828291939645 0.164391246463002 0.252103108554702 0.0497084718321517 0.197519143835192 0.19689159587983 0.0802047853937711 0.0466762814897656 0.122214560410312 0.233303034040261 0.298021386012759 0.20126456559769 0.329117137546018 0.125478090093233 0.172885116235828 0.100838855641422 0.272092433307355 0.192770224241731 0.123264686960883 0.0998498803265136 0.2011268326994 0.150303846494903 0.277273669665673 0.0501922252971531 0.0986149918670792 0.177283882967314 0.144290964553252 0.122080917992537 0.0276090079685814 0.0375899726851384 0.269000726254448 0.186611615349296 0.178034481903739 0.0947093388385526 0.170111377078073 0.235971756030888 0.263068005229415 0.254780716503267 0.258634986281273 0.0623904292224371 0.162355013516219 0.208412394635654 0.310460218623513 0.0568333267456404 0.103709817545504 0.0991218978344426 0.0794479918587121 0.150475620362343 0.296943673253283 0.0716408961098206 0.142157716343442 0.0815997869691814 0.132158520392735 0.209148094701966 0.0852779455026833 0.0905584970898177 0.155012873246891 0.236629428622036
"14" 0.18297756984318 0.138958909118722 0.0485217344473456 0.229154803591739 0.114324124906501 0.165340718212771 0.0992835103735437 0.111714267464214 0.0845873430886616 0.0521246587601549 0.0810502406475471 0.0748746124190803 0.107011346306729 0 0.234132825869554 0.167918644978566 0.0764342724347632 0.140767324478005 0.0352572842695166 0.12690575806541 0.232367562107016 0.254637410639197 0.0781865761179781 0.277594950029583 0.168739972840786 0.199483199733668 0.101333619571614 0.101727029473772 0.154394744405262 0.15578986442976 0.191894430089901 0.128941566916576 0.17356065751165 0.139803525549997 0.0811903734368446 0.133564977734158 0.191026356535294 0.111386281435994 0.222987414616183 0.173183836478133 0.219621994105052 0.0796219718938795 0.180352256165995 0.195225214224083 0.0282351959928953 0.0574566004675156 0.0965110073600324 0.0770498560751518 0.18273620667869 0.0753965019417167 0.107856093658628 0.0709605027403232 0.232625566157282 0.0534923402198649 0.0984520999867256 0.07119535368612 0.194564378388835 0.15091316246784 0.0995608324624992 0.133653741035758 0.133584607279548 0.201119343964962 0.19759752684968 0.197050117338613 0.151891408195035 0.0461151967657752 0.0598877388429162 0.119766813482195 0.225875979195739 0.133972245068054 0.183882926877841 0.149307836545571 0.178091145909754 0.106203542711806 0.195335883203521 0.0408582590894839 0.150234761085046 0.115755923383181 0.17401404917858 0.15941776940069 0.192191130115425 0.162243274942033 0.054075036718883 0.152572818338544
"15" 0.376777669881727 0.287175289094949 0.273247108449851 0.366929989868688 0.152905694603352 0.267613239685388 0.291335174276891 0.325985405340526 0.287376625369355 0.254324066191968 0.170011333468161 0.306368945824063 0.331275265357654 0.234132825869554 0 0.0847122402155586 0.177398534637171 0.237190943211417 0.199982748720656 0.182056762458105 0.298701506803625 0.479401827218874 0.204999678015895 0.0985453462757568 0.154791920953366 0.365927894282846 0.254850805405059 0.17958755454943 0.208859121620081 0.380646992913572 0.256289397016576 0.153202924899815 0.40588583099173 0.346849944898705 0.293104266417536 0.100660099119492 0.121214387687474 0.232781474584653 0.152098765329658 0.3233121498695 0.346488276107617 0.242988341265196 0.0627787722504878 0.399862021511471 0.236147336914141 0.234245718119655 0.141281221076558 0.260585581902002 0.227613273433573 0.309332869392519 0.335101460395422 0.168928630651507 0.466499505344288 0.210041724246383 0.330173660177893 0.293939051955903 0.10573702341883 0.203274323255278 0.255723949390926 0.299032669344948 0.323186477025839 0.20355128007881 0.315624509015539 0.151107430511681 0.114818450254731 0.27819916669951 0.174287574195059 0.124267290008678 0.0630701435266905 0.367682930129189 0.417997199687966 0.381536782590847 0.381994442885804 0.203793549753454 0.047022519745117 0.260346892467286 0.367697562430272 0.347919867667081 0.402370258512337 0.321776382098259 0.41361644941734 0.342748122810165 0.215323864872451 0.103776522365375
"16" 0.29350496330551 0.202615820063361 0.199758781841791 0.282740231150368 0.0696025630255738 0.183618060484093 0.209990560577136 0.2470255953833 0.236677796340286 0.177301306000728 0.126545881348248 0.234382251799408 0.272837666304378 0.167918644978566 0.0847122402155586 0 0.0996199104035878 0.217469218411735 0.132689413063654 0.0973679026605856 0.219924730055666 0.400752961632033 0.123664972982767 0.111074922505033 0.075792238810446 0.281277967528472 0.217618346242422 0.149329286301032 0.125783614967019 0.32241340913757 0.251712764257108 0.136318934983095 0.341227979426377 0.297245173839519 0.215010138450081 0.0499705585362929 0.0542698532675532 0.148388020036305 0.0960332149504314 0.294499281215415 0.32772384273124 0.20031089512141 0.0744572822366208 0.317549788892179 0.163075372215348 0.185229112482526 0.0717419337231834 0.179946444701344 0.147445197886362 0.24243272040866 0.259855318595781 0.0972901147895039 0.398582647447403 0.16020542565731 0.266370426190914 0.235443639717319 0.131897337104711 0.193308806010157 0.172449174618302 0.262795675628032 0.240467226016927 0.214578262224037 0.23179899705164 0.171016974527668 0.0302557781245543 0.21396935299935 0.11055512295835 0.0918261043292365 0.118968744243637 0.300843374595802 0.349099579219608 0.308473415689573 0.334785779706189 0.1751385895172 0.0376948441712063 0.201502020093382 0.288384156640363 0.275397234161499 0.326263391060093 0.237277407081371 0.357849715051149 0.303795172873959 0.137715499124707 0.0971120760886783
"17" 0.202464093686073 0.123214297936904 0.100568612324586 0.214524500914717 0.0379796328172872 0.126030829589327 0.114749608583485 0.148675249108011 0.157717417233399 0.0777989237158323 0.0864334148583055 0.135494329255102 0.183237632719273 0.0764342724347632 0.177398534637171 0.0996199104035878 0 0.180899080452912 0.0457237371340663 0.0567738254718041 0.185476464539464 0.302318930337849 0.0316021577387512 0.204902812733667 0.0930619661453299 0.200218545896845 0.158234167367933 0.118034882839129 0.0916794964493953 0.231477372374445 0.228048470044709 0.128925220400824 0.245193611976245 0.215474675790091 0.116039208211335 0.0821394779040237 0.114947686528432 0.0723692068529163 0.146759567581322 0.236527653457482 0.278860843749735 0.136568575557535 0.136637542059996 0.223662313642247 0.0646672494879436 0.115429955333906 0.0398972824708529 0.0836767782989001 0.122120290205246 0.146449431584239 0.160237204778439 0.0210055183783662 0.300440624081745 0.0952427585278956 0.172212320797208 0.14760802984487 0.172325377608278 0.174403979401327 0.0844100055221387 0.198883412945542 0.14823098527848 0.215768607496129 0.170216473918255 0.192334720188103 0.0781480287938034 0.121341584257005 0.0423572060141728 0.0944798891864605 0.187415945086636 0.203933082219978 0.250768909118495 0.208997953002763 0.253831058936916 0.13692916966072 0.133005366718963 0.115913207188109 0.190348695652144 0.176115456054929 0.226778817600421 0.155127663274459 0.26819754542198 0.233331230277462 0.03825667701134 0.125343097658
"18" 0.317581083658933 0.278898108927637 0.182960110342141 0.369894494140807 0.206404015922285 0.299457532290743 0.239239461720475 0.242852864822988 0.10437975618486 0.192887920824263 0.0980177218748854 0.192651892306064 0.155446778003811 0.140767324478005 0.237190943211417 0.217469218411735 0.180899080452912 0 0.143372666762836 0.236802035817918 0.363767638907648 0.359801368537247 0.202146034954713 0.319442906698634 0.261680485944365 0.33930203152322 0.0516024149424823 0.0690304442677441 0.272576374578653 0.192172991075143 0.0511565508599388 0.085041898953303 0.233293807680672 0.141885456655408 0.217483984796325 0.167499696924483 0.264808081346456 0.243305190798681 0.306025300070751 0.0877138276900174 0.111064378573931 0.0656316766057115 0.175223933254817 0.324170564272736 0.168141171823665 0.0845639743729315 0.165049262748681 0.217645702765348 0.303019281153099 0.172355077986597 0.226649776696071 0.161295429435409 0.296578172835047 0.0907978562700494 0.173259292722337 0.132882095803379 0.143149434927483 0.0386412961990976 0.238233550711292 0.0752583539221861 0.272203447582307 0.0813910147063179 0.336373277997654 0.112336053608038 0.221568387502597 0.146166134033345 0.138675091105661 0.125921941946767 0.193167225165493 0.21124780922525 0.259061281631211 0.248552445553675 0.16636805870525 0.0448396030799377 0.222056946910725 0.120249650203477 0.274261860138665 0.221519136387571 0.280511129268044 0.300139180317614 0.213308550383253 0.117061503940029 0.184103711800337 0.134195409589703
"19" 0.200692912322187 0.139794954720995 0.0752280157371861 0.232738044657229 0.0822245600948883 0.156148728253319 0.112304217710607 0.135006910856465 0.112201413304503 0.0648063439626887 0.0610781641108776 0.106700466270133 0.141166937538043 0.0352572842695166 0.199982748720656 0.132689413063654 0.0457237371340663 0.143372666762836 0 0.10111570271342 0.220598560841492 0.283991533566984 0.0591660593460859 0.242613000392978 0.138619647005493 0.209435524380764 0.114599383913545 0.089212173235014 0.133260460707442 0.190386821415202 0.19297274952684 0.110029870181829 0.208792967222956 0.170689016443389 0.102077764747572 0.0993294358353703 0.157823105206112 0.0999597937354495 0.19176350482659 0.191956403415151 0.235537021605852 0.0925238333736899 0.148342457866181 0.216831917358525 0.0400614539563822 0.0706559513101441 0.0612636297296926 0.0836909377026911 0.163160366126406 0.110387998125125 0.137336081494617 0.036117005527478 0.267465695750239 0.0533427543255439 0.133695880043597 0.104387886105366 0.169009461579878 0.144222101851553 0.0981836410111874 0.153772556992824 0.147927776073197 0.190985916304328 0.194772920032002 0.178157552097526 0.117512784997308 0.0812820084054013 0.0262728796308795 0.0909466666438337 0.195755537078845 0.168985569268462 0.218471648521134 0.181873777635506 0.209017971113348 0.102068326742774 0.160326743228248 0.0714273264205907 0.175783249011673 0.148208486025108 0.204543990421693 0.166191342599756 0.22644363814889 0.187615270161167 0.0414371741758649 0.124423328643454
"20" 0.200323680063671 0.106249198999251 0.135717528766294 0.186034129866137 0.0373111924052584 0.0878580961926947 0.124111343974221 0.165562084917946 0.210984130146565 0.107328572867085 0.140332793597701 0.169766890782687 0.230137484054159 0.12690575806541 0.182056762458105 0.0973679026605856 0.0567738254718041 0.236802035817918 0.10111570271342 0 0.136263533210752 0.31594572143664 0.050848687451391 0.180239539996073 0.047959745483311 0.184338108916723 0.214893763269094 0.171810458223345 0.0375567752012418 0.276091207240159 0.282802600774746 0.177595725470409 0.283136241843268 0.266446283257784 0.137752360264185 0.108453349106368 0.0829419435857174 0.0537524890677269 0.102070000044159 0.292924217074316 0.335609578835463 0.193107636365449 0.159511992323356 0.226385011285636 0.106876331909795 0.171643711123411 0.0787577055387538 0.098535579459841 0.0674793167528985 0.187452090595172 0.18618687326047 0.0755100524150922 0.332724640894034 0.152001566747773 0.214866429059145 0.196891056114049 0.207179978563997 0.227499310352769 0.082111511629555 0.254887934485843 0.149538957429117 0.265207334788039 0.135995739618407 0.235125133829961 0.067265746867934 0.167869837789596 0.0982459011305495 0.136665464562174 0.209634532917991 0.241189622705674 0.283314188219947 0.236744647536964 0.30459981961373 0.192382762168972 0.135057395901571 0.167712775130536 0.204513015935748 0.206482892040523 0.24791248309238 0.140992219641736 0.313308710026011 0.287861035808744 0.0751261905222276 0.161818426462034
"21" 0.178478435185775 0.108605694248861 0.21287887915534 0.100393654957898 0.173409221833929 0.0675915181160103 0.163043764204226 0.198410650170069 0.312814434257482 0.187627595455066 0.271884576271199 0.235117308421379 0.312317911107049 0.232367562107016 0.298701506803625 0.219924730055666 0.185476464539464 0.363767638907648 0.220598560841492 0.136263533210752 0 0.306575337675392 0.161622126538695 0.25664731039978 0.144642452271618 0.134449707745885 0.332508825053018 0.303443679713006 0.0991591018091817 0.347515774919123 0.412508100668595 0.312795457802662 0.336753295481216 0.356760758286354 0.191267504431451 0.243258064856089 0.178115082253285 0.121528460567953 0.159172086214874 0.405344360293097 0.451976951414731 0.310316597236309 0.290812493249165 0.208114996370987 0.204724475535965 0.287731002789099 0.2146923837605 0.1633550432975 0.0726822379871223 0.262343432109434 0.230489734410058 0.206373719909084 0.366891223818626 0.273846653254239 0.288767746311839 0.289019091272349 0.342136808917643 0.35985471671764 0.136077244552447 0.365679819597483 0.157874194954632 0.400327942509787 0.0625538318060133 0.371378064697943 0.19150948814378 0.257965990858537 0.227339821918333 0.272881514473728 0.338568218935908 0.298637370044594 0.323706781843029 0.273241908423278 0.391765422243447 0.321088385325895 0.254676925049694 0.269739183807079 0.218547931880363 0.254942244461285 0.267249748713038 0.119751325043565 0.382893639680778 0.38980201001933 0.181113015325395 0.297622050752833
"22" 0.128868549778892 0.221173979681218 0.208769758931606 0.216186531740207 0.332049815011421 0.266185521158999 0.192294130114364 0.153761617107542 0.255648008602354 0.225092480000253 0.334987592438283 0.180163877147902 0.207305632496097 0.254637410639197 0.479401827218874 0.400752961632033 0.302318930337849 0.359801368537247 0.283991533566984 0.31594572143664 0.306575337675392 0 0.277320780832687 0.49616449275017 0.362242667180537 0.172894529592542 0.308203771388894 0.350128284204429 0.312360139026159 0.189976209889535 0.404399826984261 0.380691242495318 0.145528575656886 0.240051898278616 0.186326821078489 0.380623457048989 0.398886523892092 0.263317373963256 0.41129022519807 0.328246053084023 0.371737794075266 0.297980131339213 0.432083094317884 0.0988680724670906 0.244920251429198 0.287259124484138 0.338477992300252 0.221085010784027 0.320300595468698 0.190757232945039 0.146935033363219 0.311002319652824 0.112942659123534 0.300152452867812 0.186601669854966 0.227324415447891 0.448923905172522 0.386389178495947 0.233858911194085 0.30161910874277 0.168313071685331 0.437646878183717 0.244291770874088 0.446585367313703 0.375026243755232 0.222043821203061 0.310180648293939 0.373986765390875 0.479654383738089 0.15052032472342 0.113248882499354 0.111514346998054 0.247474415050668 0.344666144442617 0.435293496974845 0.248168633539367 0.112428110873245 0.141801096649313 0.08136066153881 0.193202723993335 0.199393233311494 0.287074210979902 0.264169605553276 0.407084187971127
"23" 0.172470535331829 0.0916887814110451 0.0856552908692959 0.18346214849023 0.0547805202490929 0.0984816018502535 0.0864841704432267 0.123825647019805 0.162773477772813 0.0582078626389637 0.112665963080458 0.120290061735849 0.179409979861917 0.0781865761179781 0.204999678015895 0.123664972982767 0.0316021577387512 0.202146034954713 0.0591660593460859 0.050848687451391 0.161622126538695 0.277320780832687 0 0.222271283019112 0.0971166707233917 0.168664465012841 0.17299537453578 0.143640756668222 0.0763151171865166 0.225248845918025 0.251120256594646 0.157958564055992 0.233236833781115 0.216604648937896 0.0928242241681847 0.112848154770462 0.127237804190583 0.0427725906067889 0.15198225885164 0.249000695570588 0.293741001076527 0.150775209256792 0.167486432195244 0.194870248665632 0.0561741467421535 0.128420978018104 0.0712676178374609 0.0563001615595467 0.105274382976742 0.136756426719382 0.139963189182659 0.0507099063060123 0.284683103370316 0.112508750180206 0.164077953567934 0.14674415599235 0.203874300984774 0.199940912032304 0.0530020533571648 0.210020446112784 0.118460387266119 0.243673176529982 0.140504444462585 0.222816981283548 0.0978840277811633 0.117259250910453 0.0678650208948293 0.12569622992776 0.218438346633285 0.19133621196645 0.235030798633696 0.190136464164691 0.254585083668434 0.159754790003004 0.159292046910292 0.118939233433271 0.164894849920416 0.158603890762987 0.204580982494177 0.123556283748154 0.262462598514624 0.240378868431582 0.0246205625397573 0.156898228141858
"24" 0.378519238167012 0.28199761826254 0.30500720262988 0.343457038466472 0.168772320616668 0.248157708797524 0.304078196212264 0.344707471932527 0.347682475446565 0.27979273348631 0.23533651108948 0.340076512900481 0.383467328091664 0.277594950029583 0.0985453462757568 0.111074922505033 0.204902812733667 0.319442906698634 0.242613000392978 0.180239539996073 0.25664731039978 0.49616449275017 0.222271283019112 0 0.1352097365438 0.355394679194316 0.326183210243614 0.254321925130888 0.190370008535802 0.432908856904506 0.346130717368798 0.234693686335835 0.449820820923766 0.408274480601375 0.31491962749501 0.156877043526506 0.0973452842463521 0.233410078644071 0.0978933887460152 0.401110643132419 0.430492725739441 0.310034430327855 0.148408592268926 0.405673264941095 0.269570058696715 0.295904714928212 0.182440064799438 0.276834428896269 0.196262275583184 0.350905136120357 0.362196386153688 0.206637366562066 0.505194203211835 0.270812171871435 0.375786957541209 0.346205406904873 0.201518314331968 0.289798878058549 0.262350929783923 0.371487532943934 0.32939206152352 0.298033377820367 0.291733525196648 0.246870158986096 0.126757238142225 0.323700839471119 0.221460204150521 0.19511166752093 0.16161408761055 0.408767916440437 0.455481234045036 0.412170101883733 0.445717796648626 0.28014494376442 0.0973896942278964 0.312358844079415 0.38446296027389 0.380018896252069 0.426488174640656 0.315779825912335 0.468620690830334 0.41339681446021 0.24112520863356 0.187080331805584
"25" 0.243310827257492 0.146903874104107 0.182731336121622 0.215335079789485 0.0574270152516458 0.116612728137253 0.171264559686193 0.213142080495863 0.250762933760859 0.154752201423624 0.163725667092863 0.217151424918192 0.274431089304992 0.168739972840786 0.154791920953366 0.075792238810446 0.0930619661453299 0.261680485944365 0.138619647005493 0.047959745483311 0.144642452271618 0.362242667180537 0.0971166707233917 0.1352097365438 0 0.221793814620058 0.247493022748759 0.193389378000036 0.0570080326335886 0.32147087491874 0.303638842770788 0.191282792286319 0.330314870021382 0.308348032607493 0.185703896824193 0.108403465900003 0.0390865579194252 0.0989256907327756 0.0549356726130708 0.326464309579433 0.366312370629766 0.226685995984514 0.148932058765989 0.270549349627479 0.1518514584773 0.206710142210395 0.0966312732558694 0.146446133968796 0.0728435299772591 0.233648063991895 0.234146544519371 0.106179140423355 0.380601285698722 0.184443116352633 0.260724191460736 0.23981242287241 0.20400394054682 0.245939052393018 0.128672454250803 0.289998580606005 0.194618089493465 0.2767131508749 0.163329592274518 0.239035566948719 0.0497243382135298 0.212056195508163 0.128288963247136 0.146331329207643 0.194760868346777 0.288393553886433 0.331138582155801 0.284703933546422 0.346690853458601 0.216887411557538 0.110060567721831 0.208818066052788 0.251495991320185 0.254343048589449 0.295565372326752 0.180955715601731 0.358568985744273 0.325909362781225 0.120302755984865 0.163385130692582
"26" 0.049103303561399 0.0789409930676022 0.157066956009302 0.0480206276964863 0.214056555654396 0.107791993650518 0.100222984418359 0.106449278622236 0.256332336938026 0.14801855526166 0.2705105563747 0.158948501569124 0.234366264754365 0.199483199733668 0.365927894282846 0.281277967528472 0.200218545896845 0.33930203152322 0.209435524380764 0.184338108916723 0.134449707745885 0.172894529592542 0.168664465012841 0.355394679194316 0.221793814620058 0 0.294600572056123 0.297581507500796 0.165233886804054 0.254605344422708 0.390404532986859 0.319298850515374 0.230682333581695 0.280932986329121 0.123018333300713 0.280825922202745 0.260876065565408 0.133551484287286 0.261050971543091 0.351457293220277 0.400416779640105 0.275071277769633 0.335360891934128 0.0761649926380633 0.174119904809309 0.254761748497963 0.239908910571184 0.125826542116769 0.162399614888402 0.187434752076398 0.136429841717137 0.217866973708322 0.246091704567447 0.252574219899246 0.20697428626847 0.225794609363235 0.371944634278841 0.349924052065658 0.115909284324414 0.313483982906762 0.0678457972438465 0.399081432381326 0.0734342914734499 0.386945645743149 0.251452783836461 0.199881191680037 0.229609719527415 0.292984799561406 0.386446997117568 0.200474544896654 0.209801293263813 0.163029638816353 0.309004871450727 0.305450908083281 0.318920630168275 0.222156880245021 0.103251838368263 0.157752947020959 0.146652778295244 0.045134378854814 0.284891944535534 0.323523786348395 0.171200887553814 0.325081070852525
