"V1" "V2" "V3" "V4" "V5" "V6" "V7" "V8" "V9" "V10" "V11" "V12" "V13" "V14" "V15" "V16" "V17" "V18" "V19" "V20" "V21" "V22" "V23" "V24" "V25" "V26" "V27" "V28" "V29" "V30" "V31" "V32" "V33" "V34" "V35" "V36" "V37" "V38" "V39" "V40" "V41" "V42"
"1" 0 0.0352587195633822 0.0971511034065046 0.0967197239054158 0.137876818144342 0.0404540682051279 0.20841044647346 0.135157741670092 0.0609128325584595 0.0786749223205418 0.130311819016586 0.0330503756984928 0.0651935948525987 0.136271979868708 0.0828767680797125 0.078189143535705 0.16217279115454 0.0541181358860793 0.109918553981422 0.0950700526804261 0.156117390809784 0.170376652454164 0.193626190335466 0.150834068177953 0.213246914194967 0.109274054198537 0.0862814285539716 0.168191303075938 0.128024295399162 0.16043332855467 0.18354752371962 0.0684257929121 0.140105219069729 0.132346374068193 0.0509366080434172 0.180722210905269 0.141881994086172 0.106831750039119 0.100697930486118 0.117554425634099 0.156703196752625 0.0772762919132456
"2" 0.0352587195633822 0 0.0621918406622218 0.0783299007204115 0.124695492398178 0.038715542278527 0.186388599525348 0.0999766755849708 0.0301868077678583 0.100484473588468 0.0963364240228265 0.0493465826438281 0.0524668447557788 0.135139389383074 0.0553802659438612 0.0435787930423456 0.12812680118153 0.0281952406563538 0.121228267219604 0.0838421308978387 0.134704181358406 0.156666145941305 0.158445519008621 0.119858054239652 0.179477845529282 0.0844816322728004 0.0567222697294656 0.133980484345253 0.0979283833858195 0.129746420353547 0.150380747314671 0.0559517780993118 0.111799704792666 0.111547637874749 0.0855531338156641 0.153793162110843 0.117399418218804 0.0771583946300997 0.0663414327191738 0.0831784230269058 0.121471241942771 0.0793448652959312
"3" 0.0971511034065046 0.0621918406622218 0 0.0896807557228144 0.1341465248869 0.0894775827526649 0.169539381014029 0.0383882185128545 0.0406780827625698 0.155960964532117 0.0501484547292432 0.100678872874428 0.0715559397155626 0.162717688343448 0.0576858344537359 0.02864411492824 0.0774816943182506 0.0601844958991051 0.16572269035789 0.106042136534326 0.125122892724861 0.160619641562716 0.0966636846651249 0.0842581097502258 0.127667331487557 0.0785940551384651 0.0335941800422871 0.0725026047914071 0.0510995387657579 0.0770341794988502 0.10251133743855 0.0871156401593451 0.0873135116142387 0.107772108246118 0.147740211219822 0.127182835350284 0.083055327369666 0.0588930925144381 0.0285546803722747 0.0222812515507897 0.061951853288588 0.120126222492841
"4" 0.0967197239054158 0.0783299007204115 0.0896807557228144 0 0.0476410802692979 0.0577442205550869 0.111768436416966 0.108040299351592 0.0939361865062379 0.101144986711937 0.0768532817178232 0.124323665971758 0.127842342737161 0.0739426355590209 0.0323764357038086 0.0636078297481281 0.101019910828601 0.0503482916183439 0.0898367246920401 0.0198589034389053 0.0595329384642934 0.0786986605985087 0.155206314993925 0.073812417532672 0.143415416228299 0.0231130285165135 0.11183824254511 0.148899003615618 0.140762897218868 0.16509466225247 0.112668552249462 0.0293399136487974 0.0554771093233342 0.0357893696930887 0.127927169346112 0.0889396620114612 0.171413419086308 0.0400474424873938 0.0654176427021481 0.108500956481142 0.115342044275124 0.0503353356750619
"5" 0.137876818144342 0.124695492398178 0.1341465248869 0.0476410802692979 0 0.0974227513829899 0.081169181868301 0.145378543694716 0.141576091024271 0.116561200539248 0.108845846496727 0.168105450465521 0.1752332909442 0.0468089779191709 0.078970313368356 0.110059291565322 0.123359489348093 0.0972934720313163 0.0870515364593895 0.0428070712043392 0.0396847467890005 0.032523890025058 0.18309866435347 0.0898606950042234 0.153188352146418 0.0562507558878499 0.158810447059421 0.184797835140031 0.184964544259939 0.206553118729652 0.125685363839269 0.0703073073417808 0.069652355503658 0.0325862810772676 0.158647580749296 0.0797795852955714 0.21698591655215 0.0772809410613418 0.107291905501607 0.150742740056615 0.146197705898332 0.0697195618906566
"6" 0.0404540682051279 0.038715542278527 0.0894775827526649 0.0577442205550869 0.0974227513829899 0 0.169357168446192 0.123148461927815 0.0675313108675646 0.0664836138291273 0.107387102022022 0.0715677539658364 0.0898360244182104 0.0991162373112351 0.0523558614280668 0.0627021661593686 0.138220895405848 0.0300859173493612 0.0825872934073873 0.0546160342133896 0.1172253685165 0.129924449018019 0.179953137153096 0.120424767497234 0.187278242092974 0.0736462137130072 0.0933673467862045 0.161444012313882 0.132950197484925 0.163587324055154 0.156513136097827 0.0285900423082643 0.106541596447761 0.0935211932150228 0.0726485735689956 0.144922883477088 0.155225182293909 0.0766450169227298 0.0812398660168691 0.111751790969779 0.140280591047677 0.0412919123997074
"7" 0.20841044647346 0.186388599525348 0.169539381014029 0.111768436416966 0.081169181868301 0.169357168446192 0 0.161366727722563 0.193171971373413 0.197688137148838 0.124419026478741 0.234660274577996 0.229794540138881 0.120449832231965 0.131497633545445 0.155947025841688 0.117302705762584 0.158510081643896 0.166655092432155 0.118090742252214 0.0522964231202184 0.0598245353952069 0.173290932946063 0.0895518313644386 0.116888941211196 0.10201755824623 0.201534951060731 0.191281328412415 0.213379054907545 0.224486820920092 0.102904547392346 0.140775105210541 0.0822319565378075 0.0760641823985236 0.236850517443094 0.0463952841639404 0.248210995458075 0.114378632015139 0.14154224216921 0.177349792392648 0.148999221386219 0.149472157360608
"8" 0.135157741670092 0.0999766755849708 0.0383882185128545 0.108040299351592 0.145378543694716 0.123148461927815 0.161366727722563 0 0.0786772870256966 0.188991128906261 0.0385009809344647 0.138678959692908 0.105934622359316 0.181596701274082 0.0804656868712353 0.0605478696260511 0.0506219110950601 0.093065445303769 0.193041455956582 0.127052518456006 0.125769726648975 0.166395318469674 0.0584706182794939 0.0718291469810942 0.0953784310416283 0.090062169792744 0.0647654996269732 0.0409358559170693 0.054576163308868 0.0638442770332707 0.0753810097433835 0.114518524759163 0.0836533364948314 0.114518255594689 0.185417711968383 0.115546843392859 0.0890020069734275 0.0691421124090639 0.0443823569032419 0.0241212478526615 0.0253170002727954 0.147972922226789
"9" 0.0609128325584595 0.0301868077678583 0.0406780827625698 0.0939361865062379 0.141576091024271 0.0675313108675646 0.193171971373413 0.0786772870256966 0 0.130670871682589 0.0859304290040209 0.0600343300681947 0.0367192556043093 0.159061388335128 0.0640398004983059 0.0375405480133309 0.116034825831914 0.0467705316710291 0.149929519021224 0.104340494409261 0.14374259236574 0.172041781583698 0.136246519228128 0.115969580008019 0.167091678451269 0.0927952069771732 0.0265515288574005 0.108049649338003 0.0680316637208326 0.100143625939827 0.140335011348441 0.0784037423110538 0.113093033027226 0.122360600410694 0.111720178978751 0.15533133919184 0.0877001380839996 0.0789640145084263 0.0570532208026674 0.0581756881007538 0.102629061810121 0.106422936695883
"10" 0.0786749223205418 0.100484473588468 0.155960964532117 0.101144986711937 0.116561200539248 0.0664836138291273 0.197688137148838 0.188991128906261 0.130670871682589 0 0.169185662241616 0.108318050596998 0.143530255548293 0.0886540977735209 0.112645459034434 0.128902710065144 0.198095828389205 0.0962175482214476 0.0432553871698707 0.0850779194380273 0.150799692306481 0.143815737938466 0.244729779855281 0.174385540903774 0.243810795004107 0.123537154788162 0.157192265477983 0.227813075208222 0.198047307805344 0.229327163927878 0.212845664165778 0.078533926692139 0.156615612975873 0.130479498682368 0.0576612591570602 0.187127070815634 0.217280459230463 0.134365797066565 0.14587212340158 0.178233682513034 0.204542464118244 0.0513176848729867
"11" 0.130311819016586 0.0963364240228265 0.0501484547292432 0.0768532817178232 0.108845846496727 0.107387102022022 0.124419026478741 0.0385009809344647 0.0859304290040209 0.169185662241616 0 0.142856900390657 0.120441194799832 0.148067891784342 0.0565586985289017 0.052890130663082 0.0318616014378555 0.0790811357869455 0.165890380626115 0.096673378620205 0.0872803504951579 0.12823369423362 0.0783812702912376 0.035525823698319 0.0831422818517982 0.0558283387058739 0.0837236848494221 0.0760654440184328 0.0889840815981127 0.102284282782802 0.0546626633912313 0.090949938169447 0.0451631334010636 0.0771106853671187 0.177058481461934 0.0796268115545107 0.123846696103954 0.0369425998951741 0.0301298941257562 0.0531233179655382 0.0385979510148096 0.122830523943427
"12" 0.0330503756984928 0.0493465826438281 0.100678872874428 0.124323665971758 0.168105450465521 0.0715677539658364 0.234660274577996 0.138678959692908 0.0600343300681947 0.108318050596998 0.142856900390657 0 0.0446716543947562 0.169133104461099 0.104528238981642 0.0903277820787068 0.174103282932415 0.0762962465448966 0.142352067988867 0.125503908267837 0.182584443817565 0.200601701966561 0.195857305149419 0.168707197925423 0.225526046734759 0.133223361173102 0.0791280629276746 0.165669758182928 0.118175015338494 0.150179655104013 0.197474074438736 0.0978270102252919 0.161145787580848 0.1590457436152 0.0661409436948537 0.203110320435116 0.124189593582576 0.126469027700436 0.112800146982324 0.117416290080995 0.162620655773793 0.110140802227169
"13" 0.0651935948525987 0.0524668447557788 0.0715559397155626 0.127842342737161 0.1752332909442 0.0898360244182104 0.229794540138881 0.105934622359316 0.0367192556043093 0.143530255548293 0.120441194799832 0.0446716543947562 0 0.187589701362985 0.0996910550020582 0.0742468667066953 0.149021346832467 0.0780744028096626 0.170789282339293 0.135672905705706 0.179979668063494 0.206506264958595 0.159683840280468 0.151983077870985 0.199058077022061 0.128905089400293 0.0413592919460322 0.126381574978934 0.075421520542677 0.106672227318524 0.173952672856314 0.108126220295245 0.149781176120712 0.158127066478999 0.109515570544511 0.191964966750435 0.0796102027712531 0.115673019799561 0.0928180482049892 0.0824191006024048 0.131131943552507 0.131081783340583
"14" 0.136271979868708 0.135139389383074 0.162717688343448 0.0739426355590209 0.0468089779191709 0.0991162373112351 0.120449832231965 0.181596701274082 0.159061388335128 0.0886540977735209 0.148067891784342 0.169133104461099 0.187589701362985 0 0.105063545203608 0.135232753811895 0.166897970548368 0.112305315389045 0.0490739880485768 0.0567360002034924 0.086258090982353 0.0611680796336219 0.225154028444695 0.134443679645823 0.199674449038616 0.0923116488481175 0.181006736112869 0.222267607501815 0.2134976547834 0.238864538003339 0.171534175143187 0.0806586512104522 0.113914842140387 0.0770665492831376 0.141303872260853 0.126330590453289 0.242541485905646 0.112631799366626 0.139356561313674 0.18226342482314 0.186528857308578 0.0590006074950694
"15" 0.0828767680797125 0.0553802659438612 0.0576858344537359 0.0323764357038086 0.078970313368356 0.0523558614280668 0.131497633545445 0.0804656868712353 0.0640398004983059 0.112645459034434 0.0565586985289017 0.104528238981642 0.0996910550020582 0.105063545203608 0 0.0312699504286552 0.0863586251356997 0.0289138734192096 0.11260187790783 0.0484932421267626 0.0805452287110328 0.108365558448373 0.132969166989294 0.0687024318642387 0.134927451681382 0.0295352836035949 0.0798442800248247 0.121237078945011 0.108645528614802 0.133986727644024 0.104161889822605 0.0348202480459513 0.0573212637614688 0.0584436769174783 0.124414851512849 0.0987154632195176 0.139037279699138 0.0245110678717408 0.0361468706084844 0.0774791536862412 0.0925582454916754 0.0678316175699724
"16" 0.078189143535705 0.0435787930423456 0.02864411492824 0.0636078297481281 0.110059291565322 0.0627021661593686 0.155947025841688 0.0605478696260511 0.0375405480133309 0.128902710065144 0.052890130663082 0.0903277820787068 0.0742468667066953 0.135232753811895 0.0312699504286552 0 0.0845971526854219 0.0326942420050143 0.137106095332737 0.0785110784249136 0.10740928318507 0.138702355522538 0.118098065926682 0.0793995698332649 0.136004755478382 0.0572223695297177 0.0488992963540918 0.0989432479194997 0.0783690292515451 0.105619268348385 0.107286375015885 0.0584826935567445 0.0755553208486231 0.0871653999191059 0.126773999602994 0.117827683810072 0.107878817629185 0.0415786738331634 0.0227937045885466 0.0504585798269936 0.0794256459806685 0.0915032800044699
"17" 0.16217279115454 0.12812680118153 0.0774816943182506 0.101019910828601 0.123359489348093 0.138220895405848 0.117302705762584 0.0506219110950601 0.116034825831914 0.198095828389205 0.0318616014378555 0.174103282932415 0.149021346832467 0.166897970548368 0.0863586251356997 0.0845971526854219 0 0.11057913765095 0.190819307949475 0.120650281052038 0.0930020370390784 0.135931090590756 0.0605901475329461 0.0340774501126123 0.0514597070488391 0.0781390298176088 0.109976041221046 0.0740529560215645 0.105122615397099 0.109268295566258 0.0253371707735132 0.119567551952608 0.0537207566312194 0.090835975669428 0.208654598374967 0.0709963727370223 0.139228206918267 0.0637458740428535 0.0618040050233532 0.0729504825472829 0.032108452058798 0.149837639692663
"18" 0.0541181358860793 0.0281952406563538 0.0601844958991051 0.0503482916183439 0.0972934720313163 0.0300859173493612 0.158510081643896 0.093065445303769 0.0467705316710291 0.0962175482214476 0.0790811357869455 0.0762962465448966 0.0780744028096626 0.112305315389045 0.0289138734192096 0.0326942420050143 0.11057913765095 0 0.106858102357354 0.0579549560560966 0.106646570693671 0.128946894993751 0.149985771135148 0.096803638861436 0.1608302697948 0.0569372087215103 0.0696276645981987 0.131600812119971 0.106420944812384 0.135868787357581 0.130564231459592 0.0316679783604232 0.0862342361755917 0.0833889188021389 0.0980844791503879 0.127486868983634 0.131942553176933 0.0527196565283883 0.0515813217314469 0.0824309428791509 0.110516709183621 0.061739457486349
"19" 0.109918553981422 0.121228267219604 0.16572269035789 0.0898367246920401 0.0870515364593895 0.0825872934073873 0.166655092432155 0.193041455956582 0.149929519021224 0.0432553871698707 0.165890380626115 0.142352067988867 0.170789282339293 0.0490739880485768 0.11260187790783 0.137106095332737 0.190819307949475 0.106858102357354 0 0.0701810488754299 0.125549760872326 0.108910964190393 0.244149250995534 0.162088111939358 0.231051622010508 0.11270202185754 0.175260670193701 0.233693998067455 0.213276042505456 0.242408832477327 0.20093388892907 0.0789677059464411 0.14226528611784 0.109535698340398 0.100232707520681 0.164817801560225 0.23747964595431 0.128993558032764 0.148666845037734 0.187471180399323 0.203874573817282 0.0456051732167359
"20" 0.0950700526804261 0.0838421308978387 0.106042136534326 0.0198589034389053 0.0428070712043392 0.0546160342133896 0.118090742252214 0.127052518456006 0.104340494409261 0.0850779194380273 0.096673378620205 0.125503908267837 0.135672905705706 0.0567360002034924 0.0484932421267626 0.0785110784249136 0.120650281052038 0.0579549560560966 0.0701810488754299 0 0.0676262381426744 0.0753164552107221 0.175042437946491 0.0924013984911126 0.161829283776543 0.0425214022507812 0.124935770407414 0.167980092455742 0.156763361546293 0.182473733849264 0.131334170351461 0.0281136936007628 0.0731554908174362 0.0457411409320899 0.118759902449995 0.102171478422991 0.186032188655386 0.059798675184674 0.0836374438100464 0.125933276593784 0.135114662935175 0.0338068123719426
"21" 0.156117390809784 0.134704181358406 0.125122892724861 0.0595329384642934 0.0396847467890005 0.1172253685165 0.0522964231202184 0.125769726648975 0.14374259236574 0.150799692306481 0.0872803504951579 0.182584443817565 0.179979668063494 0.086258090982353 0.0805452287110328 0.10740928318507 0.0930020370390784 0.106646570693671 0.125549760872326 0.0676262381426744 0 0.0429363440771134 0.153570454558802 0.0591050595008162 0.115605959216964 0.0510956827311247 0.155062238569248 0.161841513716926 0.172998220300735 0.189435939671598 0.090160292807889 0.0886844145118302 0.0422948202822704 0.0237737572470665 0.185891206692949 0.0401048058170435 0.207103176130694 0.0667969537848608 0.0965697768627737 0.13697424486564 0.120470884988306 0.10056683758817
"22" 0.170376652454164 0.156666145941305 0.160619641562716 0.0786986605985087 0.032523890025058 0.129924449018019 0.0598245353952069 0.166395318469674 0.172041781583698 0.143815737938466 0.12823369423362 0.200601701966561 0.206506264958595 0.0611680796336219 0.108365558448373 0.138702355522538 0.135931090590756 0.128946894993751 0.108910964190393 0.0753164552107221 0.0429363440771134 0 0.196505528020291 0.101981302704479 0.155701311587376 0.082165921088333 0.187584031850433 0.20376021363389 0.210489381824283 0.229426824264772 0.132163489727552 0.102781442868644 0.0842350462603833 0.0529999489160261 0.189447382942747 0.0769079628164939 0.243637417261782 0.101949971089644 0.132623612407514 0.175129883627545 0.162897777740865 0.100330797592332
"23" 0.193626190335466 0.158445519008621 0.0966636846651249 0.155206314993925 0.18309866435347 0.179953137153096 0.173290932946063 0.0584706182794939 0.136246519228128 0.244729779855281 0.0783812702912376 0.195857305149419 0.159683840280468 0.225154028444695 0.132969166989294 0.118098065926682 0.0605901475329461 0.149985771135148 0.244149250995534 0.175042437946491 0.153570454558802 0.196505528020291 0 0.094642903467759 0.0690198533738657 0.133653033448117 0.118615812134131 0.0381080272763612 0.0918469094779388 0.0771409839857836 0.0704814945888796 0.167789352950284 0.11380882440313 0.150516315774705 0.243849188263856 0.128290486009058 0.117716315750671 0.115316686410068 0.0989216109568488 0.0784744083350202 0.0404233234409217 0.200495383917118
"24" 0.150834068177953 0.119858054239652 0.0842581097502258 0.073812417532672 0.0898606950042234 0.120424767497234 0.0895518313644386 0.0718291469810942 0.115969580008019 0.174385540903774 0.035525823698319 0.168707197925423 0.151983077870985 0.134443679645823 0.0687024318642387 0.0793995698332649 0.0340774501126123 0.096803638861436 0.162088111939358 0.0924013984911126 0.0591050595008162 0.101981302704479 0.094642903467759 0 0.0696047032972542 0.0509156065972565 0.117708318039431 0.104159873631835 0.124286173331213 0.13522360057758 0.0389333988874209 0.0972613010324951 0.0205382932888268 0.0575976113905911 0.192929639361265 0.044156712877773 0.159169708609147 0.0442273803059492 0.0591709210104322 0.0886088578814326 0.0620629841381121 0.124088798662984
"25" 0.213246914194967 0.179477845529282 0.127667331487557 0.143415416228299 0.153188352146418 0.187278242092974 0.116888941211196 0.0953784310416283 0.167091678451269 0.243810795004107 0.0831422818517982 0.225526046734759 0.199058077022061 0.199674449038616 0.134927451681382 0.136004755478382 0.0514597070488391 0.1608302697948 0.231051622010508 0.161829283776543 0.115605959216964 0.155701311587376 0.0690198533738657 0.0696047032972542 0 0.12049474467732 0.158918882570812 0.101422560827851 0.146559921596171 0.141383880605067 0.0310084276701737 0.166065412333834 0.0888191863228333 0.123219528162289 0.258787892323736 0.0790689220397274 0.178090930348228 0.11089661813606 0.113214386516951 0.119398756854283 0.070690526540751 0.19368801100785
"26" 0.109274054198537 0.0844816322728004 0.0785940551384651 0.0231130285165135 0.0562507558878499 0.0736462137130072 0.10201755824623 0.090062169792744 0.0927952069771732 0.123537154788162 0.0558283387058739 0.133223361173102 0.128905089400293 0.0923116488481175 0.0295352836035949 0.0572223695297177 0.0781390298176088 0.0569372087215103 0.11270202185754 0.0425214022507812 0.0510956827311247 0.082165921088333 0.133653033448117 0.0509156065972565 0.12049474467732 0 0.105824324459277 0.130321063467337 0.129014991441337 0.150357382014672 0.0896645767559166 0.0476425919647339 0.0336526237236918 0.0299465095691677 0.145965413697955 0.0715932699305624 0.161648729415161 0.0211241971273501 0.051133248107718 0.0945032095163208 0.0943924111109009 0.0732023834976853
"27" 0.0862814285539716 0.0567222697294656 0.0335941800422871 0.11183824254511 0.158810447059421 0.0933673467862045 0.201534951060731 0.0647654996269732 0.0265515288574005 0.157192265477983 0.0837236848494221 0.0791280629276746 0.0413592919460322 0.181006736112869 0.0798442800248247 0.0488992963540918 0.109976041221046 0.0696276645981987 0.175260670193701 0.124935770407414 0.155062238569248 0.187584031850433 0.118615812134131 0.117708318039431 0.158918882570812 0.105824324459277 0 0.08666433305296 0.0417867175463546 0.0741539955885477 0.135234955782797 0.100956426019578 0.119454161655395 0.135741201087029 0.136547693837421 0.160194283159553 0.0623794559830401 0.0882893095396856 0.0600798577025168 0.0410724430001032 0.0900492729120546 0.130951479953424
"28" 0.168191303075938 0.133980484345253 0.0725026047914071 0.148899003615618 0.184797835140031 0.161444012313882 0.191281328412415 0.0409358559170693 0.108049649338003 0.227813075208222 0.0760654440184328 0.165669758182928 0.126381574978934 0.222267607501815 0.121237078945011 0.0989432479194997 0.0740529560215645 0.131600812119971 0.233693998067455 0.167980092455742 0.161841513716926 0.20376021363389 0.0381080272763612 0.104159873631835 0.101422560827851 0.130321063467337 0.08666433305296 0 0.0547044477599859 0.0401340185253178 0.0932384273988361 0.154934062986768 0.119652681518116 0.15317436784164 0.219109305609709 0.144906774269642 0.0796854747164846 0.109650769382332 0.0850914368233392 0.0508076524855197 0.0423752754694067 0.188441329330798
"29" 0.128024295399162 0.0979283833858195 0.0510995387657579 0.140762897218868 0.184964544259939 0.132950197484925 0.213379054907545 0.054576163308868 0.0680316637208326 0.198047307805344 0.0889840815981127 0.118175015338494 0.075421520542677 0.2134976547834 0.108645528614802 0.0783690292515451 0.105122615397099 0.106420944812384 0.213276042505456 0.156763361546293 0.172998220300735 0.210489381824283 0.0918469094779388 0.124286173331213 0.146559921596171 0.129014991441337 0.0417867175463546 0.0547044477599859 0 0.0324664898322209 0.129537122120323 0.13607821308546 0.132579738446826 0.15748951231946 0.178057042680898 0.168436568363987 0.0348836694252091 0.10858118786887 0.0779532655415869 0.036193881426446 0.0764461001758666 0.16806137235966
"30" 0.16043332855467 0.129746420353547 0.0770341794988502 0.16509466225247 0.206553118729652 0.163587324055154 0.224486820920092 0.0638442770332707 0.100143625939827 0.229327163927878 0.102284282782802 0.150179655104013 0.106672227318524 0.238864538003339 0.133986727644024 0.105619268348385 0.109268295566258 0.135868787357581 0.242408832477327 0.182473733849264 0.189435939671598 0.229426824264772 0.0771409839857836 0.13522360057758 0.141383880605067 0.150357382014672 0.0741539955885477 0.0401340185253178 0.0324664898322209 0 0.130929787409873 0.164093868101147 0.147445064676737 0.176910193354846 0.210523379928979 0.178291864748673 0.0421553846539607 0.129275687709402 0.0999243871001863 0.0566045240879386 0.0773467258174215 0.196882908878041
"31" 0.18354752371962 0.150380747314671 0.10251133743855 0.112668552249462 0.125685363839269 0.156513136097827 0.102904547392346 0.0753810097433835 0.140335011348441 0.212845664165778 0.0546626633912313 0.197474074438736 0.173952672856314 0.171534175143187 0.104161889822605 0.107286375015885 0.0253371707735132 0.130564231459592 0.20093388892907 0.131334170351461 0.090160292807889 0.132163489727552 0.0704814945888796 0.0389333988874209 0.0310084276701737 0.0896645767559166 0.135234955782797 0.0932384273988361 0.129537122120323 0.130929787409873 0 0.135057625657861 0.0587751608751691 0.0945244170367241 0.228303254955192 0.0588466803206305 0.163171599426442 0.0799949996485873 0.0846753199510865 0.0981705710415449 0.0540747253667515 0.162864091083812
"32" 0.0684257929121 0.0559517780993118 0.0871156401593451 0.0293399136487974 0.0703073073417808 0.0285900423082643 0.140775105210541 0.114518524759163 0.0784037423110538 0.078533926692139 0.090949938169447 0.0978270102252919 0.108126220295245 0.0806586512104522 0.0348202480459513 0.0584826935567445 0.119567551952608 0.0316679783604232 0.0789677059464411 0.0281136936007628 0.0886844145118302 0.102781442868644 0.167789352950284 0.0972613010324951 0.166065412333834 0.0476425919647339 0.100956426019578 0.154934062986768 0.13607821308546 0.164093868101147 0.135057625657861 0 0.0812649911470487 0.0650271659516796 0.0989575287128711 0.117653542625951 0.163068478918346 0.0558625812453828 0.0701938273386399 0.108622344161754 0.127377890531269 0.0335114990482227
"33" 0.140105219069729 0.111799704792666 0.0873135116142387 0.0554771093233342 0.069652355503658 0.106541596447761 0.0822319565378075 0.0836533364948314 0.113093033027226 0.156615612975873 0.0451631334010636 0.161145787580848 0.149781176120712 0.113914842140387 0.0573212637614688 0.0755553208486231 0.0537207566312194 0.0862342361755917 0.14226528611784 0.0731554908174362 0.0422948202822704 0.0842350462603833 0.11380882440313 0.0205382932888268 0.0888191863228333 0.0336526237236918 0.119454161655395 0.119652681518116 0.132579738446826 0.147445064676737 0.0587751608751691 0.0812649911470487 0 0.0372004004926511 0.179127024116371 0.0424076382152228 0.167154485809953 0.0348757949612745 0.0593845375855581 0.0963862426870944 0.0786957091808661 0.105723798472539
"34" 0.132346374068193 0.111547637874749 0.107772108246118 0.0357893696930887 0.0325862810772676 0.0935211932150228 0.0760641823985236 0.114518255594689 0.122360600410694 0.130479498682368 0.0771106853671187 0.1590457436152 0.158127066478999 0.0770665492831376 0.0584436769174783 0.0871653999191059 0.090835975669428 0.0833889188021389 0.109535698340398 0.0457411409320899 0.0237737572470665 0.0529999489160261 0.150516315774705 0.0575976113905911 0.123219528162289 0.0299465095691677 0.135741201087029 0.15317436784164 0.15748951231946 0.176910193354846 0.0945244170367241 0.0650271659516796 0.0372004004926511 0 0.162828915659151 0.0566850623928003 0.190720370291145 0.0489768658781356 0.0796482363748661 0.122186972112419 0.113888056538658 0.0794295682653662
"35" 0.0509366080434172 0.0855531338156641 0.147740211219822 0.127927169346112 0.158647580749296 0.0726485735689956 0.236850517443094 0.185417711968383 0.111720178978751 0.0576612591570602 0.177058481461934 0.0661409436948537 0.109515570544511 0.141303872260853 0.124414851512849 0.126773999602994 0.208654598374967 0.0980844791503879 0.100232707520681 0.118759902449995 0.185891206692949 0.189447382942747 0.243849188263856 0.192929639361265 0.258787892323736 0.145965413697955 0.136547693837421 0.219109305609709 0.178057042680898 0.210523379928979 0.228303254955192 0.0989575287128711 0.179127024116371 0.162828915659151 0 0.216611012540149 0.18886532952003 0.148901738002008 0.148498663124272 0.168426102068807 0.206107605876398 0.0891356710365891
"36" 0.180722210905269 0.153793162110843 0.127182835350284 0.0889396620114612 0.0797795852955714 0.144922883477088 0.0463952841639404 0.115546843392859 0.15533133919184 0.187127070815634 0.0796268115545107 0.203110320435116 0.191964966750435 0.126330590453289 0.0987154632195176 0.117827683810072 0.0709963727370223 0.127486868983634 0.164817801560225 0.102171478422991 0.0401048058170435 0.0769079628164939 0.128290486009058 0.044156712877773 0.0790689220397274 0.0715932699305624 0.160194283159553 0.144906774269642 0.168436568363987 0.178291864748673 0.0588466803206305 0.117653542625951 0.0424076382152228 0.0566850623928003 0.216611012540149 0 0.203320178597699 0.0772392986868027 0.100364110282316 0.132743870045741 0.102606902825774 0.135965417036793
"37" 0.141881994086172 0.117399418218804 0.083055327369666 0.171413419086308 0.21698591655215 0.155225182293909 0.248210995458075 0.0890020069734275 0.0877001380839996 0.217280459230463 0.123846696103954 0.124189593582576 0.0796102027712531 0.242541485905646 0.139037279699138 0.107878817629185 0.139228206918267 0.131942553176933 0.23747964595431 0.186032188655386 0.207103176130694 0.243637417261782 0.117716315750671 0.159169708609147 0.178090930348228 0.161648729415161 0.0623794559830401 0.0796854747164846 0.0348836694252091 0.0421553846539607 0.163171599426442 0.163068478918346 0.167154485809953 0.190720370291145 0.18886532952003 0.203320178597699 0 0.1417533726006 0.111111297543971 0.070889073609764 0.10937189543511 0.193327757391746
"38" 0.106831750039119 0.0771583946300997 0.0588930925144381 0.0400474424873938 0.0772809410613418 0.0766450169227298 0.114378632015139 0.0691421124090639 0.0789640145084263 0.134365797066565 0.0369425998951741 0.126469027700436 0.115673019799561 0.112631799366626 0.0245110678717408 0.0415786738331634 0.0637458740428535 0.0527196565283883 0.128993558032764 0.059798675184674 0.0667969537848608 0.101949971089644 0.115316686410068 0.0442273803059492 0.11089661813606 0.0211241971273501 0.0882893095396856 0.109650769382332 0.10858118786887 0.129275687709402 0.0799949996485873 0.0558625812453828 0.0348757949612745 0.0489768658781356 0.148901738002008 0.0772392986868027 0.1417533726006 0 0.0306741640042323 0.0736294459672061 0.0753160364943502 0.0864727867756934
"39" 0.100697930486118 0.0663414327191738 0.0285546803722747 0.0654176427021481 0.107291905501607 0.0812398660168691 0.14154224216921 0.0443823569032419 0.0570532208026674 0.14587212340158 0.0301298941257562 0.112800146982324 0.0928180482049892 0.139356561313674 0.0361468706084844 0.0227937045885466 0.0618040050233532 0.0515813217314469 0.148666845037734 0.0836374438100464 0.0965697768627737 0.132623612407514 0.0989216109568488 0.0591709210104322 0.113214386516951 0.051133248107718 0.0600798577025168 0.0850914368233392 0.0779532655415869 0.0999243871001863 0.0846753199510865 0.0701938273386399 0.0593845375855581 0.0796482363748661 0.148498663124272 0.100364110282316 0.111111297543971 0.0306741640042323 0 0.0435549893544398 0.0590424805409865 0.103610184794184
"40" 0.117554425634099 0.0831784230269058 0.0222812515507897 0.108500956481142 0.150742740056615 0.111751790969779 0.177349792392648 0.0241212478526615 0.0581756881007538 0.178233682513034 0.0531233179655382 0.117416290080995 0.0824191006024048 0.18226342482314 0.0774791536862412 0.0504585798269936 0.0729504825472829 0.0824309428791509 0.187471180399323 0.125933276593784 0.13697424486564 0.175129883627545 0.0784744083350202 0.0886088578814326 0.119398756854283 0.0945032095163208 0.0410724430001032 0.0508076524855197 0.036193881426446 0.0566045240879386 0.0981705710415449 0.108622344161754 0.0963862426870944 0.122186972112419 0.168426102068807 0.132743870045741 0.070889073609764 0.0736294459672061 0.0435549893544398 0 0.0493889248642512 0.141869550163563
"41" 0.156703196752625 0.121471241942771 0.061951853288588 0.115342044275124 0.146197705898332 0.140280591047677 0.148999221386219 0.0253170002727954 0.102629061810121 0.204542464118244 0.0385979510148096 0.162620655773793 0.131131943552507 0.186528857308578 0.0925582454916754 0.0794256459806685 0.032108452058798 0.110516709183621 0.203874573817282 0.135114662935175 0.120470884988306 0.162897777740865 0.0404233234409217 0.0620629841381121 0.070690526540751 0.0943924111109009 0.0900492729120546 0.0423752754694067 0.0764461001758666 0.0773467258174215 0.0540747253667515 0.127377890531269 0.0786957091808661 0.113888056538658 0.206107605876398 0.102606902825774 0.10937189543511 0.0753160364943502 0.0590424805409865 0.0493889248642512 0 0.160080925442526
"42" 0.0772762919132456 0.0793448652959312 0.120126222492841 0.0503353356750619 0.0697195618906566 0.0412919123997074 0.149472157360608 0.147972922226789 0.106422936695883 0.0513176848729867 0.122830523943427 0.110140802227169 0.131081783340583 0.0590006074950694 0.0678316175699724 0.0915032800044699 0.149837639692663 0.061739457486349 0.0456051732167359 0.0338068123719426 0.10056683758817 0.100330797592332 0.200495383917118 0.124088798662984 0.19368801100785 0.0732023834976853 0.130951479953424 0.188441329330798 0.16806137235966 0.196882908878041 0.162864091083812 0.0335114990482227 0.105723798472539 0.0794295682653662 0.0891356710365891 0.135965417036793 0.193327757391746 0.0864727867756934 0.103610184794184 0.141869550163563 0.160080925442526 0
