"V1" "V2" "V3" "V4" "V5" "V6" "V7" "V8" "V9" "V10" "V11" "V12" "V13" "V14" "V15" "V16" "V17" "V18" "V19" "V20" "V21"
"1" 0 0.459053622347012 0.617988612410544 0.235251375691885 0.307439525744208 0.301800879994348 0.184383615060928 0.171502559411994 0.39725147744721 0.241908807031238 0.398210754626272 0.585302401375115 0.503366584072355 0.487017629490246 0.333936330372512 0.445387281223908 0.327715831897313 0.383610203898657 0.406504573975463 0.337253586052526 0.181585332515213
"2" 0.459053622347012 0 0.387796531061362 0.238475953800008 0.221935032192777 0.198370659584341 0.498128873442305 0.420197717474497 0.326150544424474 0.348560960417565 0.473627072439078 0.505765008804393 0.131509425550479 0.347033729120274 0.392064194301682 0.22602281363685 0.357368082825775 0.140268441398456 0.119854184965436 0.512696867633509 0.282807144510118
"3" 0.617988612410544 0.387796531061362 0 0.415256739808653 0.55505294652643 0.350248660291611 0.52606689423289 0.472361890701979 0.225363742903769 0.381502408696586 0.324508503931395 0.186843648026828 0.258604789655713 0.1367899051005 0.729773447280088 0.19488624179129 0.305018097882988 0.302168539005493 0.495557346014704 0.41844317886274 0.519225927628892
"4" 0.235251375691885 0.238475953800008 0.415256739808653 0 0.194794578570688 0.069486820650308 0.263560069916444 0.186661008120205 0.225189918586121 0.139252968526367 0.314934280590988 0.439570771698049 0.268126067450826 0.301961997857326 0.340350341804414 0.225449796804056 0.196311736099899 0.148659316646906 0.229914485878744 0.315965351896367 0.105138956270828
"5" 0.307439525744208 0.221935032192777 0.55505294652643 0.194794578570688 0 0.226369809925352 0.422297765471803 0.354904573668213 0.405740835748482 0.331776613377602 0.509629021451249 0.618582599023728 0.331374029319314 0.467637314399459 0.177227709283669 0.36218068514271 0.389850891244805 0.252919288503792 0.118621664041004 0.506406291051404 0.138480869034432
"6" 0.301800879994348 0.198370659584341 0.350248660291611 0.069486820650308 0.226369809925352 0 0.302542443698899 0.224823028107893 0.179425331775384 0.150475858596113 0.297719321537006 0.392528061812985 0.203301356927765 0.245294768175334 0.389387444695638 0.157678377436082 0.175511913717444 0.0831426020752848 0.224940638042564 0.320162647500435 0.16948306775637
"7" 0.184383615060928 0.498128873442305 0.52606689423289 0.263560069916444 0.422297765471803 0.302542443698899 0 0.0779483267481352 0.303482777362576 0.164685671677241 0.242817222593569 0.446401167449329 0.493537539203507 0.389323238323639 0.499722617288314 0.394863358581938 0.22222099227493 0.380037729399614 0.489128156622853 0.162414975905062 0.284461769490191
"8" 0.171502559411994 0.420197717474497 0.472361890701979 0.186661008120205 0.354904573668213 0.224823028107893 0.0779483267481352 0 0.247005139582199 0.0947024318470151 0.226717547469308 0.417326742934967 0.418379645575096 0.336368144370566 0.450601740824062 0.325955313343907 0.168711113287893 0.303261451972599 0.414332104924083 0.173622020280145 0.220077958877899
"9" 0.39725147744721 0.326150544424474 0.225363742903769 0.225189918586121 0.405740835748482 0.179425331775384 0.303482777362576 0.247005139582199 0 0.157037275013552 0.155827735163091 0.214721923224571 0.24946462043029 0.0901857962603544 0.564421441555047 0.120899103318071 0.0813048225892371 0.188341883545783 0.392008931376808 0.225098499663068 0.328410708871389
"10" 0.241908807031238 0.348560960417565 0.381502408696586 0.139252968526367 0.331776613377602 0.150475858596113 0.164685671677241 0.0947024318470151 0.157037275013552 0 0.184977351035845 0.347468553007632 0.329862860586357 0.247221410104788 0.460126205303383 0.231610296463684 0.0866413780952096 0.220110502123857 0.36513357583613 0.176842976135728 0.215555946281062
"11" 0.398210754626272 0.473627072439078 0.324508503931395 0.314934280590988 0.509629021451249 0.297719321537006 0.242817222593569 0.226717547469308 0.155827735163091 0.184977351035845 0 0.206031814474847 0.405268867699059 0.201664763874299 0.645032373684632 0.276495931498954 0.122286614947414 0.333377683770199 0.522455641909166 0.0973343189498856 0.400326697918406
"12" 0.585302401375115 0.505765008804393 0.186843648026828 0.439570771698049 0.618582599023728 0.392528061812985 0.446401167449329 0.417326742934967 0.214721923224571 0.347468553007632 0.206031814474847 0 0.393964951200016 0.159201877707613 0.779143207835056 0.280077322672724 0.261172495081428 0.382967171856857 0.592120195225453 0.301060009398242 0.541627422352159
"13" 0.503366584072355 0.131509425550479 0.258604789655713 0.268126067450826 0.331374029319314 0.203301356927765 0.493537539203507 0.418379645575096 0.24946462043029 0.329862860586357 0.405268867699059 0.393964951200016 0 0.241058185371314 0.507897667577302 0.12983889606087 0.306031554835604 0.120236829656716 0.247232053484417 0.465625724108165 0.348689882097463
"14" 0.487017629490246 0.347033729120274 0.1367899051005 0.301961997857326 0.467637314399459 0.245294768175334 0.389323238323639 0.336368144370566 0.0901857962603544 0.247221410104788 0.201664763874299 0.159201877707613 0.241058185371314 0 0.634627308976297 0.121052413179352 0.16837607776549 0.224877854026142 0.433766632593312 0.289588964151714 0.407004242438858
"15" 0.333936330372512 0.392064194301682 0.729773447280088 0.340350341804414 0.177227709283669 0.389387444695638 0.499722617288314 0.450601740824062 0.564421441555047 0.460126205303383 0.645032373684632 0.779143207835056 0.507897667577302 0.634627308976297 0 0.535526079546036 0.533230338588115 0.427946779266115 0.275768961463476 0.62049522773504 0.244772370846889
"16" 0.445387281223908 0.22602281363685 0.19488624179129 0.225449796804056 0.36218068514271 0.157678377436082 0.394863358581938 0.325955313343907 0.120899103318071 0.231610296463684 0.276495931498954 0.280077322672724 0.12983889606087 0.121052413179352 0.535526079546036 0 0.186570724357272 0.110307654995105 0.31579975661953 0.342814894263323 0.327115798614927
"17" 0.327715831897313 0.357368082825775 0.305018097882988 0.196311736099899 0.389850891244805 0.175511913717444 0.22222099227493 0.168711113287893 0.0813048225892371 0.0866413780952096 0.122286614947414 0.261172495081428 0.306031554835604 0.16837607776549 0.533230338588115 0.186570724357272 0 0.217807247706417 0.400384253363668 0.159925031878433 0.289444636202362
"18" 0.383610203898657 0.140268441398456 0.302168539005493 0.148659316646906 0.252919288503792 0.0831426020752848 0.380037729399614 0.303261451972599 0.188341883545783 0.220110502123857 0.333377683770199 0.382967171856857 0.120236829656716 0.224877854026142 0.427946779266115 0.110307654995105 0.217807247706417 0 0.209155573753158 0.375115785276815 0.236802285455847
"19" 0.406504573975463 0.119854184965436 0.495557346014704 0.229914485878744 0.118621664041004 0.224940638042564 0.489128156622853 0.414332104924083 0.392008931376808 0.36513357583613 0.522455641909166 0.592120195225453 0.247232053484417 0.433766632593312 0.275768961463476 0.31579975661953 0.400384253363668 0.209155573753158 0 0.540930551688903 0.225514883324463
"20" 0.337253586052526 0.512696867633509 0.41844317886274 0.315965351896367 0.506406291051404 0.320162647500435 0.162414975905062 0.173622020280145 0.225098499663068 0.176842976135728 0.0973343189498856 0.301060009398242 0.465625724108165 0.289588964151714 0.62049522773504 0.342814894263323 0.159925031878433 0.375115785276815 0.540930551688903 0 0.381332462408226
"21" 0.181585332515213 0.282807144510118 0.519225927628892 0.105138956270828 0.138480869034432 0.16948306775637 0.284461769490191 0.220077958877899 0.328410708871389 0.215555946281062 0.400326697918406 0.541627422352159 0.348689882097463 0.407004242438858 0.244772370846889 0.327115798614927 0.289444636202362 0.236802285455847 0.225514883324463 0.381332462408226 0
