"V1" "V2" "V3" "V4" "V5" "V6" "V7" "V8" "V9" "V10" "V11" "V12" "V13" "V14" "V15" "V16" "V17" "V18" "V19" "V20" "V21"
"1" 0 0.195270211258876 0.72543082030254 0.559822945610725 0.69809514394009 0.832646453572288 0.269591590887746 0.650348810994425 0.219792660439035 0.847578567078022 0.69214438059938 1.04991893179691 0.742971582754201 0.60269508192663 0.497738982482845 0.672637575327678 0.828817818675034 0.373121761231199 0.656070565042752 0.472833813684331 0.574536152364258
"2" 0.195270211258876 0 0.646473271867161 0.365070939189336 0.505424805349994 0.649128221795989 0.35473031611543 0.492249208103991 0.156762425748577 0.653267637634459 0.526739366575787 0.877676585863011 0.562716439390988 0.417874581093522 0.308725903340986 0.516307739222858 0.638123446264026 0.208827483426093 0.564848614583232 0.280852434872517 0.388679055136375
"3" 0.72543082030254 0.646473271867161 0 0.616147671459556 0.612461455880405 0.967345873951437 0.544409167686437 0.969216444154635 0.80311157433322 0.838358585974811 0.38446050291468 0.597260486565837 0.494730844632242 0.809194733758032 0.728047194686252 0.334830313806156 0.639096561607034 0.473962716607982 0.0885283075278246 0.562233866472386 0.509567312387824
"4" 0.559822945610725 0.365070939189336 0.616147671459556 0 0.147026282892565 0.368552762824162 0.641494654575499 0.363285447444703 0.441230952859833 0.304757341252019 0.292054329862864 0.571544884378515 0.257607397842324 0.195771456462497 0.14909606664585 0.318814401480104 0.283406716114744 0.245171311499142 0.529985631429074 0.0967494212897592 0.111785600612418
"5" 0.69809514394009 0.505424805349994 0.612461455880405 0.147026282892565 0 0.362325583729909 0.749447834787254 0.446649687999886 0.588245675337201 0.228877174685456 0.236242700716259 0.438028242986492 0.1519129199722 0.280977847093525 0.281674483461292 0.280734156536395 0.136382023524205 0.352721421699038 0.534333343788372 0.225265446528986 0.143644502279676
"6" 0.832646453572288 0.649128221795989 0.967345873951437 0.368552762824162 0.362325583729909 0 0.98029562318488 0.246877696179469 0.643124092149283 0.184312748472089 0.598407938751424 0.71930519404915 0.507872078461332 0.231253687449011 0.341969036730664 0.641371032259143 0.4078768589075 0.602578634053376 0.885025074406073 0.454891858878574 0.461623881850512
"7" 0.269591590887746 0.35473031611543 0.544409167686437 0.641494654575499 0.749447834787254 0.98029562318488 0 0.845601131096633 0.463129430622577 0.94622547387397 0.654477318377619 1.00342354341995 0.73898231703263 0.752899921352473 0.640621010043791 0.61784059927413 0.859504171965807 0.398983416243909 0.498218256761685 0.544764651745437 0.606919102336832
"8" 0.650348810994425 0.492249208103991 0.969216444154635 0.363285447444703 0.446649687999886 0.246877696179469 0.845601131096633 0 0.439443651989745 0.382967205687264 0.652322036081937 0.872869848335786 0.595317111632585 0.169956494146953 0.243108421655532 0.681889310567342 0.548978333187556 0.525724103654789 0.881212833577582 0.407429189070985 0.475051027587884
"9" 0.219792660439035 0.156762425748577 0.80311157433322 0.441230952859833 0.588245675337201 0.643124092149283 0.463129430622577 0.439443651989745 0 0.690464023449025 0.655990630401598 0.993993793189196 0.673867893051954 0.422306315239124 0.333953042330848 0.652775463521869 0.724610618988599 0.352389607313274 0.720984383627923 0.379262310526483 0.496311182298931
"10" 0.847578567078022 0.653267637634459 0.838358585974811 0.304757341252019 0.228877174685456 0.184312748472089 0.94622547387397 0.382967205687264 0.690464023449025 0 0.455952850284472 0.535463064166905 0.35266502090382 0.278048417468354 0.357272001927229 0.503986766732541 0.232116285011742 0.548744191945093 0.762124355808727 0.401506543925386 0.361671731538611
"11" 0.69214438059938 0.526739366575787 0.38446050291468 0.292054329862864 0.236242700716259 0.598407938751424 0.654477318377619 0.652322036081937 0.655990630401598 0.455952850284472 0 0.359046738161298 0.112164763346818 0.482532295843494 0.436536951954413 0.0512481008326357 0.258230185078372 0.321107675291073 0.314297539512455 0.292159323249391 0.184383680793412
"12" 1.04991893179691 0.877676585863011 0.597260486565837 0.571544884378515 0.438028242986492 0.71930519404915 1.00342354341995 0.872869848335786 0.993993793189196 0.535463064166905 0.359046738161298 0 0.320414447850133 0.714866400650379 0.716873492006069 0.387433311456431 0.324198083525578 0.677182149576166 0.570746568656601 0.615173845202341 0.49774959641875
"13" 0.742971582754201 0.562716439390988 0.494730844632242 0.257607397842324 0.1519129199722 0.507872078461332 0.73898231703263 0.595317111632585 0.673867893051954 0.35266502090382 0.112164763346818 0.320414447850133 0 0.426985666570075 0.406358126606084 0.163401261779911 0.14606995789615 0.371559829409713 0.426343525689485 0.294803784761648 0.177580117700548
"14" 0.60269508192663 0.417874581093522 0.809194733758032 0.195771456462497 0.280977847093525 0.231253687449011 0.752899921352473 0.169956494146953 0.422306315239124 0.278048417468354 0.482532295843494 0.714866400650379 0.426985666570075 0 0.112280812312847 0.513082245482604 0.394484697937709 0.390757925329217 0.722073017533943 0.254388159939642 0.307293577403324
"15" 0.497738982482845 0.308725903340986 0.728047194686252 0.14909606664585 0.281674483461292 0.341969036730664 0.640621010043791 0.243108421655532 0.333953042330848 0.357272001927229 0.436536951954413 0.716873492006069 0.406358126606084 0.112280812312847 0 0.457708277310126 0.413674931343622 0.286140092939274 0.6397474245997 0.165953178292592 0.252265094520337
"16" 0.672637575327678 0.516307739222858 0.334830313806156 0.318814401480104 0.280734156536395 0.641371032259143 0.61784059927413 0.681889310567342 0.652775463521869 0.503986766732541 0.0512481008326357 0.387433311456431 0.163401261779911 0.513082245482604 0.457708277310126 0 0.30947063213991 0.307762164022433 0.263241769396729 0.303747810654067 0.207467462354097
"17" 0.828817818675034 0.638123446264026 0.639096561607034 0.283406716114744 0.136382023524205 0.4078768589075 0.859504171965807 0.548978333187556 0.724610618988599 0.232116285011742 0.258230185078372 0.324198083525578 0.14606995789615 0.394484697937709 0.413674931343622 0.30947063213991 0 0.471539115297495 0.572269387831305 0.357289442900617 0.258160880722024
"18" 0.373121761231199 0.208827483426093 0.473962716607982 0.245171311499142 0.352721421699038 0.602578634053376 0.398983416243909 0.525724103654789 0.352389607313274 0.548744191945093 0.321107675291073 0.677182149576166 0.371559829409713 0.390757925329217 0.286140092939274 0.307762164022433 0.471539115297495 0 0.38677318766415 0.149858492234352 0.213602854151479
"19" 0.656070565042752 0.564848614583232 0.0885283075278246 0.529985631429074 0.534333343788372 0.885025074406073 0.498218256761685 0.881212833577582 0.720984383627923 0.762124355808727 0.314297539512455 0.570746568656601 0.426343525689485 0.722073017533943 0.6397474245997 0.263241769396729 0.572269387831305 0.38677318766415 0 0.474024998396143 0.425039590914405
"20" 0.472833813684331 0.280852434872517 0.562233866472386 0.0967494212897592 0.225265446528986 0.454891858878574 0.544764651745437 0.407429189070985 0.379262310526483 0.401506543925386 0.292159323249391 0.615173845202341 0.294803784761648 0.254388159939642 0.165953178292592 0.303747810654067 0.357289442900617 0.149858492234352 0.474024998396143 0 0.117606467200268
"21" 0.574536152364258 0.388679055136375 0.509567312387824 0.111785600612418 0.143644502279676 0.461623881850512 0.606919102336832 0.475051027587884 0.496311182298931 0.361671731538611 0.184383680793412 0.49774959641875 0.177580117700548 0.307293577403324 0.252265094520337 0.207467462354097 0.258160880722024 0.213602854151479 0.425039590914405 0.117606467200268 0
