"V1" "V2" "V3" "V4" "V5" "V6" "V7" "V8" "V9" "V10" "V11" "V12" "V13" "V14" "V15" "V16" "V17" "V18" "V19" "V20" "V21" "V22" "V23" "V24" "V25" "V26" "V27" "V28" "V29" "V30" "V31" "V32" "V33" "V34" "V35" "V36" "V37" "V38" "V39" "V40" "V41" "V42" "V43" "V44" "V45" "V46" "V47" "V48" "V49" "V50" "V51" "V52" "V53" "V54" "V55" "V56" "V57" "V58" "V59" "V60" "V61" "V62" "V63" "V64" "V65" "V66" "V67" "V68" "V69" "V70" "V71" "V72" "V73" "V74" "V75" "V76" "V77" "V78" "V79" "V80" "V81" "V82" "V83" "V84"
"1" 0 0.349414124005557 0.180841370462143 0.40904919459154 0.572971131425033 0.280581989170885 0.319608807469168 0.312188696447737 0.280725374549924 0.22500304648764 0.328916239131754 0.806135267134761 0.0574904841708705 0.169297195631789 0.545198994530524 0.29548380370456 0.164827359794899 0.766840088578125 0.49372345071361 0.43297069923884 0.425629109217359 0.804811815554506 0.549489215592858 0.451224189837872 0.256204594459175 0.339891547164642 0.145629212832538 0.589810464310828 0.604800707126313 0.650462831143419 0.221426351363811 0.612266938494565 0.684704452719388 0.786843797025215 0.530219585704728 0.320144571541923 0.801946884503053 0.343785736563982 0.331123825976178 0.728389889831939 0.169384644339918 0.333615918728633 0.477480967026718 0.410691039409224 0.672909327292521 0.418109612748219 0.309751134113221 0.138877318572085 0.249918802841564 0.527263808104185 0.396740427041096 0.377939618617518 0.280194612472523 0.371991354198274 0.568932039045751 0.610503143572908 0.349166185023322 0.276565092022244 0.307074854210807 0.575304945204027 0.313893979332055 0.269268347728219 0.137003589915368 0.893800594188484 0.725296943419124 0.444849733837402 0.589049343610584 0.49362389055792 0.39783266577664 0.7242232692022 0.453765836079176 0.789543445209869 0.443502791518298 0.109756952978256 0.501055661630542 0.256712650857831 0.338576454955698 0.606530211256004 0.200851854942217 0.767972555702613 0.652510902198568 0.476053470547403 0.397710221292745 0.165329818515956
"2" 0.349414124005557 0 0.170499475595286 0.068847512375462 0.225176663858601 0.152798545175204 0.635608041772743 0.102203106090068 0.548718455819513 0.414300677857516 0.128163632866041 0.797884854033135 0.349285585150292 0.505217299173632 0.617323451360162 0.644750482948949 0.338813006403005 0.781892517585682 0.195165293475985 0.163772157936815 0.193468681158139 0.789793545857145 0.371836515445199 0.667334703351637 0.323717216817558 0.0376242615062739 0.213084018170212 0.568516352561195 0.735926826415328 0.301063074282302 0.470085048759953 0.719576031124289 0.676371938925279 0.697771672342361 0.841900317515346 0.153097375453928 0.750279395236154 0.690835656521716 0.508886255762677 0.654393121033734 0.272000725567697 0.632600780499287 0.75711527274728 0.30916492317307 0.501678914646442 0.622471765337911 0.626607825441234 0.210771798692384 0.168076488517865 0.351936897448632 0.0726976801245625 0.460718986704791 0.0978969115058973 0.166293280254644 0.237095678042814 0.276518098353987 0.643240173198946 0.625708173762801 0.645738011081726 0.241020979819962 0.591996555267927 0.327778753951635 0.431601320906012 0.821962215946215 0.624871720468678 0.415411990238116 0.828158305354533 0.775671360628053 0.525115229016273 0.604997101577757 0.391886251517331 0.70300833929211 0.645246361263946 0.387857884798094 0.168309267806877 0.214428588686904 0.0435457596213246 0.892811888767961 0.330627960230091 0.747630004479424 0.896977221959125 0.776963010951824 0.745144247152425 0.420332272351415
"3" 0.180841370462143 0.170499475595286 0 0.234134184151552 0.39557379055589 0.125189763445523 0.469510251214554 0.160531811369979 0.414684469255728 0.27297332564202 0.162336281429347 0.764291037027108 0.17932309579181 0.343631325067928 0.538824019765339 0.47515225186725 0.21886826774854 0.73634652228759 0.319441793076447 0.262545604312347 0.264544680490891 0.759399574940448 0.417163745788448 0.531577601852206 0.252943925167161 0.159053186206984 0.0452320243981474 0.53364325952309 0.63569695360898 0.471075712233467 0.315763103170712 0.629156356446789 0.639274595697152 0.703744046479484 0.678347751992757 0.19177872566556 0.737698318154744 0.520412528100206 0.379856118651293 0.650920776875729 0.163057271665915 0.488306589900718 0.602118020657893 0.299699938504459 0.548763760846013 0.489437744297248 0.474629074774403 0.047978673343791 0.137051059634903 0.394544630296688 0.225999642277211 0.367181976279068 0.122985380421528 0.239349134155973 0.399985181199496 0.43083810087857 0.50123280563748 0.45599046348364 0.475681271315803 0.395437482214105 0.455387234968461 0.227087479777996 0.26538561946727 0.821625804185996 0.634936718264021 0.374578730730421 0.687680866745489 0.620166718437472 0.417119256839123 0.624984613439342 0.367265071069958 0.707744200422969 0.513972620800334 0.221815240074114 0.320967601542096 0.140444051271089 0.157820431795198 0.737138504291775 0.197149418007657 0.718826842549232 0.755539885180127 0.615929632876994 0.574745695327739 0.282792448299292
"4" 0.40904919459154 0.068847512375462 0.234134184151552 0 0.164597468314032 0.219141224848708 0.702242575148509 0.119917479627488 0.587356858947805 0.483147824142506 0.187520505262915 0.847118275497959 0.413435401609265 0.55847847249587 0.678468872076291 0.704334428354998 0.377641883292691 0.83442257164356 0.201094625970061 0.191406907718709 0.229749395519595 0.838206582800533 0.404232704180845 0.73583631925063 0.345519916479991 0.10072223856239 0.278142968257053 0.620561597842912 0.800213519270381 0.245347955661795 0.538580065714826 0.782276066459866 0.727658171012025 0.736088112007509 0.909396307022247 0.157768760000258 0.793868195977837 0.752320791628205 0.577206233952236 0.696326957166608 0.311278526894008 0.675083420380894 0.825747876578432 0.361722416001574 0.528834566873904 0.690857483035852 0.673204978152318 0.27039286041777 0.19816370627082 0.386308798158238 0.0261621219616861 0.525645377337762 0.136226465568114 0.148222855378319 0.168487227221286 0.247450410247205 0.684458537071943 0.685530997840622 0.709637562918203 0.214035851027956 0.631193792851602 0.394924705799364 0.498008051029527 0.860987099808862 0.662884888668632 0.471679172913114 0.896808744415844 0.84427562571375 0.591434777874752 0.639964968443294 0.445046872678355 0.741665090759363 0.713483486599299 0.454250584296822 0.151190473853853 0.281651526080819 0.106155086961964 0.961437377760405 0.399455320772265 0.79597186298582 0.965647548129224 0.844940449696409 0.806455385100654 0.463120886414105
"5" 0.572971131425033 0.225176663858601 0.39557379055589 0.164597468314032 0 0.353227322367921 0.858935138845586 0.278103857432842 0.744612785358067 0.62665481548836 0.307844207727404 0.900362709772254 0.574454114864223 0.7228518817442 0.774838828935357 0.868425620206142 0.536840785413168 0.89814947752981 0.21496336509177 0.252223599266808 0.295860886368494 0.889165854147477 0.433376196785218 0.869795885971733 0.492454046643587 0.244286395520333 0.43819708460819 0.688473410459442 0.907414868757279 0.0842327874771597 0.688043877064072 0.882872743411598 0.789994414759323 0.761099764412021 1.06315374027889 0.303112053532633 0.831814164024033 0.915573378425624 0.710778648237412 0.732559905884181 0.47158019883163 0.834578891196551 0.972643084447005 0.44528239484211 0.534589481266857 0.823884387096482 0.835103975872314 0.434114676192889 0.356683379314128 0.422173323254168 0.181162834687543 0.640692753561363 0.299822084512719 0.272350474600877 0.080546235084176 0.156599668594376 0.843063117414245 0.849536130018765 0.870893528610806 0.142041224505131 0.78860078944901 0.524032742447675 0.655540446992155 0.884482589978066 0.689692368321267 0.558502087555363 1.03182384867621 0.991444235035457 0.711663386789578 0.659660098559319 0.524269845754481 0.767421877278346 0.844824303410652 0.611898312525461 0.144758885712416 0.415419662358285 0.24782347261085 1.1080447620172 0.542701411364113 0.847688016120494 1.10066832185587 0.996667026573673 0.969819657050303 0.623821858294677
"6" 0.280581989170885 0.152798545175204 0.125189763445523 0.219141224848708 0.353227322367921 0 0.516002595241289 0.213201064569627 0.536604519048113 0.273652432427763 0.0520759763830598 0.665959889170877 0.256699937416784 0.449752832599705 0.467692555715401 0.559420413868306 0.344056373803964 0.64430838705811 0.217881836339971 0.154617113927732 0.145327154782735 0.65943455857104 0.292213184963578 0.519294096561035 0.37184380788119 0.118442349657688 0.138875177568406 0.434080558158236 0.583441640342931 0.415233473643682 0.337603322865095 0.568164996733419 0.541911866481473 0.588677644296529 0.714415889284276 0.261675547832212 0.629575390757618 0.596367488427235 0.360137176980173 0.538677873891275 0.286982115015143 0.605698757776712 0.619827084235308 0.183555491333702 0.424257732840448 0.473824765727796 0.58758768111223 0.170426298115506 0.232802506981951 0.269636259352521 0.22545185396534 0.308083391958327 0.181955702745394 0.295610597956845 0.382649064979316 0.344681569067135 0.61957083994332 0.53993351399296 0.541089737457347 0.311472277644822 0.57618816319014 0.175904351222346 0.318948782355846 0.709334156073635 0.518138176119418 0.275721362681958 0.681006212021659 0.63868121701991 0.372460145325494 0.505453853278005 0.259686904235857 0.593099602701526 0.495860844624857 0.277534752934414 0.241626407564804 0.0631230940012381 0.113139949006686 0.755048898657354 0.19000113298683 0.617827875655889 0.749924860159554 0.646281147237604 0.650345771073724 0.405223456864213
"7" 0.319608807469168 0.635608041772743 0.469510251214554 0.702242575148509 0.858935138845586 0.516002595241289 0 0.622355341488012 0.445827436447805 0.261157603927584 0.56746292141779 0.744809353647228 0.29363405904403 0.289842979237968 0.470901057068831 0.181046171839761 0.462988244736912 0.690626477453782 0.727111717064864 0.662759058577342 0.637608310831326 0.750011083714503 0.689352883204331 0.243490926389975 0.561239984874545 0.614783164121473 0.424640731380129 0.590727992629933 0.448103670398908 0.92811697320105 0.186943502979183 0.479244486257907 0.647867975916994 0.802390969698018 0.211082914862669 0.637098852324313 0.781312913674045 0.156307760074267 0.258831396078945 0.74153124590191 0.486084888381821 0.423195841164939 0.176582992879355 0.547960988436729 0.779400602584856 0.243885935592743 0.372855925912428 0.441802132712427 0.567432479416437 0.671663683505912 0.695458923829218 0.378487901010657 0.587071521042939 0.68898833188834 0.869348022019686 0.858709977229742 0.440751713381844 0.174337217551692 0.0859339368468427 0.826532658894608 0.448419947014021 0.385069340788745 0.204271588443036 0.877384432083371 0.762197922280211 0.509875619349812 0.315538168185009 0.188440180945781 0.336014163658465 0.777506571128807 0.54100084635157 0.802373544970278 0.259458313429713 0.24801072729764 0.757628160005095 0.461610742102009 0.611502407660678 0.292134224503309 0.333256984512142 0.724724190660911 0.366525130698806 0.15831448160397 0.189608005047202 0.412763341902522
"8" 0.312188696447737 0.102203106090068 0.160531811369979 0.119917479627488 0.278103857432842 0.213201064569627 0.622355341488012 0 0.468077219531663 0.432705415854151 0.209731765938145 0.877934199114006 0.328724583885669 0.448853589827259 0.677157138509245 0.603074669165323 0.259058487008871 0.85739193998923 0.296650763868903 0.265069155306057 0.291528962875125 0.870926499118956 0.469081674528344 0.691273897158969 0.227260302827346 0.130760625375497 0.204759417854624 0.646376328539994 0.78489673621061 0.361369196023917 0.475935149419053 0.77399053079722 0.754387025257125 0.789308409176976 0.832870757110334 0.0523883863391941 0.836968536063891 0.654717708148638 0.537564776181627 0.743134965877975 0.19348227568468 0.556859007106885 0.761416444285705 0.390646592878545 0.600424794140567 0.648549602776831 0.557071172163239 0.180570738044117 0.0788386754457534 0.448376570530228 0.0979902441656164 0.511022010471459 0.03770893848571 0.0836530959925209 0.259401759344341 0.365042290654165 0.56576001867783 0.584881348924027 0.618839525868496 0.330629546363011 0.511988068164812 0.371244992828921 0.420241008263559 0.91246621304416 0.716981036846027 0.48872469501387 0.848083202598795 0.779281209607582 0.567987140803657 0.699300113158038 0.47061418502347 0.79425890849296 0.672798454432009 0.377573392423594 0.262184971561856 0.263970710311482 0.135561367212794 0.895987082777399 0.35414726026073 0.829074991219241 0.91602014893606 0.772577590101842 0.708105238491021 0.345727967464824
"9" 0.280725374549924 0.548718455819513 0.414684469255728 0.587356858947805 0.744612785358067 0.536604519048113 0.445827436447805 0.468077219531663 0 0.488343680846032 0.577019618834068 1.07792286396425 0.333401307068572 0.162072061586789 0.808443265227994 0.295947105051914 0.21023532504831 1.03498524960635 0.729043346120873 0.675808784391587 0.679135462001588 1.07778103475991 0.821691334493465 0.659421660441711 0.262446936850247 0.555480360352263 0.399249246776332 0.86772486103448 0.843872569373053 0.828546398972078 0.456682988439855 0.860420006704334 0.959049151101828 1.0672540262219 0.615880704319952 0.442918911218724 1.07978452353785 0.356443669921765 0.579654045301367 1.0084755657153 0.277112427803931 0.0956578506820408 0.621764911703022 0.687680708408806 0.948771109979422 0.639017283826526 0.121371368959683 0.367218031071123 0.389323113931512 0.79912083000963 0.566056949513542 0.649633720920282 0.453822924233821 0.482524889380844 0.712345819092294 0.825231604660382 0.0999817406627624 0.289888339169903 0.378753386830648 0.789736105496341 0.0439917849243926 0.549789902129937 0.370346210977036 1.17265582637391 1.00602156727725 0.725423393612864 0.760624892342296 0.632069024817155 0.656490042556281 1.00467973653713 0.734304764104737 1.0698545251727 0.66231982382083 0.368695435509365 0.71652227600579 0.527917612383816 0.556597176275079 0.722782357515293 0.48029666614384 1.04243526400203 0.812131301479205 0.590285417572661 0.38995865465218 0.131925849963006
"10" 0.22500304648764 0.414300677857516 0.27297332564202 0.483147824142506 0.62665481548836 0.273652432427763 0.261157603927584 0.432705415854151 0.488343680846032 0 0.321882483971866 0.589703909132995 0.167745916477277 0.339814683908118 0.3218732857469 0.364879954173726 0.385249188089545 0.546877207713563 0.472812812339523 0.409218140866878 0.380371287207586 0.589887879231091 0.43144244166992 0.258628885243011 0.46698865591396 0.385984297255495 0.231279153552249 0.3870916997314 0.383007990605962 0.688141942593641 0.0744868903674712 0.387811510885907 0.47219618169943 0.595573032610309 0.445143049549827 0.464014970780458 0.596920680343502 0.380012157626627 0.11144508208536 0.534784650932959 0.370113061499741 0.517251811414249 0.346184851334476 0.287993524838585 0.531105421607866 0.21669812314965 0.47929878969206 0.268905019078136 0.403213555182289 0.412798113794166 0.482922060833921 0.163027721720646 0.394996560974767 0.512303365608432 0.650986188132336 0.606296443521499 0.534937625924641 0.347261444218725 0.31097894599587 0.575804427500291 0.513394941863629 0.123938573793716 0.123788220917105 0.691773480672623 0.54267494939586 0.267633733110238 0.416196538634532 0.365052172592991 0.172854416421963 0.55014416448677 0.291949915292876 0.597147140361158 0.241494866658757 0.120341390350338 0.510850872538074 0.212880092296558 0.381553212169833 0.481418601152586 0.0841073691493398 0.55540871166959 0.484609071725859 0.375173336936439 0.428927819846034 0.387785956782968
"11" 0.328916239131754 0.128163632866041 0.162336281429347 0.187520505262915 0.307844207727404 0.0520759763830598 0.56746292141779 0.209731765938145 0.577019618834068 0.321882483971866 0 0.671410503229523 0.307736395138258 0.497503394373325 0.491025532424795 0.610832099245255 0.378289680017838 0.654172649405984 0.166439269005632 0.10414095870397 0.102392990873819 0.663747484542502 0.267075484828806 0.562032571823421 0.394908675493902 0.0905760587392425 0.184549222224337 0.441141524743602 0.613455437935584 0.366283564847284 0.387719737528162 0.594815354309159 0.549145380885281 0.579929297164553 0.76459690042137 0.26138932433117 0.627507889348664 0.648287201173388 0.402954206229562 0.533404424683757 0.317343516527269 0.64944575907491 0.667818386845471 0.182483139290531 0.40005426452703 0.516181309813836 0.633405901169321 0.209942018370645 0.246282803453879 0.245174669902439 0.198956271529281 0.339967380564044 0.185109932241109 0.28737127767315 0.343700797286862 0.292622118390054 0.662769083396017 0.591347035747053 0.593164923764663 0.259520168243774 0.617613837209231 0.216342171608598 0.371006313894591 0.702816135491861 0.507869693367818 0.287251305782022 0.724045870841102 0.686730179248961 0.408017104982549 0.491522192445018 0.264456882268242 0.584798237980512 0.537394575014404 0.329602963982396 0.190378327151431 0.109008846148138 0.0846539585158854 0.802650753575134 0.239100437536876 0.621689578241269 0.792912830895237 0.695945857106858 0.70230358881165 0.445127767880048
"12" 0.806135267134761 0.797884854033135 0.764291037027108 0.847118275497959 0.900362709772254 0.665959889170877 0.744809353647228 0.877934199114006 1.07792286396425 0.589703909132995 0.671410503229523 0 0.749415308024 0.927730522460979 0.277380229842233 0.911951276921097 0.950825962286055 0.059717069981033 0.686006696065568 0.662792440580063 0.620330768445905 0.0162301941575139 0.467947330547492 0.516114679357098 1.01236914718254 0.76050733226111 0.744650008524475 0.231951209756326 0.326389135773143 0.909573809824252 0.631231242839653 0.281367056818946 0.125017458737212 0.190286291480639 0.794350341152062 0.927491493834228 0.101898348908096 0.900485770698025 0.509862990861601 0.181185490049995 0.915268715304356 1.1038107299088 0.667762331943291 0.488983541107225 0.398231357255348 0.502712371031899 1.06259510459243 0.79071193118453 0.894550552666689 0.478190835621342 0.864330288422771 0.428817647815258 0.847897176776788 0.958237117807256 0.967292804398257 0.77667911955225 1.12178550025724 0.898682146687412 0.82738814601864 0.770641180217518 1.10286048221169 0.54823821488768 0.710661263358053 0.162302498001073 0.235811666729555 0.391259711747712 0.577285031633746 0.678684144232845 0.427807942106981 0.274805176459707 0.407432329735525 0.183991834537183 0.491719884113518 0.709279864915571 0.757279863213765 0.625744281424131 0.754648031299926 0.730606370719681 0.608103945547154 0.0527882598229562 0.611449455844572 0.734268505721156 0.932682374199542 0.97146373197669
"13" 0.0574904841708705 0.349285585150292 0.17932309579181 0.413435401609265 0.574454114864223 0.256699937416784 0.29363405904403 0.328724583885669 0.333401307068572 0.167745916477277 0.307736395138258 0.749415308024 0 0.206193631645139 0.487716678552606 0.30336719993008 0.219119074273185 0.709664896927244 0.47417490966984 0.411304074848153 0.398609544492529 0.748299646973453 0.509134842457031 0.400925057684685 0.306278975703774 0.333826457371589 0.136348349741375 0.534785088343522 0.548731158075424 0.648495895893475 0.170330015661299 0.555339056445754 0.62843901051739 0.734143089196644 0.504309969841476 0.34505038110254 0.746945057205331 0.343962285270458 0.275052037118772 0.675154300096056 0.213766874448678 0.378984610094474 0.440139930010789 0.367098023881264 0.628983829694382 0.365836648993532 0.350221184954393 0.148197827059798 0.276347054026673 0.487333852590554 0.40449230116741 0.320905668418174 0.293627759209941 0.396745023446395 0.578449422685724 0.597057306094102 0.395372235412422 0.283900037606683 0.296461994477184 0.562572230937333 0.364178430464629 0.217387873957796 0.094280654531485 0.839405551830108 0.673959188749754 0.392778678444873 0.543991702502886 0.457152204137099 0.340497468627598 0.674423062055617 0.404186092402117 0.736651644326824 0.391314702730785 0.0573639873407051 0.489476253213889 0.221947272999233 0.331551912769187 0.572334311845931 0.146996418872082 0.711773760706897 0.608981653080587 0.445465223358898 0.398340414987221 0.222317912952706
"14" 0.169297195631789 0.505217299173632 0.343631325067928 0.55847847249587 0.7228518817442 0.449752832599705 0.289842979237968 0.448853589827259 0.162072061586789 0.339814683908118 0.497503394373325 0.927730522460979 0.206193631645139 0 0.654526226313853 0.172342406690484 0.213550541201612 0.882414986819717 0.66119133078328 0.601332922893501 0.594894745649957 0.928596495305801 0.714962752779207 0.49735154727038 0.30616915647009 0.500957531067737 0.313181551053103 0.725850024775543 0.683167175827098 0.803519926657231 0.299398665696509 0.701231857040958 0.811783942855115 0.931340749813209 0.476076613509046 0.441557719180924 0.936537917165097 0.233280773168762 0.422924433555313 0.87124096690133 0.264100278976678 0.177683247843716 0.466400756559966 0.573291451739252 0.835101295224219 0.477329598729978 0.144280895135975 0.297391476727969 0.374565365699167 0.693027645531593 0.542305863305909 0.502837609044185 0.423236177121744 0.490294510008642 0.707806138397529 0.774222723374032 0.195213078000093 0.158709651581711 0.233324418718598 0.738721869001408 0.177353052929964 0.419950673576104 0.217131642301841 1.03104462797464 0.874164590492511 0.593150367721931 0.601988320383237 0.478078912451803 0.502066448104725 0.87689025315602 0.607766009854105 0.933368814277092 0.500452134291236 0.225309980078413 0.664161580605447 0.424549743932355 0.50036596095322 0.575738591137559 0.348216765152928 0.894860374699949 0.655905892584678 0.441300740078716 0.279907137045694 0.1371869288951
"15" 0.545198994530524 0.617323451360162 0.538824019765339 0.678468872076291 0.774838828935357 0.467692555715401 0.470901057068831 0.677157138509245 0.808443265227994 0.3218732857469 0.491025532424795 0.277380229842233 0.487716678552606 0.654526226313853 0 0.634909352128842 0.699742840590784 0.228324618370611 0.567764605128651 0.522620602108628 0.479147617661644 0.280902594136299 0.395247570335227 0.258185377216744 0.772156842472913 0.580414505191248 0.509830795988008 0.155521084363783 0.143583774254565 0.808396318139795 0.355906914712085 0.109177265051292 0.178327800886337 0.345961966371681 0.548533978653196 0.721314626673096 0.311943305989118 0.625459165707392 0.233266241478639 0.288729298099712 0.673605511728059 0.829184660534303 0.418377874242412 0.329655226094294 0.411302873796749 0.234474752621387 0.786870369217451 0.555110592537944 0.675428067960376 0.391699476517527 0.689431559412336 0.173329218178885 0.642398725976691 0.760723888248057 0.826624256903605 0.688814389506363 0.847267851760867 0.621431758039622 0.551900715777187 0.670720774863654 0.831013995098026 0.311760369704695 0.438498939780499 0.407378502182943 0.324569916608303 0.217122762871044 0.367300010168672 0.43259531362428 0.152461185652185 0.351962909201614 0.254360178388162 0.344472797928411 0.229177741432006 0.44213741252632 0.632283492771114 0.413188174724116 0.574578856454505 0.509669853563809 0.357165620490802 0.253860260413162 0.42207740068244 0.481684881727289 0.660100991610787 0.709328793606161
"16" 0.29548380370456 0.644750482948949 0.47515225186725 0.704334428354998 0.868425620206142 0.559420413868306 0.181046171839761 0.603074669165323 0.295947105051914 0.364879954173726 0.610832099245255 0.911951276921097 0.30336719993008 0.172342406690484 0.634909352128842 0 0.384167217385037 0.860057533884237 0.777227635754175 0.713959683680281 0.698722922492641 0.915811366701982 0.788276286408131 0.423374008134493 0.478310795174066 0.633631192076171 0.436138558633942 0.738378282162 0.626499722166797 0.945809439190312 0.298160540435488 0.655040279141976 0.807583663670983 0.950589759509588 0.320418717950109 0.602742886282073 0.939348863803046 0.0620559407215197 0.406950161025036 0.889317434025187 0.429131775899663 0.252191027113327 0.343172357217234 0.64283842429083 0.894875245244463 0.418963652673494 0.200953317901133 0.434360882225047 0.533527638796223 0.768021508535428 0.69128325887333 0.515029416989836 0.573381493541588 0.653133860070862 0.861979069922437 0.900241321635437 0.268643340365871 0.0194869042712934 0.0967658547752962 0.865603147786299 0.287325874034798 0.476866656074777 0.254261200363279 1.03568204924262 0.902905614051903 0.632311771703731 0.488306463724507 0.350039503138578 0.489279769586114 0.913001689060968 0.656481269646356 0.951388367987274 0.436929414027321 0.28786968682782 0.792141386045522 0.51886154620994 0.6318976273635 0.430224051762888 0.409652665321432 0.887483471890019 0.531527105262199 0.301294549070335 0.108150769130986 0.309340018032977
"17" 0.164827359794899 0.338813006403005 0.21886826774854 0.377641883292691 0.536840785413168 0.344056373803964 0.462988244736912 0.259058487008871 0.21023532504831 0.385249188089545 0.378289680017838 0.950825962286055 0.219119074273185 0.213550541201612 0.699742840590784 0.384167217385037 0 0.915613926096133 0.522666806843113 0.472473004789792 0.480501288288829 0.948024731076017 0.635789039079621 0.615612318174791 0.098391935338312 0.347322871837887 0.216983068803953 0.726429315501901 0.767614851905479 0.620363832579606 0.386226004750499 0.772878221173399 0.82703559008709 0.91095202787573 0.667652831458939 0.239126466491562 0.936473999973313 0.443385413650708 0.494051461588345 0.855391707967664 0.06689519765865 0.297806334765666 0.631124744073222 0.512837204372235 0.766875656528177 0.582929438371705 0.300277104279558 0.175494354037081 0.180248812426945 0.613143470403455 0.356964226216596 0.528268356868843 0.243591049021707 0.283951686448745 0.50999155104682 0.615239749152476 0.306832786534072 0.368835124367025 0.429059584713229 0.579802938760006 0.253853348762379 0.403036118559656 0.300475603563197 1.02467991793502 0.844580069666831 0.572231793458506 0.749838115204129 0.646075694374007 0.556695375891591 0.837654525568074 0.572412659514336 0.914437434456876 0.608314072986057 0.274318992246046 0.506911018086862 0.349809432310055 0.348844638593791 0.754900451064546 0.344227368483612 0.909351609750812 0.811668308373225 0.621269542416153 0.492286095729035 0.0883828800568149
"18" 0.766840088578125 0.781892517585682 0.73634652228759 0.83442257164356 0.89814947752981 0.64430838705811 0.690626477453782 0.85739193998923 1.03498524960635 0.546877207713563 0.654172649405984 0.059717069981033 0.709664896927244 0.882414986819717 0.228324618370611 0.860057533884237 0.915613926096133 0 0.683186194222507 0.654745085972302 0.61138923111478 0.0715969261618609 0.470211787547622 0.45905400806007 0.981020582420698 0.744298310337394 0.71389100698401 0.213861770910062 0.266967788356506 0.912860811204347 0.584180703567735 0.222492057874999 0.108190066412713 0.229542817410977 0.735350141310086 0.905788427640625 0.148236256317959 0.846674257558175 0.461557070502045 0.205678898466489 0.883157964548197 1.05744183094347 0.609236278606872 0.473147460629522 0.416336788859385 0.447522699171374 1.01518885628756 0.759976357141929 0.869122090271596 0.477829000994829 0.850244311600509 0.38898846309843 0.825927043051091 0.938994129792101 0.96207645371688 0.781626827984163 1.07551054091224 0.847282686479682 0.773969898307015 0.772906272332261 1.05852224472313 0.51532531100954 0.665872123328421 0.220564817789185 0.261491725242873 0.368674460374195 0.517569190288138 0.61988728219022 0.380574439366242 0.30075880080694 0.390060761292389 0.224007964814436 0.435488613882755 0.667092805340712 0.753852840831505 0.600037671421366 0.738389458233978 0.670900506661864 0.571533254089376 0.0794432987166439 0.552028925751443 0.675881388202802 0.877648023403125 0.93198065328031
"19" 0.49372345071361 0.195165293475985 0.319441793076447 0.201094625970061 0.21496336509177 0.217881836339971 0.727111717064864 0.296650763868903 0.729043346120873 0.472812812339523 0.166439269005632 0.686006696065568 0.47417490966984 0.66119133078328 0.567764605128651 0.777227635754175 0.522666806843113 0.683186194222507 0 0.0644379354833779 0.0959564687038176 0.675080424252211 0.221144908139462 0.692237004600434 0.517793479619232 0.176575466896217 0.348265972424327 0.473970679698914 0.704708176541419 0.240739538367181 0.543198903696227 0.676732297343887 0.575033445136579 0.553466655873337 0.917915418250039 0.345677009237867 0.62021728397426 0.814003601764822 0.537155824363205 0.520991987255199 0.457303763018458 0.806750475196903 0.813499166317883 0.239943904771499 0.334606676990463 0.646167736768172 0.794070783062474 0.367212284616063 0.361685990373737 0.208205602312081 0.22623651671383 0.449082709430468 0.291333972800817 0.347389682898605 0.282175068510945 0.13410762528669 0.819085630780443 0.757741369013476 0.757405152939089 0.10697969640334 0.771111434727428 0.354499451447106 0.535069548001629 0.678073826746101 0.480924006837354 0.350680301739845 0.852799903332872 0.832470774385289 0.52263489822719 0.453586808953205 0.314096866659618 0.559531564305131 0.664505907456975 0.494574624087424 0.0714066119154699 0.265817454251733 0.174372460870446 0.946043522093906 0.394286178181512 0.633421021949427 0.920745535844851 0.84751853224796 0.867869249645549 0.597692920041672
"20" 0.43297069923884 0.163772157936815 0.262545604312347 0.191406907718709 0.252223599266808 0.154617113927732 0.662759058577342 0.265069155306057 0.675808784391587 0.409218140866878 0.10414095870397 0.662792440580063 0.411304074848153 0.601332922893501 0.522620602108628 0.713959683680281 0.472473004789792 0.654745085972302 0.0644379354833779 0 0.0440224175975983 0.652991508926053 0.212887137781873 0.63312381102749 0.476546812125388 0.135796222360525 0.288174914636674 0.442081036406286 0.656073891045961 0.292375627171161 0.479144331738597 0.630754363055671 0.546807080567768 0.544937516994715 0.854358693075848 0.316673437230162 0.604736589392464 0.750068460845496 0.476684874432326 0.50650304749003 0.408637925397165 0.75085151108364 0.75122852798116 0.193079213707202 0.339541914989013 0.586982024539786 0.736235205355964 0.31052385449435 0.321461325606081 0.194955096128417 0.213190158872984 0.393832100788417 0.252587158148122 0.327579901103036 0.30848073165306 0.197078467920662 0.763732244626831 0.694473489952665 0.693090986902674 0.167301865828025 0.717187972279002 0.292324357629834 0.470774862740687 0.669898958121832 0.471736014105068 0.306396955675371 0.794362289406027 0.770205770319736 0.466599688303069 0.448561926383788 0.273017994945021 0.550580957951345 0.606048376529584 0.430469238389335 0.111327155067556 0.201383982099989 0.13196406747155 0.884349204021577 0.330099343299529 0.610863486301091 0.862643490784221 0.784208468256455 0.803859339915474 0.543971310557253
"21" 0.425629109217359 0.193468681158139 0.264544680490891 0.229749395519595 0.295860886368494 0.145327154782735 0.637608310831326 0.291528962875125 0.679135462001588 0.380371287207586 0.102392990873819 0.620330768445905 0.398609544492529 0.594894745649957 0.479147617661644 0.698722922492641 0.480501288288829 0.61138923111478 0.0959564687038176 0.0440224175975983 0 0.61077659947086 0.178367834355592 0.59628101562265 0.493190867831096 0.160810793353743 0.283890083370053 0.398447845601276 0.613423657497042 0.333103858244909 0.452112562463048 0.587475946222226 0.503563136328851 0.506912905821647 0.824866705200251 0.343829632690824 0.564277768192318 0.731933838094874 0.441423764084301 0.466584737342617 0.418903963215349 0.750376905198508 0.718662699008418 0.149494756533745 0.308908495851123 0.550214046940581 0.732878729273814 0.311926084066133 0.340677340809771 0.158661835224131 0.249902797945256 0.353850176064191 0.27433222588412 0.359585720637995 0.352425268725024 0.22956597532705 0.763985370946816 0.679280867691392 0.672424321510339 0.202844506955005 0.719492548321247 0.260067577170507 0.45089850951028 0.631665737404466 0.433754920088016 0.262641843764083 0.756878283860596 0.737622134746344 0.427172196723197 0.412318194630288 0.229007887679592 0.512385575554089 0.568571844786539 0.412290620486983 0.153511831668383 0.180419949844587 0.155974057089387 0.850738282265454 0.304413537754591 0.568596235517805 0.824868088230193 0.754008548377928 0.785230658801143 0.547293254870284
"22" 0.804811815554506 0.789793545857145 0.759399574940448 0.838206582800533 0.889165854147477 0.65943455857104 0.750011083714503 0.870926499118956 1.07778103475991 0.589887879231091 0.663747484542502 0.0162301941575139 0.748299646973453 0.928596495305801 0.280902594136299 0.915811366701982 0.948024731076017 0.0715969261618609 0.675080424252211 0.652991508926053 0.61077659947086 0 0.45630283653759 0.523390841910457 1.00831644753624 0.752500439407247 0.740607938279703 0.226051400061509 0.336367620854019 0.897331851041965 0.633041010352224 0.29062303663139 0.121015752708248 0.174201853081963 0.803406639891511 0.920755033519045 0.0856697158356273 0.905396600669418 0.512371797973798 0.166767634575106 0.91150556311595 1.10503511236119 0.676273898345058 0.48126435355544 0.384029660454102 0.508718841307964 1.06427812824881 0.786620869780579 0.888843552146743 0.467043144083769 0.855732667614042 0.428235354730315 0.841284694041586 0.950846106586536 0.956670609834378 0.764210569129057 1.12296398408862 0.902295786199035 0.83210739883003 0.758662098994146 1.10325529815167 0.545114791691712 0.711466607072737 0.148988837445178 0.220951414578993 0.385557462258668 0.588192615253373 0.687507765772792 0.430024560083683 0.259795392305833 0.400314084295101 0.167875381821178 0.498417524160551 0.709086130377599 0.746416896211237 0.620373267934779 0.746658499004941 0.741337948839957 0.606059006493894 0.0422350028065297 0.623494548234241 0.742604924858792 0.938320848325936 0.970100386323908
"23" 0.549489215592858 0.371836515445199 0.417163745788448 0.404232704180845 0.433376196785218 0.292213184963578 0.689352883204331 0.469081674528344 0.821691334493465 0.43144244166992 0.267075484828806 0.467947330547492 0.509134842457031 0.714962752779207 0.395247570335227 0.788276286408131 0.635789039079621 0.470211787547622 0.221144908139462 0.212887137781873 0.178367834355592 0.45630283653759 0 0.582314499278042 0.661208477994974 0.338703565243815 0.423505038240066 0.271047901417788 0.538709226988158 0.442740515389928 0.505413467372078 0.502255218375175 0.363191468920173 0.33362369473861 0.84884769009836 0.521463414508233 0.399131077172884 0.809907767662601 0.449517926216649 0.299877635432312 0.579115951069606 0.882921309902069 0.72833493604493 0.145439495667203 0.132995091325552 0.539379364882795 0.858268266533736 0.46083069894093 0.51316727951479 0.0226685261798168 0.426004958060315 0.333574206184758 0.449587834868491 0.537903484570068 0.503202488009804 0.311641263568075 0.898133129569604 0.769540520071968 0.742226724569838 0.303067091739585 0.859153581460174 0.31186262717754 0.534160842187709 0.458578575960597 0.260646089865674 0.199500733112995 0.731447540631208 0.746535082371781 0.403490202831298 0.235825700738497 0.159779280863669 0.339504046860666 0.551167376751817 0.504307288954386 0.292405345674784 0.294096186358267 0.333664679230924 0.849962377831227 0.378997747402721 0.41517005771258 0.795141826435677 0.776171754861286 0.859918352044031 0.69217806747826
"24" 0.451224189837872 0.667334703351637 0.531577601852206 0.73583631925063 0.869795885971733 0.519294096561035 0.243490926389975 0.691273897158969 0.659421660441711 0.258628885243011 0.562032571823421 0.516114679357098 0.400925057684685 0.49735154727038 0.258185377216744 0.423374008134493 0.615612318174791 0.45905400806007 0.692237004600434 0.63312381102749 0.59628101562265 0.523390841910457 0.582314499278042 0 0.706730323585473 0.636339938940605 0.489423917456004 0.403964477963684 0.20536478909422 0.923458238620171 0.230607627117258 0.240108188156477 0.434481414767736 0.604028487816034 0.290890808424903 0.722277207530257 0.566906454765872 0.398077595379842 0.15920746806604 0.546099889002437 0.614449227124576 0.654067592164716 0.160749091876651 0.465281171751039 0.637710765911497 0.0461503250556415 0.605699318408814 0.525005456285311 0.660118930140103 0.570623322929031 0.737782873317879 0.251032731234851 0.653566302153555 0.770868039901501 0.901737312410567 0.825388096026785 0.672143643480759 0.414588059511845 0.329423403232878 0.799032059868914 0.670642067480677 0.345765445408949 0.315304443308467 0.660595870183628 0.57828899725017 0.383020844179777 0.162031024870849 0.175980891380567 0.178896486932774 0.601909828596028 0.422551310614964 0.602626958987525 0.031792221152776 0.343676943283885 0.74220908040359 0.45619442436134 0.631424874906046 0.268309354249716 0.338730237033758 0.50364945061075 0.230880311630897 0.223518675838868 0.422790200032856 0.593069946609491
"25" 0.256204594459175 0.323717216817558 0.252943925167161 0.345519916479991 0.492454046643587 0.37184380788119 0.561239984874545 0.227260302827346 0.262446936850247 0.46698865591396 0.394908675493902 1.01236914718254 0.306278975703774 0.30616915647009 0.772156842472913 0.478310795174066 0.098391935338312 0.981020582420698 0.517793479619232 0.476546812125388 0.493190867831096 1.00831644753624 0.661208477994974 0.706730323585473 0 0.342372827100227 0.267725483618226 0.783556090201805 0.849760026797897 0.576651626143631 0.476231202825912 0.851643741259827 0.887547805339013 0.956650391680805 0.765994744747333 0.190162165404103 0.989785301364895 0.538515491239863 0.577803811240727 0.903804149080825 0.0985536184797891 0.357409348754885 0.728446880196067 0.552044044426199 0.79411627165722 0.672113994178695 0.371144326164873 0.221695695609854 0.156110998694644 0.638966368729715 0.321367409411657 0.598975903315935 0.226474284986387 0.223128534311789 0.453161894718791 0.59216888317456 0.362369559402743 0.463787185307889 0.526889093757159 0.557871157148491 0.305581998158956 0.46574090065449 0.393201053987776 1.07445397675988 0.887581798423457 0.625554351192129 0.844778627137263 0.743627580418172 0.634808256766541 0.87667681138296 0.619993928296075 0.960674429216369 0.697593072110338 0.363217794200788 0.489016241249654 0.393115097286347 0.345443268074787 0.853027353981118 0.415171563525974 0.968386896683672 0.907471243574813 0.719543349921124 0.586070173641516 0.17109089063951
"26" 0.339891547164642 0.0376242615062739 0.159053186206984 0.10072223856239 0.244286395520333 0.118442349657688 0.614783164121473 0.130760625375497 0.555480360352263 0.385984297255495 0.0905760587392425 0.76050733226111 0.333826457371589 0.500957531067737 0.580414505191248 0.633631192076171 0.347322871837887 0.744298310337394 0.176575466896217 0.135796222360525 0.160810793353743 0.752500439407247 0.338703565243815 0.636339938940605 0.342372827100227 0 0.197953224555542 0.53096605309151 0.700183359840787 0.314987357953891 0.444699024029302 0.683152890144678 0.638850447692404 0.662279004469342 0.818990017607079 0.183023950312389 0.713682807769632 0.677415305124226 0.47742530043787 0.618161904258553 0.281375068010221 0.636303303072741 0.730694129566191 0.271676046093972 0.469718986403855 0.59113934771843 0.627291765863684 0.203663293903941 0.186518154490313 0.318283438526164 0.109024139824127 0.425282561535932 0.116959667445463 0.201404027042938 0.265585905417858 0.273824203910296 0.647789065274031 0.614383858870946 0.629314064004754 0.238192758285434 0.598157892633752 0.294300042686159 0.411805891876176 0.786219742888249 0.589525137858703 0.377808229193123 0.7976806171883 0.749380182702585 0.49072639136293 0.570446464640623 0.354315631083896 0.667433271495632 0.613521246543428 0.368303375050939 0.163665074909979 0.18113426690197 0.00592375434333601 0.866338857787466 0.301921702952631 0.71035438471597 0.866572882405249 0.752893674552725 0.731808044365216 0.425140094101083
