"V1" "V2" "V3" "V4" "V5" "V6" "V7" "V8" "V9" "V10" "V11" "V12" "V13" "V14" "V15" "V16" "V17" "V18" "V19" "V20" "V21" "V22" "V23" "V24" "V25" "V26" "V27" "V28" "V29" "V30" "V31" "V32" "V33" "V34" "V35" "V36" "V37" "V38" "V39" "V40" "V41" "V42"
"1" 0 0.905624434758972 0.410482123584792 0.147972764691549 0.139556359043792 0.558477170740127 0.782911899474419 0.573254019083084 0.789362489287995 0.638679186705501 0.444358074875057 0.973374468209581 0.168256391334239 0.960711798910202 0.593539163416963 0.63489759355644 0.840797089391779 0.621935609579145 0.979269339903872 0.849756302509111 0.925318829881318 0.196761714653637 0.023973400936537 0.890887258992653 0.70756736013483 0.939337182485495 0.427473189218892 0.479115479262575 0.914295463276807 0.296008812114041 0.458556308677086 0.775514101839386 0.110809385992885 0.340984772633726 0.459684210243249 0.158033856190255 0.747293657605347 0.310994537689147 0.309033483192607 0.92191642927748 0.852265736560555 0.0931495493104234
"2" 0.905624434758972 0 1.12507107416632 0.759008353124661 0.76646104102251 0.627131395013934 0.920982154661925 0.416403726078725 0.95888547464132 0.401452734156893 0.644131471087395 0.939732886312525 0.807459425973545 0.936985712253209 1.01805352119692 0.963901385710556 0.604822461847932 0.435103666185973 0.128314916238372 0.379284863251655 0.960387907992306 0.971053430639001 0.925483266920347 0.511438926832686 0.518802717280795 0.19888241666883 0.553813660002085 0.561635166482759 0.787117980622562 0.676773449922278 0.864986537503538 0.657784207802818 0.815621143276576 0.564965611411202 0.558120729164154 0.80523430565328 0.159619098033223 0.685451532560591 0.885462022834571 0.345993323503215 0.59420053898541 0.817486305845779
"3" 0.410482123584792 1.12507107416632 0 0.470514864847911 0.48776058222376 0.560879787026862 0.580467740186796 0.900900523985207 0.566176171231101 0.754058200974143 0.493387908584505 0.789907384313249 0.57269896328738 0.776300601348568 0.30860891962842 0.392061874299636 0.810720781592463 0.723917145809334 1.15851619955621 0.925425171720596 0.722888115156402 0.21758694108085 0.390745244359156 0.905728648606721 0.734004896569254 1.0865545087842 0.781897720913331 0.572342264679339 0.797721108235426 0.457554387075327 0.312907327354342 0.719324724603574 0.402895652390407 0.616507779129388 0.822999946117807 0.560497558136925 0.970335965837633 0.443388016666417 0.239610095797986 1.00971047849071 0.827459670721095 0.427182574687446
"4" 0.147972764691549 0.759008353124661 0.470514864847911 0 0.028947297727888 0.447267563557833 0.716873733762496 0.446723362828456 0.730191730114674 0.497780595777546 0.332940669028272 0.891695667667533 0.151847376497338 0.87981540234745 0.57496287685697 0.5956792148054 0.721552376520235 0.483671991176061 0.831309881160054 0.710110249131324 0.851826038853002 0.259315078665168 0.166662990409096 0.760611702479045 0.580717792083003 0.79205802967692 0.314004572695836 0.3507809134379 0.814660096083608 0.175205758496659 0.413067531600625 0.66544810164605 0.0694408137754549 0.194054589210223 0.353442480626554 0.138473821321698 0.600230771127854 0.198007972670796 0.291657346802903 0.779690692570385 0.731413209537594 0.0591070875081578
"5" 0.139556359043792 0.76646104102251 0.48776058222376 0.028947297727888 0 0.474496966818939 0.74581655073964 0.440867133416113 0.759070997737339 0.517805913344715 0.360479527067585 0.920417462127608 0.122902133518873 0.908563201391792 0.601824203437789 0.623834819570249 0.747236374547182 0.504946002726176 0.842358094655282 0.730356170980259 0.880729846982348 0.273491947558864 0.16066743739462 0.783982595125128 0.605178766854208 0.806227046704414 0.302624706836219 0.375583484279945 0.842492014967734 0.20262756651799 0.441210375734042 0.692443134152188 0.0850382942134489 0.202690513493095 0.340084771632561 0.109529875570592 0.60848872010777 0.22608437209105 0.317061531530605 0.798533875612335 0.75681659759193 0.0634241615224799
"6" 0.558477170740127 0.627131395013934 0.560879787026862 0.447267563557833 0.474496966818939 0 0.342422278766337 0.592598274635172 0.372408817843899 0.2257175237002 0.114939336289514 0.467492817805948 0.591485568773789 0.457409295830937 0.392053798002134 0.337954156672424 0.28426454270855 0.192052300655475 0.627507339243888 0.365146105612153 0.444969482154737 0.492532035678916 0.564120589170914 0.354501383108367 0.174260095837898 0.542078984336641 0.569054604996047 0.126163159055443 0.370076373299198 0.272066106530481 0.256921281217027 0.21845519318492 0.449559461339616 0.375758382838021 0.612460585185631 0.579530444790564 0.496891932416813 0.250821235337454 0.344884294924145 0.449798221751918 0.297183998194657 0.475835844379016
"7" 0.782911899474419 0.920982154661925 0.580467740186796 0.716873733762496 0.74581655073964 0.342422278766337 0 0.934932960743483 0.0398854404209899 0.536936750836143 0.418831397132921 0.209647993736032 0.868717837483741 0.196026501915075 0.277320799229966 0.188828172328625 0.360447696235826 0.506409075185383 0.887568570142935 0.57449245132728 0.14672020859717 0.639454068591545 0.779052524334398 0.48070823921242 0.402217825006253 0.78689458608004 0.902381091625981 0.465225286226427 0.249352075400271 0.557101659706876 0.327742293729798 0.275939882813502 0.691500457482848 0.701665922324723 0.947031553982763 0.8552900476705 0.814052665980515 0.529492144262394 0.482772255545386 0.649329095645265 0.377743642000395 0.723558794239545
"8" 0.573254019083084 0.416403726078725 0.900900523985207 0.446723362828456 0.440867133416113 0.592598274635172 0.934932960743483 0 0.963815976181185 0.446255982750334 0.5323888353734 1.03974404880798 0.435367686680227 1.03186638978642 0.911838114350353 0.893337871399095 0.747539361691692 0.463818943253551 0.531349968557688 0.598922696858252 1.03018302982195 0.701771446201076 0.596499855388361 0.713620565479398 0.602387167936703 0.54785217148632 0.154439555099778 0.471079315107136 0.910198075305768 0.460580279010205 0.735243785051925 0.747319457338955 0.515336743501583 0.287204521935947 0.145141543394061 0.437600326748197 0.299466777348338 0.483623715241398 0.681116740791822 0.625484870860592 0.746850719112169 0.503074180857567
"9" 0.789362489287995 0.95888547464132 0.566176171231101 0.730191730114674 0.759070997737339 0.372408817843899 0.0398854404209899 0.963815976181185 0 0.572441532105032 0.442139548102068 0.22633213184882 0.881818883643402 0.21293190948903 0.258975142060678 0.175056853425997 0.400235790589363 0.541441545774944 0.92679453988812 0.614149319771229 0.156856592595138 0.638574032520319 0.784317564932023 0.52050241862008 0.440337959698124 0.826350796761834 0.926460591334097 0.49302037701144 0.283902260610603 0.574809042030031 0.331246448729125 0.315747183851572 0.701381620350191 0.724549590658905 0.97141963659328 0.868260379280052 0.849972661474623 0.546908165283431 0.48511437846629 0.689176035929477 0.417490024521521 0.733786528272596
"10" 0.638679186705501 0.401452734156893 0.754058200974143 0.497780595777546 0.517805913344715 0.2257175237002 0.536936750836143 0.446255982750334 0.572441532105032 0 0.260675395408136 0.603605443693961 0.609861963451579 0.59716221767585 0.617289511601023 0.562718463256682 0.301609163235806 0.0336667156760661 0.408088032217478 0.21256816920422 0.604719025068226 0.637892413263671 0.6519673116471 0.286444859659141 0.15775236959651 0.332620183519769 0.479785423384099 0.183842640068637 0.466486794848437 0.351350660671585 0.470838779729219 0.306932457533623 0.530260418138336 0.341906272396481 0.514709090928117 0.601335715728992 0.277801455813441 0.347055408291127 0.519142406394501 0.283514012650966 0.301892077723065 0.54591776215553
"11" 0.444358074875057 0.644131471087395 0.493387908584505 0.332940669028272 0.360479527067585 0.114939336289514 0.418831397132921 0.5323888353734 0.442139548102068 0.260675395408136 0 0.569190374601389 0.478883593752034 0.55818933912406 0.39113694959773 0.36188704215059 0.396645341924878 0.230769803757058 0.666713743664115 0.443444547933668 0.538408726803524 0.392989894291721 0.450758237284571 0.45603477661026 0.271134427560334 0.593191037858667 0.484328539293217 0.0825140986015537 0.482239861420613 0.157852685040984 0.223638351985105 0.333365272217686 0.334954893599602 0.282836555353576 0.529348924449363 0.466644149456071 0.497886948192687 0.135905564101408 0.26015760291394 0.52540300456042 0.408557242897399 0.360937175524632
"12" 0.973374468209581 0.939732886312525 0.789907384313249 0.891695667667533 0.920417462127608 0.467492817805948 0.209647993736032 1.03974404880798 0.22633213184882 0.603605443693961 0.569190374601389 0 1.04231542461744 0.0136220450428082 0.484672444958719 0.397907872199426 0.334958630858844 0.579977566430239 0.878759127584409 0.563630409651854 0.0737190688531732 0.842324988914646 0.971838386269308 0.43974117804539 0.447242189849568 0.773839370014554 1.03432326037315 0.592488637097416 0.153868736968955 0.721950134445991 0.528468067606809 0.296897667093143 0.875413983609362 0.843246784630591 1.07672669102883 1.02939970884136 0.863303574418932 0.696041394734581 0.682761028198934 0.620276698683505 0.346354739116989 0.906279733472624
"13" 0.168256391334239 0.807459425973545 0.57269896328738 0.151847376497338 0.122902133518873 0.591485568773789 0.868717837483741 0.435367686680227 0.881818883643402 0.609861963451579 0.478883593752034 1.04231542461744 0 1.03056775702673 0.718167193064069 0.744353440227405 0.857948173796963 0.601522743259103 0.896779122148208 0.821106903735893 1.00338882296278 0.355362535731604 0.19147822952457 0.886035392791294 0.712054509044352 0.873233586801926 0.282014005869036 0.48538549191514 0.96099763742736 0.32172864506809 0.561889753827353 0.808059952291398 0.190606890542221 0.271434524636973 0.306579092831748 0.0138282476620622 0.655294482556049 0.346638278663683 0.430482117333433 0.883527238974745 0.866471282293277 0.158499993869971
"14" 0.960711798910202 0.936985712253209 0.776300601348568 0.87981540234745 0.908563201391792 0.457409295830937 0.196026501915075 1.03186638978642 0.21293190948903 0.59716221767585 0.55818933912406 0.0136220450428082 1.03056775702673 0 0.471152022048666 0.384310706206023 0.332566774362966 0.573055319589971 0.877696091690392 0.561853786092495 0.0617858235647155 0.829014884820441 0.959055289109417 0.439372067957545 0.441333177512873 0.77285046491885 1.02487755170937 0.582691061494429 0.153201013595474 0.710457373792674 0.515182828135886 0.290921054717871 0.863056883870901 0.833096239399012 1.06744030685457 1.01761938671708 0.858523926302952 0.684437419703578 0.669557132458681 0.619937376205475 0.344509573029385 0.893996249262282
"15" 0.593539163416963 1.01805352119692 0.30860891962842 0.57496287685697 0.601824203437789 0.392053798002134 0.277320799229966 0.911838114350353 0.258975142060678 0.617289511601023 0.39113694959773 0.484672444958719 0.718167193064069 0.471152022048666 0 0.0908169222983312 0.56783188853397 0.583656287114789 1.01815350946458 0.735126593804941 0.41579239248335 0.415716199919908 0.582962487178102 0.679306319596487 0.53810463372039 0.928991565633466 0.835215907301136 0.469325556336038 0.512481679383614 0.461391168899752 0.176982665296341 0.472414859605985 0.527751647859799 0.635229475630994 0.88077822144214 0.704361521958214 0.881414022003179 0.434887208467023 0.288411049047739 0.818817028187861 0.585798203865284 0.560300746485069
"16" 0.63489759355644 0.963901385710556 0.392061874299636 0.5956792148054 0.623834819570249 0.337954156672424 0.188828172328625 0.893337871399095 0.175056853425997 0.562718463256682 0.36188704215059 0.397907872199426 0.744353440227405 0.384310706206023 0.0908169222983312 0 0.483820415879222 0.529165898356238 0.955017450652069 0.6623086034435 0.331161402872306 0.471347325996781 0.627234190773238 0.597986657069979 0.467711605767028 0.862315537468913 0.831043530254877 0.433029280251894 0.421728604659929 0.460728866604658 0.18262460670097 0.388719241576926 0.556905517769826 0.62787676227122 0.876764287515174 0.730552622656053 0.83446400562987 0.432867173289535 0.326000705672008 0.74476800712994 0.501874311645921 0.589774123886244
"17" 0.840797089391779 0.604822461847932 0.810720781592463 0.721552376520235 0.747236374547182 0.28426454270855 0.360447696235826 0.747539361691692 0.400235790589363 0.301609163235806 0.396645341924878 0.334958630858844 0.857948173796963 0.332566774362966 0.56783188853397 0.483820415879222 0 0.288348181274048 0.547104258450627 0.22986195781209 0.361018897911569 0.772765904742023 0.847398029183681 0.120268073517405 0.152108362129001 0.442772426460656 0.774800319125401 0.372638130947297 0.182599164211357 0.548509908345833 0.498237323995638 0.0954202391700502 0.730865028498615 0.611079592287707 0.812221757106444 0.847064312121456 0.53611711334623 0.530405884115936 0.618466731023147 0.29454725671914 0.0180700521697902 0.755516277978883
"18" 0.621935609579145 0.435103666185973 0.723917145809334 0.483671991176061 0.504946002726176 0.192052300655475 0.506409075185383 0.463818943253551 0.541441545774944 0.0336667156760661 0.230769803757058 0.579977566430239 0.601522743259103 0.573055319589971 0.583656287114789 0.529165898356238 0.288348181274048 0 0.440489173412015 0.22799410152445 0.578291564175826 0.612931942328227 0.634303251592284 0.286807301506119 0.138956236432854 0.36275179785642 0.487255748081892 0.156861993487699 0.446461808210009 0.330833393021152 0.438109145090991 0.284493553413869 0.512500492254102 0.337432942602034 0.524025284561047 0.592419956944999 0.309791492349937 0.324428948263144 0.490338693708554 0.303709805594888 0.290542525297545 0.529720461740485
"19" 0.979269339903872 0.128314916238372 1.15851619955621 0.831309881160054 0.842358094655282 0.627507339243888 0.887568570142935 0.531349968557688 0.92679453988812 0.408088032217478 0.666713743664115 0.878759127584409 0.896779122148208 0.877696091690392 1.01815350946458 0.955017450652069 0.547104258450627 0.440489173412015 0 0.317665637077466 0.9080786726179 1.02289226708263 0.997516652858911 0.439840675890082 0.491217144976264 0.104982640275772 0.659100789933674 0.5863127790503 0.724895588087948 0.726726788565582 0.878558039782018 0.614461089205315 0.88215919880545 0.639837011067899 0.668570422698239 0.893078072459013 0.243623836323444 0.73077189559148 0.920598215431489 0.261099874521806 0.533784147170697 0.888185904405216
"20" 0.849756302509111 0.379284863251655 0.925425171720596 0.710110249131324 0.730356170980259 0.365146105612153 0.57449245132728 0.598922696858252 0.614149319771229 0.21256816920422 0.443444547933668 0.563630409651854 0.821106903735893 0.561853786092495 0.735126593804941 0.6623086034435 0.22986195781209 0.22799410152445 0.317665637077466 0 0.590570728919432 0.834698661751359 0.862283405998551 0.133547233635878 0.197704621446177 0.214076257847982 0.666436393579309 0.379955138264626 0.410020560749392 0.558469887552531 0.620939400289057 0.299060991706154 0.740477361284108 0.551175005011187 0.695366550682573 0.812925701698812 0.337530391071653 0.550785682412427 0.701519880859099 0.0848514786091223 0.217346944283656 0.757340391891427
"21" 0.925318829881318 0.960387907992306 0.722888115156402 0.851826038853002 0.880729846982348 0.444969482154737 0.14672020859717 1.03018302982195 0.156856592595138 0.604719025068226 0.538408726803524 0.0737190688531732 1.00338882296278 0.0617858235647155 0.41579239248335 0.331161402872306 0.361018897911569 0.578291564175826 0.9080786726179 0.590570728919432 0 0.785846944209046 0.922390417872601 0.474230741412767 0.452858195557558 0.80379011376035 1.01396155964963 0.571132618095436 0.19280480642443 0.686136394049608 0.473248798931813 0.304606342224467 0.830856851625418 0.818103146879755 1.05742955035908 0.990193755518422 0.873079817906361 0.659322226844499 0.628312278827804 0.653862228554264 0.374901727025533 0.862419131068229
"22" 0.196761714653637 0.971053430639001 0.21758694108085 0.259315078665168 0.273491947558864 0.492532035678916 0.639454068591545 0.701771446201076 0.638574032520319 0.637892413263671 0.392989894291721 0.842324988914646 0.355362535731604 0.829014884820441 0.415716199919908 0.471347325996781 0.772765904742023 0.612931942328227 1.02289226708263 0.834698661751359 0.785846944209046 0 0.179621893982309 0.846060628863229 0.662287245366467 0.964571750070494 0.57329924101203 0.456344566606669 0.809381555081521 0.296260470300933 0.313894471265408 0.692968120455786 0.190057282450225 0.426755646914475 0.612551049391023 0.343033676421621 0.812088102649695 0.293231716201543 0.161544865842732 0.914967477895222 0.787098047131218 0.211355749765405
"23" 0.023973400936537 0.925483266920347 0.390745244359156 0.166662990409096 0.16066743739462 0.564120589170914 0.779052524334398 0.596499855388361 0.784317564932023 0.6519673116471 0.450758237284571 0.971838386269308 0.19147822952457 0.959055289109417 0.582962487178102 0.627234190773238 0.847398029183681 0.634303251592284 0.997516652858911 0.862283405998551 0.922390417872601 0.179621893982309 0 0.900311799899188 0.716374227010096 0.955940830809802 0.451194944960322 0.489094956745053 0.91638774230211 0.305996789932599 0.453097006652451 0.780140592881228 0.121807487131766 0.360545259045509 0.483592227905313 0.1815447168195 0.766841836111817 0.319230770163098 0.301318238431286 0.93543274742803 0.859240217285341 0.109439756768928
"24" 0.890887258992653 0.511438926832686 0.905728648606721 0.760611702479045 0.783982595125128 0.354501383108367 0.48070823921242 0.713620565479398 0.52050241862008 0.286444859659141 0.45603477661026 0.43974117804539 0.886035392791294 0.439372067957545 0.679306319596487 0.597986657069979 0.120268073517405 0.286807301506119 0.439840675890082 0.133547233635878 0.474230741412767 0.846060628863229 0.900311799899188 0 0.184988768725037 0.334866032663501 0.76443162532416 0.411888711749994 0.286176718460093 0.59487896489514 0.593311212698488 0.210783720917118 0.780083072775511 0.624224043110376 0.797437661328628 0.876397151231651 0.467701857058328 0.581305015588291 0.699049143191898 0.180569381871665 0.103231618972393 0.801352204121555
"25" 0.70756736013483 0.518802717280795 0.734004896569254 0.580717792083003 0.605178766854208 0.174260095837898 0.402217825006253 0.602387167936703 0.440337959698124 0.15775236959651 0.271134427560334 0.447242189849568 0.712054509044352 0.441333177512873 0.53810463372039 0.467711605767028 0.152108362129001 0.138956236432854 0.491217144976264 0.197704621446177 0.452858195557558 0.662287245366467 0.716374227010096 0.184988768725037 0 0.395352664201675 0.623174743510521 0.230033177621801 0.30877074007142 0.411831458967233 0.425652284653159 0.150413159147458 0.596790238403648 0.460076567810082 0.661135353130732 0.701669842757332 0.420361198676953 0.397152411965229 0.518498140599229 0.282236458477027 0.157067774023634 0.619062619083032
"26" 0.939337182485495 0.19888241666883 1.0865545087842 0.79205802967692 0.806227046704414 0.542078984336641 0.78689458608004 0.54785217148632 0.826350796761834 0.332620183519769 0.593191037858667 0.773839370014554 0.873233586801926 0.77285046491885 0.928991565633466 0.862315537468913 0.442772426460656 0.36275179785642 0.104982640275772 0.214076257847982 0.80379011376035 0.964571750070494 0.955940830809802 0.334866032663501 0.395352664201675 0 0.658454715143568 0.515874197142805 0.61998416479515 0.670855872364805 0.797056673820199 0.512434129276131 0.837134423917101 0.606786993593493 0.674842641373017 0.868018280745019 0.248393234244042 0.671383305771743 0.851577876377558 0.156771197063875 0.429194395756171 0.846699242783533
"27" 0.427473189218892 0.553813660002085 0.781897720913331 0.314004572695836 0.302624706836219 0.569054604996047 0.902381091625981 0.154439555099778 0.926460591334097 0.479785423384099 0.484328539293217 1.03432326037315 0.282014005869036 1.02487755170937 0.835215907301136 0.831043530254877 0.774800319125401 0.487255748081892 0.659100789933674 0.666436393579309 1.01396155964963 0.57329924101203 0.451194944960322 0.76443162532416 0.623174743510521 0.658454715143568 0 0.442929584032835 0.919527580719027 0.373840546107346 0.659230643403885 0.755324475891368 0.383387309390732 0.203568570714344 0.0457302332394162 0.285066031890354 0.416854002060201 0.400649122199894 0.578583637397932 0.709061982641037 0.777703767165368 0.366037301135056
"28" 0.479115479262575 0.561635166482759 0.572342264679339 0.3507809134379 0.375583484279945 0.126163159055443 0.465225286226427 0.471079315107136 0.49302037701144 0.183842640068637 0.0825140986015537 0.592488637097416 0.48538549191514 0.582691061494429 0.469325556336038 0.433029280251894 0.372638130947297 0.156861993487699 0.5863127790503 0.379955138264626 0.571132618095436 0.456344566606669 0.489094956745053 0.411888711749994 0.230033177621801 0.515874197142805 0.442929584032835 0 0.487166705683114 0.183177156187799 0.30534422561288 0.327147172185165 0.368347904032736 0.252005966051942 0.486298000490657 0.474434933850249 0.415805641787664 0.171826265657551 0.335762342338903 0.458906991459409 0.381585375977499 0.389534440332699
"29" 0.914295463276807 0.787117980622562 0.797721108235426 0.814660096083608 0.842492014967734 0.370076373299198 0.249352075400271 0.910198075305768 0.283902260610603 0.466486794848437 0.482239861420613 0.153868736968955 0.96099763742736 0.153201013595474 0.512481679383614 0.421728604659929 0.182599164211357 0.446461808210009 0.724895588087948 0.410020560749392 0.19280480642443 0.809381555081521 0.91638774230211 0.286176718460093 0.30877074007142 0.61998416479515 0.919527580719027 0.487166705683114 0 0.639973841325963 0.502826837354788 0.164406983969448 0.809408971657126 0.738495091552842 0.959970921457148 0.948842332323321 0.716315142877512 0.616705596716108 0.648008573110962 0.466745093968612 0.193018453506718 0.838049491957564
"30" 0.296008812114041 0.676773449922278 0.457554387075327 0.175205758496659 0.20262756651799 0.272066106530481 0.557101659706876 0.460580279010205 0.574809042030031 0.351350660671585 0.157852685040984 0.721950134445991 0.32172864506809 0.710457373792674 0.461391168899752 0.460728866604658 0.548509908345833 0.330833393021152 0.726726788565582 0.558469887552531 0.686136394049608 0.296260470300933 0.305996789932599 0.59487896489514 0.411831458967233 0.670855872364805 0.373840546107346 0.183177156187799 0.639973841325963 0 0.28553706242628 0.490319888276807 0.185209364474453 0.175664216101091 0.419436501731389 0.30927080606154 0.518780664782306 0.028130423679121 0.224142092911998 0.634122713537939 0.559063688462331 0.20748574716316
"31" 0.458556308677086 0.864986537503538 0.312907327354342 0.413067531600625 0.441210375734042 0.256921281217027 0.327742293729798 0.735243785051925 0.331246448729125 0.470838779729219 0.223638351985105 0.528468067606809 0.561889753827353 0.515182828135886 0.176982665296341 0.18262460670097 0.498237323995638 0.438109145090991 0.878558039782018 0.620939400289057 0.473248798931813 0.313894471265408 0.453097006652451 0.593311212698488 0.425652284653159 0.797056673820199 0.659230643403885 0.30534422561288 0.502826837354788 0.28553706242628 0 0.408042583378107 0.375382831188491 0.458464298741165 0.704876710410786 0.54810057821129 0.721144799395156 0.258588022515426 0.155080210909284 0.705766420580028 0.51481779403405 0.408203583377998
"32" 0.775514101839386 0.657784207802818 0.719324724603574 0.66544810164605 0.692443134152188 0.21845519318492 0.275939882813502 0.747319457338955 0.315747183851572 0.306932457533623 0.333365272217686 0.296897667093143 0.808059952291398 0.290921054717871 0.472414859605985 0.388719241576926 0.0954202391700502 0.284493553413869 0.614461089205315 0.299060991706154 0.304606342224467 0.692968120455786 0.780140592881228 0.210783720917118 0.150413159147458 0.512434129276131 0.755324475891368 0.327147172185165 0.164406983969448 0.490319888276807 0.408042583378107 0 0.667368759590067 0.576722177927706 0.795613785223855 0.796392913654868 0.569086051129704 0.469266657189715 0.535459536968952 0.373502221164813 0.113387481070034 0.694096021203155
"33" 0.110809385992885 0.815621143276576 0.402895652390407 0.0694408137754549 0.0850382942134489 0.449559461339616 0.691500457482848 0.515336743501583 0.701381620350191 0.530260418138336 0.334954893599602 0.875413983609362 0.190606890542221 0.863056883870901 0.527751647859799 0.556905517769826 0.730865028498615 0.512500492254102 0.88215919880545 0.740477361284108 0.830856851625418 0.190057282450225 0.121807487131766 0.780083072775511 0.596790238403648 0.837134423917101 0.383387309390732 0.368347904032736 0.809408971657126 0.185209364474453 0.375382831188491 0.667368759590067 0 0.253359303069973 0.422501759629177 0.176845871659857 0.656162365825414 0.200581316465015 0.239875679764736 0.813756950285778 0.742103342734696 0.0328717793334487
"34" 0.340984772633726 0.564965611411202 0.616507779129388 0.194054589210223 0.202690513493095 0.375758382838021 0.701665922324723 0.287204521935947 0.724549590658905 0.341906272396481 0.282836555353576 0.843246784630591 0.271434524636973 0.833096239399012 0.635229475630994 0.62787676227122 0.611079592287707 0.337432942602034 0.639837011067899 0.551175005011187 0.818103146879755 0.426755646914475 0.360545259045509 0.624224043110376 0.460076567810082 0.606786993593493 0.203568570714344 0.252005966051942 0.738495091552842 0.175664216101091 0.458464298741165 0.576722177927706 0.253359303069973 0 0.24919234429395 0.264424744386269 0.406339797519508 0.200794342637161 0.393921827146205 0.612161096289571 0.617102806165267 0.252704854995801
"35" 0.459684210243249 0.558120729164154 0.822999946117807 0.353442480626554 0.340084771632561 0.612460585185631 0.947031553982763 0.145141543394061 0.97141963659328 0.514709090928117 0.529348924449363 1.07672669102883 0.306579092831748 1.06744030685457 0.88077822144214 0.876764287515174 0.812221757106444 0.524025284561047 0.668570422698239 0.695366550682573 1.05742955035908 0.612551049391023 0.483592227905313 0.797437661328628 0.661135353130732 0.674842641373017 0.0457302332394162 0.486298000490657 0.959970921457148 0.419436501731389 0.704876710410786 0.795613785223855 0.422501759629177 0.24919234429395 0 0.31133457131527 0.429338591927755 0.446307492977402 0.622688770831449 0.734070992453567 0.814524254706885 0.403410217625606
"36" 0.158033856190255 0.80523430565328 0.560497558136925 0.138473821321698 0.109529875570592 0.579530444790564 0.8552900476705 0.437600326748197 0.868260379280052 0.601335715728992 0.466644149456071 1.02939970884136 0.0138282476620622 1.01761938671708 0.704361521958214 0.730552622656053 0.847064312121456 0.592419956944999 0.893078072459013 0.812925701698812 0.990193755518422 0.343033676421621 0.1815447168195 0.876397151231651 0.701669842757332 0.868018280745019 0.285066031890354 0.474434933850249 0.948842332323321 0.30927080606154 0.54810057821129 0.796392913654868 0.176845871659857 0.264424744386269 0.31133457131527 0 0.652194989114865 0.333947287902598 0.41671611119016 0.876114368540152 0.855747491770139 0.14481069040572
"37" 0.747293657605347 0.159619098033223 0.970335965837633 0.600230771127854 0.60848872010777 0.496891932416813 0.814052665980515 0.299466777348338 0.849972661474623 0.277801455813441 0.497886948192687 0.863303574418932 0.655294482556049 0.858523926302952 0.881414022003179 0.83446400562987 0.53611711334623 0.309791492349937 0.243623836323444 0.337530391071653 0.873079817906361 0.812088102649695 0.766841836111817 0.467701857058328 0.420361198676953 0.248393234244042 0.416854002060201 0.415805641787664 0.716315142877512 0.518780664782306 0.721144799395156 0.569086051129704 0.656162365825414 0.406339797519508 0.429338591927755 0.652194989114865 0 0.528625547958455 0.730981901127747 0.341839031485088 0.529565032161755 0.658507548270395
"38" 0.310994537689147 0.685451532560591 0.443388016666417 0.198007972670796 0.22608437209105 0.250821235337454 0.529492144262394 0.483623715241398 0.546908165283431 0.347055408291127 0.135905564101408 0.696041394734581 0.346638278663683 0.684437419703578 0.434887208467023 0.432867173289535 0.530405884115936 0.324428948263144 0.73077189559148 0.550785682412427 0.659322226844499 0.293231716201543 0.319230770163098 0.581305015588291 0.397152411965229 0.671383305771743 0.400649122199894 0.171826265657551 0.616705596716108 0.028130423679121 0.258588022515426 0.469266657189715 0.200581316465015 0.200794342637161 0.446307492977402 0.333947287902598 0.528625547958455 0 0.206591134621192 0.628129684791677 0.541537232201083 0.225399303130553
"39" 0.309033483192607 0.885462022834571 0.239610095797986 0.291657346802903 0.317061531530605 0.344884294924145 0.482772255545386 0.681116740791822 0.48511437846629 0.519142406394501 0.26015760291394 0.682761028198934 0.430482117333433 0.669557132458681 0.288411049047739 0.326000705672008 0.618466731023147 0.490338693708554 0.920598215431489 0.701519880859099 0.628312278827804 0.161544865842732 0.301318238431286 0.699049143191898 0.518498140599229 0.851577876377558 0.578583637397932 0.335762342338903 0.648008573110962 0.224142092911998 0.155080210909284 0.535459536968952 0.239875679764736 0.393921827146205 0.622688770831449 0.41671611119016 0.730981901127747 0.206591134621192 0 0.784432221211495 0.633534899569781 0.272205273181637
"40" 0.92191642927748 0.345993323503215 1.00971047849071 0.779690692570385 0.798533875612335 0.449798221751918 0.649329095645265 0.625484870860592 0.689176035929477 0.283514012650966 0.52540300456042 0.620276698683505 0.883527238974745 0.619937376205475 0.818817028187861 0.74476800712994 0.29454725671914 0.303709805594888 0.261099874521806 0.0848514786091223 0.653862228554264 0.914967477895222 0.93543274742803 0.180569381871665 0.282236458477027 0.156771197063875 0.709061982641037 0.458906991459409 0.466745093968612 0.634122713537939 0.705766420580028 0.373502221164813 0.813756950285778 0.612161096289571 0.734070992453567 0.876114368540152 0.341839031485088 0.628129684791677 0.784432221211495 0 0.279458534259768 0.829006927057685
"41" 0.852265736560555 0.59420053898541 0.827459670721095 0.731413209537594 0.75681659759193 0.297183998194657 0.377743642000395 0.746850719112169 0.417490024521521 0.301892077723065 0.408557242897399 0.346354739116989 0.866471282293277 0.344509573029385 0.585798203865284 0.501874311645921 0.0180700521697902 0.290542525297545 0.533784147170697 0.217346944283656 0.374901727025533 0.787098047131218 0.859240217285341 0.103231618972393 0.157067774023634 0.429194395756171 0.777703767165368 0.381585375977499 0.193018453506718 0.559063688462331 0.51481779403405 0.113387481070034 0.742103342734696 0.617102806165267 0.814524254706885 0.855747491770139 0.529565032161755 0.541537232201083 0.633534899569781 0.279458534259768 0 0.766334309530401
"42" 0.0931495493104234 0.817486305845779 0.427182574687446 0.0591070875081578 0.0634241615224799 0.475835844379016 0.723558794239545 0.503074180857567 0.733786528272596 0.54591776215553 0.360937175524632 0.906279733472624 0.158499993869971 0.893996249262282 0.560300746485069 0.589774123886244 0.755516277978883 0.529720461740485 0.888185904405216 0.757340391891427 0.862419131068229 0.211355749765405 0.109439756768928 0.801352204121555 0.619062619083032 0.846699242783533 0.366037301135056 0.389534440332699 0.838049491957564 0.20748574716316 0.408203583377998 0.694096021203155 0.0328717793334487 0.252704854995801 0.403410217625606 0.14481069040572 0.658507548270395 0.225399303130553 0.272205273181637 0.829006927057685 0.766334309530401 0
