"V1" "V2" "V3" "V4" "V5" "V6" "V7" "V8" "V9" "V10" "V11" "V12" "V13" "V14" "V15" "V16" "V17" "V18" "V19" "V20" "V21" "V22" "V23" "V24" "V25" "V26" "V27" "V28" "V29" "V30" "V31" "V32" "V33" "V34" "V35" "V36" "V37" "V38" "V39" "V40" "V41" "V42" "V43" "V44" "V45" "V46" "V47" "V48" "V49" "V50" "V51" "V52" "V53" "V54" "V55" "V56" "V57" "V58" "V59" "V60" "V61" "V62" "V63" "V64" "V65" "V66" "V67" "V68" "V69" "V70" "V71" "V72" "V73" "V74" "V75" "V76" "V77" "V78" "V79" "V80" "V81" "V82" "V83" "V84"
"1" 0 0.505712385581507 0.0912328644436081 0.9722935136465 0.583483342218452 0.423870594350233 0.619809469027619 0.572083669402215 0.80576908667798 0.224503271509003 0.378815566701691 0.43329272610881 0.676203580680774 0.490631594135035 0.570107668030135 0.493271818586621 0.793326465325788 0.506350324501166 0.565750250174188 0.803708534878134 0.970594803530538 0.459765572707021 0.29292562424581 0.822990767904829 0.984153959898112 0.644072406656852 0.388408222745552 0.462421901653965 0.386632810325511 0.315040762459101 0.361078264379805 0.203517747447765 0.326839089823991 0.326197571608086 0.339409792211809 0.409836487926746 0.55687366274985 0.459865585493618 0.760179934537899 0.800695010983081 0.767207621784615 0.195477295736354 0.489527521259857 1.06627683303248 0.884700139937007 0.197879324219332 0.566904508397861 0.501787964304607 0.887552377948811 0.880681000561761 0.166363753062376 0.45737917890352 0.993860276812238 0.627982070409601 0.52972164542704 1.02991375344012 0.363476107703267 0.507352262266125 0.792868359057684 0.672894717244474 0.394877782946099 0.713189445355353 0.462808137018336 0.386942101242256 0.808974311579926 0.985135412446051 0.448477750902887 0.135510197151713 0.551003672716744 0.525190856038697 0.409054026542421 0.985856814467605 0.584792064873431 0.966303101915626 0.596116601299454 0.441991206679677 0.384047206452232 0.462314853573437 0.963303276623053 0.565597156599882 0.794867351816783 0.611124944830223 0.619979683212912 0.479774435574475
"2" 0.505712385581507 0 0.424336718969137 0.714590342349587 0.650559426905349 0.572380218286621 0.39456730499852 0.666184293791032 0.494546119144805 0.694838086332208 0.666663735187878 0.781069871900736 0.899918919373971 0.0489815194359606 0.621743105080921 0.0191693838330707 0.581129776254076 0.0870535682184214 0.404560179514214 0.551208951806018 1.00553735757179 0.918171449834722 0.416178845268272 0.487029747061076 0.927064421671756 0.223849631423541 0.440449807015056 0.161906078716095 0.831041426113051 0.214832788427087 0.719822470590047 0.316361372564146 0.305747485319309 0.205137002421547 0.413884655687759 0.171339733061779 0.0512275758761713 0.0859036117669355 0.373994727374738 0.375918666258808 0.554776392017482 0.510777140266617 0.924836669307423 1.13264649210843 1.00431780109832 0.314869309564222 0.416623605661364 0.828258763477504 0.897637042778473 0.905141643951639 0.625755554200407 0.501300026383266 0.944728620609009 0.833204767141602 0.770989930762352 1.04805473685218 0.614706066516312 0.183716664789802 0.499781023542643 0.363376914768857 0.611526900634543 0.339224249873243 0.266723336996628 0.212171918863284 0.37575625968676 0.682701498819914 0.82919209182715 0.39858703394672 0.230056279628836 0.357694792884214 0.0970441275663605 0.745838935828178 0.756080970709588 0.970441560231206 0.81726250657547 0.44068707248625 0.141006234213462 0.570181958986605 0.833450202967894 0.807932386855366 0.436781275485131 0.538092216543862 0.678840906657505 0.874002516768861
"3" 0.0912328644436081 0.424336718969137 0 0.944745622088789 0.602065203350373 0.448617382311903 0.585385400303003 0.595530928838039 0.764695798000841 0.313667484568171 0.43318111171293 0.503667543829701 0.729395056201442 0.405507487952931 0.584786646688328 0.410667700453783 0.769139346032732 0.434047803143496 0.538826127690174 0.772779968543235 0.995817109377249 0.549435363819215 0.290993321182901 0.778103232490013 0.99301822174947 0.579707422796766 0.385904609815172 0.371785426510851 0.47395807241696 0.250404502109432 0.431044960593787 0.1137516058166 0.292035693616435 0.237036497813912 0.33403246336409 0.347927745372467 0.475100966208784 0.372908376870125 0.704980364958665 0.739667178430447 0.742054137038878 0.235911064241694 0.576587822550662 1.09877865867662 0.92351401289706 0.110542718796214 0.542059341757803 0.569990895469956 0.906442570738371 0.902035252610177 0.251762216299594 0.461581814833152 1.00436190461355 0.676184810624549 0.581568335533388 1.05321559158875 0.407708867205632 0.416332115905274 0.754540141313303 0.627238938906702 0.433285485057199 0.658614066088906 0.41870246161556 0.332002543555991 0.746543793806673 0.949762780238369 0.525827790141711 0.0471357082741314 0.496102177954967 0.49359225078554 0.329085818679589 0.961767304145709 0.624603029812824 0.985872977970627 0.646384517046453 0.434505411752308 0.312294119123272 0.481189567648304 0.958567593699959 0.619029345674234 0.745407441731895 0.603783217467455 0.638828201733384 0.560220514374268
"4" 0.9722935136465 0.714590342349587 0.944745622088789 0 0.529022030094851 0.641440406357836 0.361653411592127 0.561980074102492 0.222215176200091 1.01926762429521 0.793089282640161 0.896121108982122 0.778762933959447 0.763298837688966 0.514713452762764 0.731728176841855 0.180598553624326 0.632832600666928 0.406994416652111 0.173843088937317 0.562106545901853 1.13552606885476 0.685671112515189 0.240765511469634 0.391803314972168 0.500925400011531 0.597467611913903 0.874388808495541 1.0555158814248 0.72135745403302 0.88757337493834 0.895591537249592 0.65273278433297 0.853975014853979 0.63932241445947 0.637289244286544 0.706361021939292 0.794821577844556 0.364629367053155 0.409171579674001 0.205484696820033 0.819801210123018 1.09792167896389 0.682134468279879 0.680809981511787 0.881631983620069 0.405392862487621 0.887490729597437 0.476539982335446 0.500299665380019 0.970846890847571 0.551743085691884 0.412016424737776 0.729267320434642 0.758411037016767 0.563235768294471 0.748910355481748 0.897877749474705 0.214823964851334 0.353146836395757 0.711370018944555 0.383844989472151 0.534469600672264 0.632301070724985 0.423159306347318 0.0884414669413299 0.960828434282271 0.953803675910976 0.496851100815333 0.451180172946018 0.737241915607285 0.041136131784322 0.665724381202268 0.500369832024631 0.745423469444504 0.541350383537086 0.69973669012753 0.596090558042842 0.243888207095448 0.770276801263351 0.295896448493521 0.391564788968162 0.514850990971617 1.00309269808642
"5" 0.583483342218452 0.650559426905349 0.602065203350373 0.529022030094851 0 0.16105879757298 0.348811496709582 0.0334655911395525 0.489524700121199 0.541494527181022 0.282023000790854 0.37065223756108 0.289154795648363 0.682093882556112 0.0297345750218514 0.656654656071207 0.370864547480233 0.57392683235522 0.288581794786732 0.420302043038291 0.395255613930078 0.613995640893007 0.316848400420181 0.527785270269842 0.404985650118815 0.571437488394104 0.23454722623727 0.75407029431115 0.539955785197382 0.498768449965083 0.373978413253288 0.617068339551635 0.380082220608479 0.653384519297061 0.282979933325353 0.483918050691409 0.680547349033327 0.68811095591267 0.56398490582092 0.635965806159376 0.35951665752418 0.390457608171231 0.571641018476265 0.506740482987316 0.355733902086322 0.599460517458441 0.275753297206037 0.358476696898415 0.30480557819627 0.300000445231947 0.51235085411842 0.157397413544244 0.412846838419309 0.225339517123909 0.230564558949725 0.451444280760931 0.252587915121032 0.798521652407108 0.462240513494684 0.446378728972986 0.212192424607331 0.531896852414365 0.386530838107834 0.447348298814175 0.653071637250868 0.585907899634721 0.434463228231652 0.633795664547687 0.464955718157565 0.31440308264778 0.599349364328771 0.521620033530425 0.147616142949921 0.384067218398088 0.22996568581431 0.212966474125674 0.537802964154986 0.121468235528234 0.416480294821729 0.247268435986833 0.542447511191204 0.171470544824505 0.0367731941111267 0.475239289317548
"6" 0.423870594350233 0.572380218286621 0.448617382311903 0.641440406357836 0.16105879757298 0 0.372551552842929 0.148314965611548 0.549888736502184 0.389306948034714 0.155050742055027 0.271441205890351 0.328772653085869 0.594884287760059 0.152686904138544 0.574199225042945 0.46662901983744 0.50844803637549 0.301445139966794 0.502801151010892 0.548206358937031 0.498197701405766 0.17948974502558 0.58289632927521 0.565712585300383 0.55022086942485 0.133178113272097 0.648743915080313 0.415241726625303 0.387587117381285 0.248264070610745 0.477238891970789 0.272048226233861 0.532493533868315 0.161992734081781 0.401146458064823 0.61100091324936 0.592380124721562 0.585184904211603 0.651950085698539 0.447718642934878 0.229734474859113 0.468350627387966 0.650485063579402 0.48019040588576 0.459733858061471 0.292514471874154 0.289218014891427 0.463759877128948 0.456887951497808 0.354345029475429 0.104750946319351 0.573857610204048 0.26326275724611 0.201073604619772 0.606717195000566 0.107470551653926 0.696074086682193 0.526159082018462 0.466379330023577 0.0713805740306498 0.544587683500938 0.333131989046159 0.360222261337466 0.667301512010508 0.683655042051262 0.335517870532871 0.483671124266359 0.43339193800465 0.300479971911782 0.503427241678852 0.641895568727652 0.191818507163921 0.542434187246874 0.245058617524359 0.155202659406702 0.442235269285648 0.0466555077399437 0.566519607703643 0.23659074124564 0.582498278762221 0.250252277525619 0.196966574701102 0.381764742454586
"7" 0.619809469027619 0.39456730499852 0.585385400303003 0.361653411592127 0.348811496709582 0.372551552842929 0 0.377461728730259 0.191072495767723 0.700536546912192 0.523731145789013 0.64349606991314 0.637265016984078 0.439604826716705 0.320494635804625 0.408298210059635 0.196585576076865 0.307519831238276 0.0712717800949627 0.188139203289694 0.631886939730962 0.859267496750098 0.347600435738418 0.217130211521026 0.535188146014315 0.239005791662086 0.276788004731836 0.542382675505034 0.771844592172511 0.36055830752141 0.611945497857056 0.534098459502589 0.29458096636033 0.499862373114124 0.304929700292267 0.281751790097647 0.404002490398316 0.463351410565006 0.217391357797563 0.288212554539806 0.168711990900923 0.489228136835413 0.836609301689366 0.762923527404675 0.665229569671694 0.520014967337677 0.080278555557621 0.65961968889495 0.5225250000087 0.534404240868253 0.643337727508398 0.267800672900057 0.553562627443149 0.571915105342701 0.552413687708992 0.667519210551982 0.469850586239692 0.574621404260601 0.174362903278757 0.0980672347462841 0.441473694200624 0.183108832071488 0.173289064698841 0.272006734943641 0.305001488865678 0.365510128936697 0.706871973572052 0.592612613753556 0.165108924735387 0.0952750171846199 0.392129184199225 0.382925182296036 0.49143943425566 0.589460491754042 0.571033770835933 0.227017139193918 0.346402376884172 0.339159115548416 0.439535666180788 0.579514980294895 0.210174289781876 0.18465558829768 0.362042045232611 0.753568061623239
"8" 0.572083669402215 0.666184293791032 0.595530928838039 0.561980074102492 0.0334655911395525 0.148314965611548 0.377461728730259 0 0.521989787901079 0.518764344745136 0.255586846494051 0.339542092277493 0.259814752951579 0.696016935065099 0.0574130357164308 0.67145416527319 0.40432550555795 0.591571386147049 0.315159937075882 0.453584002623526 0.400365242598946 0.58344965673288 0.31554979570603 0.560024890046454 0.423841022464921 0.59608555394725 0.23990310560818 0.764160277098903 0.51079742955193 0.506333870920256 0.3459982289797 0.616684510170159 0.387328811617903 0.659125971506895 0.285486366811723 0.497668857345679 0.697938500441546 0.700218734044526 0.593607772043497 0.665294746231999 0.39286551201532 0.377439709564447 0.539988977481201 0.506295494236432 0.346272727217427 0.599068371972974 0.302608484397228 0.325549865147689 0.315972769471722 0.308602911991552 0.492801270161464 0.16670719633511 0.430390990317752 0.194753002623389 0.197166518518172 0.458493140077351 0.230571959021404 0.8094189523983 0.494839604629795 0.475356043483639 0.190710570376824 0.560522597378059 0.40471730147204 0.459899587362326 0.682270524320291 0.619320113575509 0.402938458469622 0.629085105501548 0.487453869646867 0.337742030087373 0.611047173406048 0.554053113143089 0.115561002655223 0.394342907017586 0.197552745846968 0.225829708386874 0.549246366873548 0.115661677249147 0.443680399769974 0.213951379518997 0.573668849789405 0.203166858910137 0.0554673791900504 0.443138234927533
"9" 0.80576908667798 0.494546119144805 0.764695798000841 0.222215176200091 0.489524700121199 0.549888736502184 0.191072495767723 0.521989787901079 0 0.891387678590387 0.704222717201646 0.820780256110667 0.774289481303513 0.543455105605645 0.46548010698835 0.512121189489852 0.155366268622757 0.415006008289851 0.258079499086998 0.0952630068572928 0.671212143744947 1.04425419958178 0.538612465471946 0.0405771112628618 0.531164888748277 0.278714438282727 0.466059800936404 0.655473732137868 0.9579583194955 0.52587138768065 0.795126002248939 0.70120411508876 0.478940641378106 0.645846793695739 0.495957814304705 0.434526751789208 0.484474536734387 0.576385712470488 0.148100848245797 0.206509331651766 0.147437903579715 0.68030063256007 1.01796968328526 0.801785260950927 0.747399988157931 0.688868186475435 0.263289023099637 0.829436691254598 0.567377173326254 0.58600140118037 0.834409367717234 0.446713854127834 0.551780729803787 0.713494015228551 0.712478920852351 0.691025694497124 0.652223239631692 0.677152574878251 0.0284846550475993 0.141386408031538 0.620737951530711 0.161833748853302 0.34599731020068 0.437331780585743 0.223246640245789 0.19202766165158 0.885232875964304 0.766879321597398 0.286013124121072 0.28556562740078 0.524540380503195 0.257008136991669 0.637140148388439 0.616869141270969 0.719457134412499 0.413968452368176 0.493268460907448 0.511257883650592 0.398824596188204 0.734540889479394 0.0837137616213439 0.319458103348242 0.491094369838087 0.931129026294749
"10" 0.224503271509003 0.694838086332208 0.313667484568171 1.01926762429521 0.541494527181022 0.389306948034714 0.700536546912192 0.518764344745136 0.891387678590387 0 0.268650331069078 0.259905822131501 0.53419174195866 0.688978584794915 0.539499868613108 0.685577026522703 0.839754964529225 0.675698830557924 0.634116355229315 0.865568474060202 0.887760148686478 0.235808921525184 0.355454907803785 0.91686214889025 0.941623846408069 0.790042717001861 0.427261522012694 0.677418546886838 0.163563271854177 0.484198003488204 0.200520160403758 0.420071827809433 0.443398491725199 0.53821281827643 0.395800977573657 0.564750458961011 0.745522373733979 0.663461571117114 0.880580162952332 0.93334690803171 0.817297618594404 0.213688456742484 0.266266932395887 0.96230329527213 0.770674627305059 0.410833103945136 0.630511513027128 0.328687498047337 0.823901594154946 0.811132777104563 0.0690840107633171 0.467904743588159 0.946917054040144 0.502785064382525 0.402977069517473 0.949905389044017 0.288906690184854 0.724173695899466 0.872621356468879 0.775496705693784 0.329321357799509 0.834059615723901 0.577892604647497 0.531126502216622 0.944703066211014 1.05059712711678 0.250851288326548 0.3595272096097 0.681193687627803 0.607706786833942 0.598662611396024 1.0239939826599 0.48638658341936 0.89777590075227 0.467666592618503 0.482117185315744 0.559309963611769 0.435829950474195 0.955102406080497 0.43077451126637 0.900558380759736 0.630199556188635 0.573672101822568 0.271374032627138
"11" 0.378815566701691 0.666663735187878 0.43318111171293 0.793089282640161 0.282023000790854 0.155050742055027 0.523731145789013 0.255586846494051 0.704222717201646 0.268650331069078 0 0.122512001792721 0.297633198425392 0.679979015269239 0.286051915335014 0.66461819520642 0.620357788829862 0.61577828438251 0.452470853961255 0.657711031448822 0.620611739504477 0.343584748033936 0.250668049647817 0.736559810820602 0.674840872356052 0.682300513245128 0.259665927473904 0.712234505271141 0.262516128945131 0.460127958218285 0.0945032661830152 0.496521685854149 0.362312310133351 0.581138988957735 0.261937211880874 0.501310139772777 0.710937608743993 0.669013408092011 0.732198671416732 0.796558518574921 0.602125698596071 0.199096014700865 0.313755233350825 0.70150803958817 0.513419090542605 0.4805564843171 0.444469714966256 0.161615854243467 0.555298969648152 0.542508457263466 0.256390392308435 0.257605760833945 0.679420205363825 0.250296211558322 0.150967633779802 0.682501526184243 0.0560550699912147 0.761188093759578 0.680830508301268 0.614940459663955 0.0836989490115716 0.689779108365614 0.458922926426654 0.460087149354771 0.811153283960739 0.837851844993924 0.183664117997358 0.476696081002985 0.564635277363725 0.445107562266751 0.584403295662793 0.791429482154061 0.219659445371005 0.629192504091856 0.21759649956565 0.299027373647246 0.527530393917844 0.197908333807488 0.698462066035762 0.186946738506428 0.733876140659545 0.403561082418527 0.311054189675138 0.230762840772843
"12" 0.43329272610881 0.781069871900736 0.503667543829701 0.896121108982122 0.37065223756108 0.271441205890351 0.64349606991314 0.339542092277493 0.820780256110667 0.259905822131501 0.122512001792721 0 0.277323538775817 0.791278416043186 0.381768084853453 0.777829581445544 0.728326277568669 0.73409654052793 0.572255155257952 0.769363865489115 0.65332074780396 0.244468415863673 0.367653979550854 0.854216896930439 0.735657782201585 0.804594837863087 0.382173673312499 0.814851770192254 0.18005750100432 0.570474039622161 0.0726482494858109 0.58346979513069 0.479616643517557 0.679570923853405 0.382947245559743 0.618813474390431 0.82672561541762 0.777399342643845 0.85374188611834 0.918625609841222 0.711949617753575 0.286785130740339 0.201802966219346 0.714302842321075 0.520968927711837 0.568910993513847 0.563696373481545 0.069962889184957 0.605734274994417 0.588899733596965 0.279358512534171 0.375958798704429 0.737111791087221 0.256120517635414 0.165356370516187 0.715717339742257 0.178551170997564 0.86390024640486 0.796574040234753 0.735942896060703 0.202128292117967 0.811695566797241 0.581009951941276 0.577970609356013 0.933334951779983 0.94620604513137 0.0650395256556965 0.549943545727254 0.686967930597394 0.566881197247699 0.695381416497882 0.891110017373392 0.264454361395696 0.67300052081465 0.221153065552548 0.420511997501124 0.640673582414419 0.309901061806363 0.779208981369927 0.182534289984707 0.853622118868682 0.512442053082344 0.392834569803426 0.11036639004941
"13" 0.676203580680774 0.899918919373971 0.729395056201442 0.778762933959447 0.289154795648363 0.328772653085869 0.637265016984078 0.259814752951579 0.774289481303513 0.53419174195866 0.297633198425392 0.277323538775817 0 0.923533451365405 0.31684839778279 0.902377060917277 0.643215748012416 0.832468290750721 0.574420927914517 0.698123279367074 0.398702523118435 0.484885180552983 0.502227409909797 0.813452776092649 0.518689941480558 0.852577441425465 0.459474186329938 0.975782604872329 0.445909414889087 0.714983365455031 0.33454069514527 0.783991456705339 0.600721258984395 0.85452223397242 0.490515822676231 0.72859021976493 0.93684314699322 0.921024254980008 0.853083041186371 0.92494694884459 0.636779350113587 0.49366840457633 0.422743461705617 0.441477361572284 0.24864930115345 0.767206466983359 0.562044049929241 0.215342867044935 0.379755200188006 0.357593491572326 0.542052702059211 0.404700575591828 0.514455048758312 0.0675338610860588 0.147846650625468 0.459331983408942 0.323768102346339 1.02357143047556 0.746401877017167 0.735114237753627 0.306641153950958 0.820336499749829 0.650020805564153 0.688076823767311 0.941979272312533 0.847955413281028 0.312617036624354 0.77178390401441 0.740833228121837 0.593645502687163 0.832165604127361 0.761890108865425 0.148406053962712 0.431842623339416 0.085625313471684 0.465820683138133 0.771007860403295 0.331102931099391 0.602001832688457 0.110688533032714 0.830770078269607 0.459893892455095 0.283224387324952 0.329088622207907
"14" 0.490631594135035 0.0489815194359606 0.405507487952931 0.763298837688966 0.682093882556112 0.594884287760059 0.439604826716705 0.696016935065099 0.543455105605645 0.688978584794915 0.679979015269239 0.791278416043186 0.923533451365405 0 0.653744026006181 0.0317809835704722 0.628113405337067 0.133040120613856 0.445728115095669 0.599258210438751 1.04394557761208 0.916529634882044 0.431298838081949 0.535998220697562 0.969959456535285 0.272422052759482 0.464934960806954 0.113094672131096 0.830734614075439 0.220811649736819 0.727663375059959 0.293913670388227 0.324087307448579 0.175220999090597 0.434046487792469 0.198357278921661 0.0808413057718255 0.0410414129542156 0.422531997150642 0.42244782684243 0.601543608581972 0.514458464021686 0.92674722643712 1.16998986705334 1.03717329626871 0.294974062386253 0.457414916643825 0.841417462459107 0.936648909464709 0.943355430507422 0.620119145237014 0.529864800514059 0.987343770717092 0.857409134313601 0.791019907680811 1.08773879879201 0.629680995357324 0.135880304029185 0.548476022029213 0.411647870993272 0.629502999468614 0.388143484528457 0.303190344289823 0.236838406247969 0.42155363248371 0.731681172759325 0.836711877216348 0.375558530487009 0.27612402456762 0.39746716269751 0.0958991886863752 0.794332406577653 0.781726444343776 1.01039104164359 0.839868719220028 0.470215166868483 0.15360391137794 0.596091137842129 0.879020785818702 0.828550610016878 0.485644186977124 0.5769841550646 0.711609479191116 0.880596449988003
"15" 0.570107668030135 0.621743105080921 0.584786646688328 0.514713452762764 0.0297345750218514 0.152686904138544 0.320494635804625 0.0574130357164308 0.46548010698835 0.539499868613108 0.286051915335014 0.381768084853453 0.31684839778279 0.653744026006181 0 0.628058012981974 0.351874484294857 0.54467573165542 0.259362211318061 0.399173531201137 0.416146694832262 0.623348956229988 0.296860498277188 0.503250673297069 0.414729923974092 0.541864903704238 0.210978194539706 0.727039346896515 0.546901693782059 0.473058228386485 0.379590440217129 0.5955567296211 0.354764204279377 0.628380280572659 0.260746076093549 0.45573478801644 0.651320716326759 0.660354713959535 0.53633217927375 0.608110470005573 0.33895306405573 0.379171837864151 0.583474114144434 0.530538634708577 0.383561151587948 0.577981188255868 0.246614145073611 0.374523271397022 0.321950808572933 0.319047036824922 0.506883073380185 0.132517591189684 0.423868624255127 0.252117961297484 0.249637528523041 0.470887203414829 0.251511410267807 0.77115809790109 0.438528503062983 0.4182765013248 0.211155035127476 0.503600312402147 0.357249663799506 0.419612969863151 0.625131305804128 0.568441390598769 0.446281720259484 0.615136995095437 0.435221439657035 0.284681075949229 0.571791418886442 0.509396358500664 0.172867767694832 0.40144886998513 0.254571968519275 0.185727028555576 0.510387607188061 0.108860649991016 0.415707541300119 0.269287366963879 0.516326888563845 0.146200561361671 0.0591611037463045 0.488388701306559
"16" 0.493271818586621 0.0191693838330707 0.410667700453783 0.731728176841855 0.656654656071207 0.574199225042945 0.408298210059635 0.67145416527319 0.512121189489852 0.685577026522703 0.66461819520642 0.777829581445544 0.902377060917277 0.0317809835704722 0.628058012981974 0 0.596393605907411 0.101351309017005 0.415759202453386 0.567489985114322 1.015280641653 0.910496015350047 0.414645976394424 0.505159856180845 0.939426709033667 0.242598491813641 0.443051302105267 0.14365227955228 0.823817774123765 0.209007501669139 0.715619322706632 0.30148714829709 0.305374355550485 0.18809753055322 0.414511745253163 0.174446727976909 0.0648635237763261 0.066821554886348 0.39273219537817 0.39508288353253 0.569855931696347 0.504820507457853 0.918462274633873 1.14182339092567 1.01115795283336 0.300708698959177 0.427601007598301 0.826226550730979 0.907702638084169 0.914765742149197 0.616528809199527 0.505869128776173 0.956917007573815 0.835908668249617 0.771824497587408 1.05851507214509 0.613311882883528 0.167643072840185 0.516904889959829 0.379918508632407 0.611395020963685 0.357542155483779 0.275081663968973 0.214353580512505 0.394920534453199 0.700724399261495 0.824914347428173 0.383683881116312 0.244523319986921 0.368034253763966 0.0869566699134081 0.762652110919079 0.759414739905028 0.981045731507866 0.81924537791669 0.445671176208339 0.137215419558257 0.573547860184807 0.847610739743655 0.809036931334384 0.455194029048637 0.548013960606701 0.685561637327906 0.86938317491533
"17" 0.793326465325788 0.581129776254076 0.769139346032732 0.180598553624326 0.370864547480233 0.46662901983744 0.196585576076865 0.40432550555795 0.155366268622757 0.839754964529225 0.620357788829862 0.728326277568669 0.643215748012416 0.628113405337067 0.351874484294857 0.596393605907411 0 0.495076322579043 0.230371376044812 0.0612264484856058 0.51593958130146 0.963885593081572 0.505347726344257 0.195027885890994 0.381065157471426 0.390569601912937 0.416888497987128 0.734512627963972 0.881851353677729 0.555121602719627 0.714479453716364 0.726652786712897 0.477462894639312 0.696444133275844 0.458905059717556 0.47833700853862 0.582988317022482 0.654869729548443 0.290866496716799 0.357058626121288 0.027952383418529 0.639231071761992 0.929657239585579 0.646725434162932 0.595334695227508 0.711892922550951 0.227311627071922 0.726104816518766 0.412078770999843 0.430956199059599 0.790525638375827 0.373223242347165 0.401366165217788 0.586681468059079 0.601017115279759 0.537038294934844 0.573824982144676 0.763964513970484 0.128523408971868 0.224247267201238 0.537487534277223 0.287618308668473 0.368285974451313 0.467420935198886 0.374464314799049 0.217899293281484 0.793351330671942 0.780710439933652 0.352379073554712 0.277750532332541 0.587349626900435 0.19282703819275 0.515459867106266 0.462167014226664 0.597543694732238 0.360778525170493 0.542926545706243 0.422458592142249 0.25960037010047 0.617766659521236 0.235584484138872 0.216809288308929 0.364218392727247 0.837130645315511
"18" 0.506350324501166 0.0870535682184214 0.434047803143496 0.632832600666928 0.57392683235522 0.50844803637549 0.307519831238276 0.591571386147049 0.415006008289851 0.675698830557924 0.61577828438251 0.73409654052793 0.832468290750721 0.133040120613856 0.54467573165542 0.101351309017005 0.495076322579043 0 0.319035227598315 0.466973160870506 0.921353943583796 0.88972681086704 0.366463044871702 0.41095923067581 0.840304485595554 0.15845475729567 0.375279841746352 0.241708246963314 0.800956442641583 0.19372554228375 0.677176382531233 0.337043395838061 0.254603643470535 0.246576587915211 0.355989590466065 0.115893845518082 0.106669541649965 0.162010577633648 0.305023452760977 0.319639697773201 0.468509126581407 0.478054919925977 0.890363506543848 1.04924433338884 0.925329282542477 0.33104199315485 0.331347619862174 0.77634302842281 0.813062963948486 0.821181824581037 0.607147981891422 0.429452943617899 0.858062631840701 0.765208716869682 0.709142939672576 0.962923311409866 0.561765686423427 0.268892426019356 0.418204380090338 0.280046772354277 0.553976937888712 0.265707521107516 0.187432289652742 0.156166173402712 0.322946242655893 0.605381087725432 0.786165004780534 0.416907958521177 0.143230343470472 0.273498923462093 0.119668224355527 0.662955370057104 0.686480629572217 0.885166350434242 0.751523815310843 0.368170810485274 0.122387905539018 0.501386076855371 0.746529062126854 0.745038505414114 0.363383520960953 0.454064037454266 0.600654224875679 0.832165884238484
"19" 0.565750250174188 0.404560179514214 0.538826127690174 0.406994416652111 0.288581794786732 0.301445139966794 0.0712717800949627 0.315159937075882 0.258079499086998 0.634116355229315 0.452470853961255 0.572255155257952 0.574420927914517 0.445728115095669 0.259362211318061 0.415759202453386 0.230371376044812 0.319035227598315 0 0.238427572519981 0.603128732750534 0.788620910864858 0.28465949160374 0.286680009540225 0.525287012281196 0.284485657350819 0.207984334832301 0.540568917686476 0.701473705623938 0.331083651993087 0.540910060088831 0.498800886481417 0.24709728339569 0.480297707613311 0.240168229633504 0.266765400154022 0.422478201730518 0.46393740961707 0.285843172660944 0.355144878933194 0.203229208638878 0.424701145431287 0.76544325956933 0.732090826448849 0.620273837066702 0.483541417589166 0.0133299416913248 0.589045747395118 0.494447382117836 0.503402387868915 0.578667867488654 0.196713312782799 0.542231672513908 0.508201221375924 0.483879133067659 0.643903946545539 0.398674993586389 0.577254752204162 0.238514409459798 0.166170213685463 0.370212095309033 0.248342538140963 0.150700520023008 0.247079617560946 0.37142184113466 0.42206408913024 0.635601659333545 0.550602610335441 0.187295504751435 0.0517213087217165 0.384685227977365 0.422943994333995 0.42718250572897 0.566131188705852 0.505365101600739 0.156546162849922 0.331770007595508 0.268938998788933 0.447210784641612 0.512068381061604 0.281445818113179 0.138153215033557 0.30604219554128 0.68230659161199
"20" 0.803708534878134 0.551208951806018 0.772779968543235 0.173843088937317 0.420302043038291 0.502801151010892 0.188139203289694 0.453584002623526 0.0952630068572928 0.865568474060202 0.657711031448822 0.769363865489115 0.698123279367074 0.599258210438751 0.399173531201137 0.567489985114322 0.0612264484856058 0.466973160870506 0.238427572519981 0 0.57618746004068 1.00097558499768 0.52197520327919 0.134250477893104 0.436795532283728 0.349056554562454 0.438844417519368 0.708448020115671 0.917147526899818 0.547516403853586 0.750987545373727 0.721797636973189 0.481123783658619 0.681484861257471 0.476525996305949 0.464160241761727 0.548358000515119 0.628622276861912 0.236651889829812 0.299989811446767 0.0613595660484142 0.660011181804313 0.969645548311409 0.706606931360952 0.656374311777611 0.707910050093042 0.238797782874681 0.771205900671174 0.472952993572972 0.492033159180691 0.813158763322895 0.404469099099344 0.457332462049792 0.639996530614731 0.648775734701249 0.595788105964211 0.608818253640449 0.734903243520674 0.0699890131746376 0.18809557175431 0.574157403650614 0.239368692860081 0.360656471703238 0.458476557079676 0.317104776995176 0.185134396407221 0.834358507787282 0.780713416931122 0.327285717158907 0.279537016576477 0.566835982156206 0.19815337919281 0.566724091084176 0.521620494092039 0.649129258079157 0.383500806436413 0.527185315569501 0.460457171903091 0.307997786913433 0.667535365913651 0.177436795533269 0.257520867189862 0.416793173619851 0.879035931286995
"21" 0.970594803530538 1.00553735757179 0.995817109377249 0.562106545901853 0.395255613930078 0.548206358937031 0.631886939730962 0.400365242598946 0.671212143744947 0.887760148686478 0.620611739504477 0.65332074780396 0.398702523118435 1.04394557761208 0.416146694832262 1.015280641653 0.51593958130146 0.921353943583796 0.603128732750534 0.57618746004068 0 0.880257441045116 0.712069177671432 0.710408846932868 0.180039177435814 0.869756941219021 0.626796242216611 1.12900246164007 0.831860349308377 0.883651063963894 0.692118270568509 1.01168251237843 0.76736912343127 1.04040593361095 0.676892148008985 0.85172578001624 1.02557024154344 1.05704083845039 0.801344211012216 0.870659195480183 0.527822625586518 0.775184078728121 0.820040460027622 0.131954428336393 0.169655702514608 0.994100001187125 0.590460990071282 0.603143524527567 0.10936331485876 0.100696271798279 0.875394140442543 0.54784551943484 0.163867859923638 0.39828074891567 0.490185146983119 0.0624534059926896 0.6148800681042 1.17018769570398 0.644423113809762 0.709104323871573 0.578824333388107 0.788457025550674 0.740845192786359 0.820349887950221 0.888332160593353 0.649089904446579 0.701050298015107 1.02867163727005 0.788977660572065 0.647980575670185 0.971380785484218 0.528977441582913 0.401409115295102 0.0630125928125549 0.432604775787186 0.595219598016916 0.911940751983151 0.514857406107434 0.322032969257508 0.471214076926602 0.750931834239728 0.467453774793618 0.358859588617262 0.724023420690579
"22" 0.459765572707021 0.918171449834722 0.549435363819215 1.13552606885476 0.613995640893007 0.498197701405766 0.859267496750098 0.58344965673288 1.04425419958178 0.235808921525184 0.343584748033936 0.244468415863673 0.484885180552983 0.916529634882044 0.623348956229988 0.910496015350047 0.963885593081572 0.88972681086704 0.788620910864858 1.00097558499768 0.880257441045116 0 0.538921078558326 1.07500760700556 0.975931896429432 0.987928415051233 0.58455631119551 0.911458525337658 0.0897111253415701 0.704024410721155 0.250004599413469 0.65532026618946 0.642809489590091 0.771914737056538 0.569077849414896 0.775127078193185 0.967939327356426 0.893422861275345 1.05911218784084 1.11881006325746 0.945694763394208 0.411792964618338 0.0673676059140542 0.924583404033683 0.733040156333313 0.64552244597067 0.781890865042146 0.278819400704267 0.842960157213228 0.824518544639514 0.300983939195062 0.598326070436773 0.976208321903067 0.483956585338267 0.405290489901173 0.941922317964597 0.392644660606972 0.958679828020391 1.02177802768911 0.94565142794864 0.426888974286056 1.01442899951964 0.766476740932741 0.737855392269944 1.13198302721107 1.18143437130247 0.184277341358858 0.59510372538234 0.873313435768023 0.77397190123399 0.823715517730007 1.13232932512957 0.506246492888095 0.906208731679487 0.45137737679816 0.632251358841691 0.779168495970892 0.541479393475954 1.02360967491162 0.413826000831827 1.06801529077393 0.747076355130392 0.637138466601315 0.156256869496653
"23" 0.29292562424581 0.416178845268272 0.290993321182901 0.685671112515189 0.316848400420181 0.17948974502558 0.347600435738418 0.31554979570603 0.538612465471946 0.355454907803785 0.250668049647817 0.367653979550854 0.502227409909797 0.431298838081949 0.296860498277188 0.414645976394424 0.505347726344257 0.366463044871702 0.28465949160374 0.52197520327919 0.712069177671432 0.538921078558326 0 0.562465785800656 0.702035639751181 0.449255289057592 0.0961083610322945 0.474018380365029 0.449223245751985 0.214558159782791 0.311987659661347 0.301135458303285 0.111990241639226 0.353576233312789 0.0467680362170714 0.251206355487174 0.460279684876519 0.423363623495704 0.526647910749474 0.582480764140322 0.48023769990434 0.142214357976059 0.530905336977078 0.821733647015282 0.657594973203165 0.283519999893161 0.283229701231423 0.412170257581094 0.618634269049017 0.615834343429187 0.296031644723219 0.170622262808478 0.713493390219588 0.438952218183118 0.362846806682272 0.767628810596825 0.198665929120006 0.522172886138526 0.521437824268972 0.420043222436789 0.199519962822837 0.480600455156663 0.227850015427096 0.210318682527558 0.594910601337492 0.706449051224073 0.420360589297351 0.318759222145918 0.334442037403843 0.253356729126618 0.336508887304671 0.69667721853244 0.37089222852409 0.698128930349434 0.416845334508391 0.149092379238231 0.277990951251303 0.200092601183645 0.671671810236441 0.401131190348268 0.545105250489519 0.318341896604095 0.353218969836011 0.466776444118187
"24" 0.822990767904829 0.487029747061076 0.778103232490013 0.240765511469634 0.527785270269842 0.58289632927521 0.217130211521026 0.560024890046454 0.0405771112628618 0.91686214889025 0.736559810820602 0.854216896930439 0.813452776092649 0.535998220697562 0.503250673297069 0.505159856180845 0.195027885890994 0.41095923067581 0.286680009540225 0.134250477893104 0.710408846932868 1.07500760700556 0.562465785800656 0 0.567825701983997 0.266071294854841 0.493878032923591 0.648810439945201 0.988094158656353 0.535139988231403 0.826566054717147 0.709704086326601 0.496561639064344 0.647886542452639 0.521063601931222 0.441273003655619 0.472908057751777 0.570604992098701 0.123926227926625 0.173703609048933 0.187954830193375 0.704602082721177 1.05024458478538 0.840689463146487 0.787919188211122 0.698099847598486 0.293117211367056 0.864650609300896 0.607092631363185 0.625939565001366 0.858487593349975 0.478983488171074 0.588517810445333 0.752225987481403 0.749180684475244 0.729191874343102 0.683840315859651 0.667807833260433 0.0690205328632017 0.150869853803669 0.653343893032874 0.148298934641053 0.360651617401074 0.447791483009067 0.189597161002182 0.195868629275265 0.918414122177934 0.777924662000807 0.290170398317935 0.309237858981397 0.52427074327531 0.27831747211969 0.675370669466691 0.655524212606719 0.75757251252035 0.443220809334633 0.497340238987812 0.545388705016725 0.432860553835011 0.771945777829775 0.0551316587171493 0.357061046301292 0.530229196548682 0.964579819618864
"25" 0.984153959898112 0.927064421671756 0.99301822174947 0.391803314972168 0.404985650118815 0.565712585300383 0.535188146014315 0.423841022464921 0.531164888748277 0.941623846408069 0.674840872356052 0.735657782201585 0.518689941480558 0.969959456535285 0.414729923974092 0.939426709033667 0.381065157471426 0.840304485595554 0.525287012281196 0.436795532283728 0.180039177435814 0.975931896429432 0.702035639751181 0.567825701983997 0 0.762541336255546 0.607977793894977 1.06571944736745 0.915195997914055 0.839963944128202 0.75932940626104 0.988425973315208 0.731959970971372 0.995777102102349 0.66007837105396 0.789924778195892 0.939101790583886 0.989204620834978 0.671870364694365 0.736778020717508 0.39932652745995 0.793880474281704 0.921612512721461 0.29092597506735 0.332774929997786 0.971332879431073 0.514359646890988 0.698157368984029 0.139178393833148 0.162656874327961 0.916503073446924 0.531438198692914 0.0208029612302972 0.497131123021496 0.571155323120702 0.171549646690856 0.654331518365712 1.10244661513723 0.506781639873905 0.595950545907018 0.614551592590294 0.667179713357466 0.674158304580626 0.76494899252476 0.753895470282309 0.480062847689585 0.791880552985658 1.01934762445078 0.699797189635443 0.575509576828139 0.909165036132521 0.355991209838636 0.471218813868904 0.117365297887232 0.526899936994005 0.564126027982858 0.853943798651349 0.523479886351047 0.147941523648906 0.56314160588221 0.61418201134319 0.405848104316897 0.370217991084097 0.822683457083911
"26" 0.644072406656852 0.223849631423541 0.579707422796766 0.500925400011531 0.571437488394104 0.55022086942485 0.239005791662086 0.59608555394725 0.278714438282727 0.790042717001861 0.682300513245128 0.804594837863087 0.852577441425465 0.272422052759482 0.541864903704238 0.242598491813641 0.390569601912937 0.15845475729567 0.284485657350819 0.349056554562454 0.869756941219021 0.987928415051233 0.449255289057592 0.266071294854841 0.762541336255546 0 0.423807089786067 0.385504648980566 0.898218396605329 0.330174512845599 0.757127776915382 0.490137355633021 0.347467576866642 0.405003026463804 0.423670354179493 0.234243354378204 0.206839482889869 0.309192856121398 0.150145184171588 0.162196272302782 0.367490507083977 0.58077786678786 0.979379287313975 1.00115770391534 0.902443753629341 0.482368188244106 0.297727148176221 0.835933377224873 0.760474468615752 0.772993308760043 0.723657898351378 0.453506066448269 0.781886341622546 0.785412892031536 0.747817304759632 0.90323546733621 0.626284998283278 0.402131359115626 0.288856240303444 0.16718803600555 0.608889918718578 0.117939417232517 0.223967073754832 0.261070391704873 0.167296114550226 0.461817609623244 0.862702318868412 0.567620603683791 0.117707025037527 0.258941027516039 0.278065124547428 0.53505253422309 0.704218323275819 0.825373419406279 0.778598979577495 0.395735546684906 0.270177914086729 0.529973231292133 0.650057183120186 0.779959977257099 0.214032602989701 0.419398002568695 0.590398253643021 0.909864660600904
