"V1" "V2" "V3" "V4" "V5" "V6" "V7" "V8" "V9" "V10" "V11" "V12" "V13" "V14" "V15" "V16" "V17" "V18" "V19" "V20" "V21" "V22" "V23" "V24" "V25" "V26" "V27" "V28" "V29" "V30" "V31" "V32" "V33" "V34" "V35" "V36" "V37" "V38" "V39" "V40" "V41" "V42" "V43" "V44" "V45" "V46" "V47" "V48" "V49" "V50" "V51" "V52" "V53" "V54" "V55" "V56" "V57" "V58" "V59" "V60" "V61" "V62" "V63" "V64" "V65" "V66" "V67" "V68" "V69" "V70" "V71" "V72" "V73" "V74" "V75" "V76" "V77" "V78" "V79" "V80" "V81" "V82" "V83" "V84"
"1" 0 0.972972972972973 0.489480277737158 0.152887952688983 0.551245352820842 0.710970077727887 0.170933927576669 0.229331929033475 0.315186588910557 0.668611723073134 0.986393923832144 0.305775905377967 0.483474157297252 0.787038906949245 0.944013470085026 0.275622676410421 0.346114823645019 0.464990554975277 0.556520548161459 0.752885852820763 0.854669637883346 1.00981306444699 0.362605617972939 0.422175658157116 0.540540540540541 0.630373177821114 0.823326822255558 0.435797716124246 0.498353754448264 0.616311040594129 0.704778638400286 0.993771692478391 0.435797716124246 0.966948314594504 0.489480277737158 0.498353754448264 0.556520548161459 0.94555976673167 1.08781685391882 0.582179979149676 0.630373177821114 0.659813817066687 0.886552403613877 0.653137620194301 0.677295356007658 0.768252454246048 0.96240507106837 1.14027151944481 0.779578654154376 1.1247920025235 1.16936798123156 0.752885852820763 0.886552403613877 0.993771692478391 0.823326822255558 0.996707508896528 1.00546352636423 1.07294233736644 1.1090964610099 1.26652697447135 0.866552407669265 0.906111060229201 1.08108108108108 1.11435287178856 1.22310362151187 1.30179400851809 0.920507371131157 0.925256365871551 0.944013470085026 0.97447331769297 1.03975048982007 1.1247920025235 1.19041705651596 1.29954759785636 0.97447331769297 0.978960555474315 1.00981306444699 1.04395718463935 1.08781685391882 1.11304109632292 1.200194773577 1.23262208118826 1.26652697447135 1.37599157420085
"2" 0.972972972972973 0 0.489480277737158 0.871595432248492 0.445741148715423 0.291089989574838 0.933117648736869 0.826868029231262 0.721171030493315 0.362605617972939 0.162162162162162 0.787038906949245 0.582179979149676 0.305775905377967 0.222870574357711 0.957840278198343 0.803571283638838 0.653137620194301 0.556520548161459 0.382219881722458 0.315186588910557 0.27027027027027 0.873269968724514 0.773936273690614 0.630373177821114 0.540540540540541 0.389789327077188 0.846079775270191 0.750942918348638 0.616311040594129 0.535107834411441 0.382219881722458 1.01558347178681 0.445741148715423 1.03975048982007 0.992300527064098 0.854669637883346 0.512801782730007 0.486486486486486 0.929981109950554 0.844351316314233 0.803571283638838 0.604342696621565 0.920507371131157 0.879936248437822 0.768252454246048 0.63268648166052 0.594594594594595 0.844351316314233 0.650897004259043 0.648648648648649 0.993771692478391 0.825099325539121 0.752885852820763 0.996707508896528 0.823326822255558 0.894753803094424 0.854669637883346 0.839144578176217 0.810810810810811 1.26190459783014 1.11435287178856 0.923676080574868 0.906111060229201 0.871595432248492 0.864864864864865 1.29954759785636 1.26190459783014 1.19041705651596 1.1247920025235 1.03975048982007 0.97447331769297 0.944013470085026 0.920507371131157 1.33831550304216 1.30179400851809 1.200194773577 1.14027151944481 1.08781685391882 1.06474138397796 1.00981306444699 0.996707508896528 0.986393923832144 0.972972972972973
"3" 0.489480277737158 0.489480277737158 0 0.382219881722458 0.0764439763444916 0.222870574357711 0.445741148715423 0.341867855153338 0.241737078648626 0.194894663538594 0.498353754448264 0.315186588910557 0.170933927576669 0.315186588910557 0.461838040287434 0.483474157297252 0.346114823645019 0.241737078648626 0.216216216216216 0.305775905377967 0.389789327077188 0.532370691988979 0.422175658157116 0.346114823645019 0.275622676410421 0.275622676410421 0.382219881722458 0.422175658157116 0.362605617972939 0.324324324324324 0.341867855153338 0.540540540540541 0.574602476364035 0.535107834411441 0.611551810755933 0.574602476364035 0.483474157297252 0.540540540540541 0.650897004259043 0.556520548161459 0.512801782730007 0.498353754448264 0.532370691988979 0.582179979149676 0.564340892373543 0.540540540540541 0.604342696621565 0.727222921463444 0.597046541469582 0.735214622093808 0.768252454246048 0.683735710306677 0.650897004259043 0.683735710306677 0.721171030493315 0.721171030493315 0.764439763444916 0.787038906949245 0.803571283638838 0.899638755518553 0.918918918918919 0.839144578176217 0.826868029231262 0.839144578176217 0.894753803094424 0.94555976673167 0.966948314594504 0.944013470085026 0.906111060229201 0.879936248437822 0.864864864864865 0.879936248437822 0.906111060229201 0.966948314594504 1.01558347178681 0.993771692478391 0.944013470085026 0.925256365871551 0.918918918918919 0.920507371131157 0.944013470085026 0.957840278198343 0.97447331769297 1.03975048982007
"4" 0.152887952688983 0.871595432248492 0.382219881722458 0 0.432432432432432 0.594594594594595 0.0764439763444916 0.0764439763444916 0.170933927576669 0.543236520060589 0.866552407669265 0.152887952688983 0.341867855153338 0.657595949221429 0.817986267590354 0.170933927576669 0.194894663538594 0.315186588910557 0.411663411127779 0.616311040594129 0.721171030493315 0.879936248437822 0.222870574357711 0.27027027027027 0.389789327077188 0.483474157297252 0.683735710306677 0.291089989574838 0.346114823645019 0.464990554975277 0.556520548161459 0.854669637883346 0.328797974610715 0.823326822255558 0.382219881722458 0.378378378378378 0.411663411127779 0.7980985437964 0.944013470085026 0.445741148715423 0.483474157297252 0.509944926057114 0.735214622093808 0.512801782730007 0.532370691988979 0.616311040594129 0.810810810810811 0.992300527064098 0.630373177821114 0.97447331769297 1.01988985211423 0.616311040594129 0.735214622093808 0.840883739789408 0.683735710306677 0.844351316314233 0.854669637883346 0.920507371131157 0.956313838538061 1.11435287178856 0.758684802573957 0.773936273690614 0.929981109950554 0.96240507106837 1.07021566882288 1.14920495272807 0.812610615047184 0.810810810810811 0.817986267590354 0.839144578176217 0.894753803094424 0.97447331769297 1.03834447093506 1.14665964516737 0.866552407669265 0.864864864864865 0.879936248437822 0.906111060229201 0.944013470085026 0.966948314594504 1.04953988318636 1.08108108108108 1.11435287178856 1.22310362151187
"5" 0.551245352820842 0.445741148715423 0.0764439763444916 0.432432432432432 0 0.162162162162162 0.489480277737158 0.382219881722458 0.275622676410421 0.120868539324313 0.435797716124246 0.341867855153338 0.152887952688983 0.241737078648626 0.393519453474623 0.512801782730007 0.362605617972939 0.229331929033475 0.170933927576669 0.229331929033475 0.315186588910557 0.461838040287434 0.435797716124246 0.346114823645019 0.241737078648626 0.216216216216216 0.305775905377967 0.422175658157116 0.346114823645019 0.275622676410421 0.275622676410421 0.464990554975277 0.584683990615782 0.45866385806695 0.616311040594129 0.574602476364035 0.464990554975277 0.464990554975277 0.574602476364035 0.54054054054054 0.483474157297252 0.461838040287434 0.461838040287434 0.556520548161459 0.532370691988979 0.489480277737158 0.532370691988979 0.650897004259043 0.551245352820842 0.659813817066687 0.692229647290038 0.653137620194301 0.594594594594595 0.616311040594129 0.683735710306677 0.657595949221429 0.704778638400286 0.721171030493315 0.735214622093808 0.825099325539121 0.899638755518553 0.803571283638838 0.764439763444916 0.773936273690614 0.823326822255558 0.871595432248492 0.94555976673167 0.918918918918919 0.873269968724514 0.839144578176217 0.812610615047184 0.817986267590354 0.839144578176217 0.894753803094424 0.992300527064098 0.966948314594504 0.906111060229201 0.879936248437822 0.866552407669265 0.864864864864865 0.879936248437822 0.891482297430846 0.906111060229201 0.966948314594504
"6" 0.710970077727887 0.291089989574838 0.222870574357711 0.594594594594595 0.162162162162162 0 0.650897004259043 0.543236520060589 0.435797716124246 0.0764439763444916 0.275622676410421 0.498353754448264 0.291089989574838 0.120868539324313 0.241737078648626 0.668611723073134 0.512801782730007 0.362605617972939 0.27027027027027 0.162162162162162 0.194894663538594 0.315186588910557 0.582179979149676 0.483474157297252 0.346114823645019 0.27027027027027 0.222870574357711 0.556520548161459 0.464990554975277 0.346114823645019 0.291089989574838 0.346114823645019 0.725211235945878 0.362605617972939 0.750942918348638 0.704778638400286 0.574602476364035 0.393519453474623 0.464990554975277 0.650897004259043 0.574602476364035 0.54054054054054 0.432432432432432 0.650897004259043 0.616311040594129 0.532370691988979 0.489480277737158 0.556520548161459 0.604342696621565 0.582179979149676 0.604342696621565 0.735214622093808 0.616311040594129 0.594594594594595 0.750942918348638 0.650897004259043 0.710970077727887 0.702702702702703 0.704778638400286 0.752885852820763 0.996707508896528 0.871595432248492 0.758684802573957 0.756756756756757 0.773936273690614 0.803571283638838 1.03834447093506 1.00546352636423 0.94555976673167 0.894753803094424 0.839144578176217 0.812610615047184 0.812610615047184 0.839144578176217 1.08108108108108 1.04953988318636 0.966948314594504 0.923676080574868 0.891482297430846 0.879936248437822 0.864864864864865 0.866552407669265 0.871595432248492 0.906111060229201
"7" 0.170933927576669 0.933117648736869 0.445741148715423 0.0764439763444916 0.489480277737158 0.650897004259043 0 0.108108108108108 0.216216216216216 0.594594594594595 0.918918918918919 0.170933927576669 0.382219881722458 0.704778638400286 0.866552407669265 0.108108108108108 0.194894663538594 0.341867855153338 0.445741148715423 0.657595949221429 0.764439763444916 0.925256365871551 0.194894663538594 0.27027027027027 0.411663411127779 0.512801782730007 0.721171030493315 0.27027027027027 0.346114823645019 0.483474157297252 0.582179979149676 0.891482297430846 0.27027027027027 0.854669637883346 0.324324324324324 0.328797974610715 0.389789327077188 0.823326822255558 0.97447331769297 0.411663411127779 0.464990554975277 0.498353754448264 0.750942918348638 0.483474157297252 0.509944926057114 0.611551810755933 0.825099325539121 1.01558347178681 0.616311040594129 0.992300527064098 1.03975048982007 0.582179979149676 0.727222921463444 0.844351316314233 0.653137620194301 0.840883739789408 0.844351316314233 0.9173277161339 0.956313838538061 1.1247920025235 0.702702702702703 0.735214622093808 0.920507371131157 0.956313838538061 1.07294233736644 1.15680727346123 0.756756756756757 0.758684802573957 0.773936273690614 0.803571283638838 0.871595432248492 0.96240507106837 1.03270125267799 1.14920495272807 0.810810810810811 0.812610615047184 0.839144578176217 0.873269968724514 0.918918918918919 0.94555976673167 1.03834447093506 1.07294233736644 1.1090964610099 1.22549016743293
"8" 0.229331929033475 0.826868029231262 0.341867855153338 0.0764439763444916 0.382219881722458 0.543236520060589 0.108108108108108 0 0.108108108108108 0.486486486486486 0.810810810810811 0.0764439763444916 0.275622676410421 0.597046541469582 0.758684802573957 0.152887952688983 0.120868539324313 0.241737078648626 0.341867855153338 0.551245352820842 0.657595949221429 0.817986267590354 0.162162162162162 0.194894663538594 0.315186588910557 0.411663411127779 0.616311040594129 0.222870574357711 0.27027027027027 0.389789327077188 0.483474157297252 0.787038906949245 0.291089989574838 0.752885852820763 0.341867855153338 0.328797974610715 0.341867855153338 0.725211235945878 0.873269968724514 0.382219881722458 0.411663411127779 0.435797716124246 0.659813817066687 0.445741148715423 0.461838040287434 0.54054054054054 0.735214622093808 0.918918918918919 0.556520548161459 0.899638755518553 0.94555976673167 0.551245352820842 0.659813817066687 0.764439763444916 0.616311040594129 0.768252454246048 0.779578654154376 0.844351316314233 0.879936248437822 1.03834447093506 0.710970077727887 0.710970077727887 0.854669637883346 0.886552403613877 0.993771692478391 1.07294233736644 0.764439763444916 0.758684802573957 0.758684802573957 0.773936273690614 0.823326822255558 0.899638755518553 0.96240507106837 1.07021566882288 0.817986267590354 0.812610615047184 0.817986267590354 0.839144578176217 0.873269968724514 0.894753803094424 0.97447331769297 1.00546352636423 1.03834447093506 1.14665964516737
"9" 0.315186588910557 0.721171030493315 0.241737078648626 0.170933927576669 0.275622676410421 0.435797716124246 0.216216216216216 0.108108108108108 0 0.378378378378378 0.702702702702703 0.0764439763444916 0.170933927576669 0.489480277737158 0.650897004259043 0.241737078648626 0.120868539324313 0.152887952688983 0.241737078648626 0.445741148715423 0.551245352820842 0.710970077727887 0.194894663538594 0.162162162162162 0.229331929033475 0.315186588910557 0.512801782730007 0.222870574357711 0.222870574357711 0.305775905377966 0.389789327077188 0.683735710306677 0.346114823645019 0.653137620194301 0.389789327077188 0.362605617972939 0.324324324324324 0.630373177821114 0.773936273690614 0.382219881722458 0.382219881722458 0.393519453474623 0.574602476364035 0.432432432432432 0.435797716124246 0.483474157297252 0.650897004259043 0.825099325539121 0.512801782730007 0.810810810810811 0.854669637883346 0.540540540540541 0.604342696621565 0.692229647290038 0.597046541469582 0.704778638400286 0.725211235945878 0.779578654154376 0.810810810810811 0.956313838538061 0.735214622093808 0.702702702702703 0.7980985437964 0.825099325539121 0.920507371131157 0.993771692478391 0.787038906949245 0.773936273690614 0.758684802573957 0.758684802573957 0.787038906949245 0.846079775270191 0.899638755518553 0.996707508896528 0.839144578176217 0.826868029231262 0.810810810810811 0.817986267590354 0.839144578176217 0.854669637883346 0.918918918918919 0.94555976673167 0.97447331769297 1.07294233736644
"10" 0.668611723073134 0.362605617972939 0.194894663538594 0.543236520060589 0.120868539324313 0.0764439763444916 0.594594594594595 0.486486486486486 0.378378378378378 0 0.324324324324324 0.435797716124246 0.222870574357711 0.120868539324313 0.275622676410421 0.604342696621565 0.445741148715423 0.291089989574838 0.194894663538594 0.120868539324313 0.194894663538594 0.341867855153338 0.512801782730007 0.411663411127779 0.27027027027027 0.194894663538594 0.194894663538594 0.483474157297252 0.389789327077188 0.27027027027027 0.222870574357711 0.346114823645019 0.653137620194301 0.346114823645019 0.677295356007658 0.630373177821114 0.498353754448264 0.362605617972939 0.45866385806695 0.574602476364035 0.498353754448264 0.464990554975277 0.382219881722458 0.574602476364035 0.54054054054054 0.461838040287434 0.445741148715423 0.540540540540541 0.532370691988979 0.556520548161459 0.584683990615782 0.659813817066687 0.551245352820842 0.543236520060589 0.677295356007658 0.594594594594595 0.650897004259043 0.650897004259043 0.657595949221429 0.725211235945878 0.920507371131157 0.7980985437964 0.702702702702703 0.704778638400286 0.735214622093808 0.773936273690614 0.96240507106837 0.929981109950554 0.871595432248492 0.823326822255558 0.773936273690614 0.756756756756757 0.764439763444916 0.803571283638838 1.00546352636423 0.97447331769297 0.894753803094424 0.854669637883346 0.826868029231262 0.817986267590354 0.812610615047184 0.817986267590354 0.826868029231262 0.873269968724514
"11" 0.986393923832144 0.162162162162162 0.498353754448264 0.866552407669265 0.435797716124246 0.275622676410421 0.918918918918919 0.810810810810811 0.702702702702703 0.324324324324324 0 0.758684802573957 0.543236520060589 0.222870574357711 0.0764439763444916 0.925256365871551 0.764439763444916 0.604342696621565 0.498353754448264 0.291089989574838 0.194894663538594 0.108108108108108 0.826868029231262 0.721171030493315 0.564340892373543 0.461838040287434 0.27027027027027 0.787038906949245 0.683735710306677 0.532370691988979 0.435797716124246 0.222870574357711 0.957840278198343 0.291089989574838 0.97447331769297 0.923676080574868 0.773936273690614 0.362605617972939 0.324324324324324 0.846079775270191 0.750942918348638 0.704778638400286 0.464990554975277 0.825099325539121 0.779578654154376 0.650897004259043 0.483474157297252 0.432432432432432 0.727222921463444 0.489480277737158 0.486486486486486 0.886552403613877 0.692229647290038 0.604342696621565 0.879936248437822 0.677295356007658 0.750942918348638 0.702702702702703 0.683735710306677 0.648648648648649 1.15680727346123 0.993771692478391 0.773936273690614 0.752885852820763 0.710970077727887 0.702702702702703 1.19041705651596 1.14920495272807 1.07021566882288 0.996707508896528 0.899638755518553 0.823326822255558 0.787038906949245 0.758684802573957 1.22549016743293 1.18549795672764 1.07294233736644 1.00546352636423 0.94555976673167 0.918918918918919 0.854669637883346 0.839144578176217 0.826868029231262 0.810810810810811
"12" 0.305775905377967 0.787038906949245 0.315186588910557 0.152887952688983 0.341867855153338 0.498353754448264 0.170933927576669 0.0764439763444916 0.0764439763444916 0.435797716124246 0.758684802573957 0 0.216216216216216 0.540540540540541 0.702702702702703 0.170933927576669 0.0540540540540541 0.170933927576669 0.275622676410421 0.489480277737158 0.597046541469582 0.758684802573957 0.120868539324313 0.120868539324313 0.241737078648626 0.341867855153338 0.551245352820842 0.162162162162162 0.194894663538594 0.315186588910557 0.411663411127779 0.721171030493315 0.27027027027027 0.683735710306677 0.315186588910557 0.291089989574838 0.275622676410421 0.653137620194301 0.803571283638838 0.324324324324324 0.341867855153338 0.362605617972939 0.584683990615782 0.382219881722458 0.393519453474623 0.464990554975277 0.659813817066687 0.846079775270191 0.483474157297252 0.825099325539121 0.871595432248492 0.489480277737158 0.584683990615782 0.687995787100425 0.551245352820842 0.692229647290038 0.704778638400286 0.768252454246048 0.803571283638838 0.96240507106837 0.668611723073134 0.650897004259043 0.779578654154376 0.810810810810811 0.9173277161339 0.996707508896528 0.721171030493315 0.710970077727887 0.702702702702703 0.710970077727887 0.752885852820763 0.825099325539121 0.886552403613877 0.993771692478391 0.773936273690614 0.764439763444916 0.758684802573957 0.773936273690614 0.803571283638838 0.823326822255558 0.899638755518553 0.929981109950554 0.96240507106837 1.07021566882288
"13" 0.483474157297252 0.582179979149676 0.170933927576669 0.341867855153338 0.152887952688983 0.291089989574838 0.382219881722458 0.275622676410421 0.170933927576669 0.222870574357711 0.543236520060589 0.216216216216216 0 0.324324324324324 0.486486486486486 0.382219881722458 0.222870574357711 0.0764439763444916 0.0764439763444916 0.275622676410421 0.382219881722458 0.543236520060589 0.291089989574838 0.194894663538594 0.108108108108108 0.152887952688983 0.341867855153338 0.27027027027027 0.194894663538594 0.170933927576669 0.229331929033475 0.512801782730007 0.435797716124246 0.483474157297252 0.464990554975277 0.422175658157116 0.315186588910557 0.464990554975277 0.604342696621565 0.389789327077188 0.341867855153338 0.328797974610715 0.422175658157116 0.411663411127779 0.393519453474623 0.382219881722458 0.498353754448264 0.659813817066687 0.432432432432432 0.650897004259043 0.692229647290038 0.512801782730007 0.498353754448264 0.556520548161459 0.551245352820842 0.582179979149676 0.616311040594129 0.653137620194301 0.677295356007658 0.803571283638838 0.750942918348638 0.668611723073134 0.683735710306677 0.702702702702703 0.779578654154376 0.844351316314233 0.7980985437964 0.773936273690614 0.735214622093808 0.710970077727887 0.704778638400286 0.735214622093808 0.773936273690614 0.854669637883346 0.846079775270191 0.823326822255558 0.773936273690614 0.758684802573957 0.758684802573957 0.764439763444916 0.803571283638838 0.823326822255558 0.846079775270191 0.929981109950554
"14" 0.787038906949245 0.305775905377967 0.315186588910557 0.657595949221429 0.241737078648626 0.120868539324313 0.704778638400286 0.597046541469582 0.489480277737158 0.120868539324313 0.222870574357711 0.540540540540541 0.324324324324324 0 0.162162162162162 0.704778638400286 0.543236520060589 0.382219881722458 0.275622676410421 0.0764439763444916 0.0764439763444916 0.222870574357711 0.604342696621565 0.498353754448264 0.341867855153338 0.241737078648626 0.108108108108108 0.564340892373543 0.461838040287434 0.315186588910557 0.229331929033475 0.229331929033475 0.735214622093808 0.241737078648626 0.752885852820763 0.702702702702703 0.556520548161459 0.275622676410421 0.346114823645019 0.630373177821114 0.54054054054054 0.498353754448264 0.328797974610715 0.616311040594129 0.574602476364035 0.464990554975277 0.378378378378378 0.435797716124246 0.54054054054054 0.461838040287434 0.483474157297252 0.687995787100425 0.532370691988979 0.489480277737158 0.692229647290038 0.551245352820842 0.616311040594129 0.597046541469582 0.594594594594595 0.63268648166052 0.956313838538061 0.810810810810811 0.657595949221429 0.650897004259043 0.657595949221429 0.683735710306677 0.993771692478391 0.956313838538061 0.886552403613877 0.825099325539121 0.752885852820763 0.710970077727887 0.702702702702703 0.721171030493315 1.03270125267799 0.996707508896528 0.899638755518553 0.846079775270191 0.803571283638838 0.787038906949245 0.758684802573957 0.756756756756757 0.758684802573957 0.787038906949245
"15" 0.944013470085026 0.222870574357711 0.461838040287434 0.817986267590354 0.393519453474623 0.241737078648626 0.866552407669265 0.758684802573957 0.650897004259043 0.275622676410421 0.0764439763444916 0.702702702702703 0.486486486486486 0.162162162162162 0 0.866552407669265 0.704778638400286 0.543236520060589 0.435797716124246 0.222870574357711 0.120868539324313 0.0764439763444916 0.764439763444916 0.657595949221429 0.498353754448264 0.393519453474623 0.194894663538594 0.721171030493315 0.616311040594129 0.461838040287434 0.362605617972939 0.162162162162162 0.891482297430846 0.222870574357711 0.906111060229201 0.854669637883346 0.702702702702703 0.291089989574838 0.275622676410421 0.773936273690614 0.677295356007658 0.630373177821114 0.389789327077188 0.750942918348638 0.704778638400286 0.574602476364035 0.411663411127779 0.382219881722458 0.650897004259043 0.432432432432432 0.435797716124246 0.810810810810811 0.616311040594129 0.532370691988979 0.803571283638838 0.604342696621565 0.677295356007658 0.63268648166052 0.616311040594129 0.597046541469582 1.08108108108108 0.9173277161339 0.702702702702703 0.683735710306677 0.650897004259043 0.650897004259043 1.11435287178856 1.07294233736644 0.993771692478391 0.920507371131157 0.825099325539121 0.752885852820763 0.721171030493315 0.702702702702703 1.14920495272807 1.1090964610099 0.996707508896528 0.929981109950554 0.871595432248492 0.846079775270191 0.787038906949245 0.773936273690614 0.764439763444916 0.758684802573957
"16" 0.275622676410421 0.957840278198343 0.483474157297252 0.170933927576669 0.512801782730007 0.668611723073134 0.108108108108108 0.152887952688983 0.241737078648626 0.604342696621565 0.925256365871551 0.170933927576669 0.382219881722458 0.704778638400286 0.866552407669265 0 0.162162162162162 0.324324324324324 0.432432432432432 0.648648648648649 0.756756756756757 0.918918918918919 0.120868539324313 0.222870574357711 0.382219881722458 0.489480277737158 0.704778638400286 0.194894663538594 0.291089989574838 0.445741148715423 0.551245352820842 0.871595432248492 0.162162162162162 0.826868029231262 0.216216216216216 0.222870574357711 0.305775905377966 0.787038906949245 0.944013470085026 0.315186588910557 0.382219881722458 0.422175658157116 0.702702702702703 0.389789327077188 0.422175658157116 0.54054054054054 0.773936273690614 0.97447331769297 0.535107834411441 0.944013470085026 0.993771692478391 0.483474157297252 0.650897004259043 0.779578654154376 0.556520548161459 0.768252454246048 0.764439763444916 0.844351316314233 0.886552403613877 1.06611259044951 0.594594594594595 0.63268648166052 0.840883739789408 0.879936248437822 1.00546352636423 1.09451117466576 0.648648648648649 0.650897004259043 0.668611723073134 0.702702702702703 0.779578654154376 0.879936248437822 0.956313838538061 1.08108108108108 0.702702702702703 0.704778638400286 0.735214622093808 0.773936273690614 0.825099325539121 0.854669637883346 0.956313838538061 0.993771692478391 1.03270125267799 1.15680727346123
"17" 0.346114823645019 0.803571283638838 0.346114823645019 0.194894663538594 0.362605617972939 0.512801782730007 0.194894663538594 0.120868539324313 0.120868539324313 0.445741148715423 0.764439763444916 0.0540540540540541 0.222870574357711 0.543236520060589 0.704778638400286 0.162162162162162 0 0.162162162162162 0.27027027027027 0.486486486486486 0.594594594594595 0.756756756756757 0.0764439763444916 0.0764439763444916 0.222870574357711 0.328797974610715 0.543236520060589 0.108108108108108 0.152887952688983 0.291089989574838 0.393519453474623 0.710970077727887 0.229331929033475 0.668611723073134 0.27027027027027 0.241737078648626 0.222870574357711 0.63268648166052 0.787038906949245 0.27027027027027 0.291089989574838 0.315186588910557 0.556520548161459 0.328797974610715 0.341867855153338 0.422175658157116 0.630373177821114 0.823326822255558 0.435797716124246 0.7980985437964 0.846079775270191 0.435797716124246 0.54054054054054 0.650897004259043 0.498353754448264 0.650897004259043 0.659813817066687 0.727222921463444 0.764439763444916 0.929981109950554 0.616311040594129 0.597046541469582 0.735214622093808 0.768252454246048 0.879936248437822 0.96240507106837 0.668611723073134 0.657595949221429 0.648648648648649 0.657595949221429 0.702702702702703 0.779578654154376 0.844351316314233 0.956313838538061 0.721171030493315 0.710970077727887 0.704778638400286 0.721171030493315 0.752885852820763 0.773936273690614 0.854669637883346 0.886552403613877 0.920507371131157 1.03270125267799
"18" 0.464990554975277 0.653137620194301 0.241737078648626 0.315186588910557 0.229331929033475 0.362605617972939 0.341867855153338 0.241737078648626 0.152887952688983 0.291089989574838 0.604342696621565 0.170933927576669 0.0764439763444916 0.382219881722458 0.543236520060589 0.324324324324324 0.162162162162162 0 0.108108108108108 0.324324324324324 0.432432432432432 0.594594594594595 0.222870574357711 0.120868539324313 0.0764439763444916 0.170933927576669 0.382219881722458 0.194894663538594 0.120868539324313 0.152887952688983 0.241737078648626 0.551245352820842 0.362605617972939 0.512801782730007 0.389789327077188 0.346114823645019 0.241737078648626 0.483474157297252 0.63268648166052 0.315186588910557 0.275622676410421 0.27027027027027 0.422175658157116 0.341867855153338 0.328797974610715 0.341867855153338 0.498353754448264 0.677295356007658 0.382219881722458 0.659813817066687 0.704778638400286 0.445741148715423 0.461838040287434 0.54054054054054 0.489480277737158 0.556520548161459 0.582179979149676 0.630373177821114 0.659813817066687 0.803571283638838 0.677295356007658 0.604342696621565 0.653137620194301 0.677295356007658 0.768252454246048 0.840883739789408 0.725211235945878 0.702702702702703 0.668611723073134 0.650897004259043 0.657595949221429 0.702702702702703 0.750942918348638 0.844351316314233 0.773936273690614 0.752885852820763 0.710970077727887 0.702702702702703 0.710970077727887 0.721171030493315 0.773936273690614 0.7980985437964 0.825099325539121 0.920507371131157
"19" 0.556520548161459 0.556520548161459 0.216216216216216 0.411663411127779 0.170933927576669 0.27027027027027 0.445741148715423 0.341867855153338 0.241737078648626 0.194894663538594 0.498353754448264 0.275622676410421 0.0764439763444916 0.275622676410421 0.435797716124246 0.432432432432432 0.27027027027027 0.108108108108108 0 0.216216216216216 0.324324324324324 0.486486486486487 0.328797974610715 0.222870574357711 0.0764439763444916 0.0764439763444916 0.275622676410421 0.291089989574838 0.194894663538594 0.108108108108108 0.152887952688983 0.445741148715423 0.461838040287434 0.411663411127779 0.483474157297252 0.435797716124246 0.305775905377966 0.389789327077188 0.532370691988979 0.382219881722458 0.315186588910557 0.291089989574838 0.346114823645019 0.389789327077188 0.362605617972939 0.324324324324324 0.422175658157116 0.584683990615782 0.382219881722458 0.574602476364035 0.616311040594129 0.483474157297252 0.435797716124246 0.483474157297252 0.512801782730007 0.512801782730007 0.551245352820842 0.582179979149676 0.604342696621565 0.727222921463444 0.735214622093808 0.63268648166052 0.616311040594129 0.63268648166052 0.704778638400286 0.768252454246048 0.779578654154376 0.750942918348638 0.702702702702703 0.668611723073134 0.648648648648649 0.668611723073134 0.702702702702703 0.779578654154376 0.825099325539121 0.7980985437964 0.735214622093808 0.710970077727887 0.702702702702703 0.704778638400286 0.735214622093808 0.752885852820763 0.773936273690614 0.854669637883346
"20" 0.752885852820763 0.382219881722458 0.305775905377967 0.616311040594129 0.229331929033475 0.162162162162162 0.657595949221429 0.551245352820842 0.445741148715423 0.120868539324313 0.291089989574838 0.489480277737158 0.275622676410421 0.0764439763444916 0.222870574357711 0.648648648648649 0.486486486486486 0.324324324324324 0.216216216216216 0 0.108108108108108 0.27027027027027 0.543236520060589 0.435797716124246 0.275622676410421 0.170933927576669 0.0764439763444916 0.498353754448264 0.393519453474623 0.241737078648626 0.152887952688983 0.241737078648626 0.668611723073134 0.229331929033475 0.683735710306677 0.63268648166052 0.483474157297252 0.241737078648626 0.346114823645019 0.556520548161459 0.464990554975277 0.422175658157116 0.27027027027027 0.54054054054054 0.498353754448264 0.389789327077188 0.328797974610715 0.422175658157116 0.464990554975277 0.435797716124246 0.464990554975277 0.611551810755933 0.461838040287434 0.432432432432432 0.616311040594129 0.489480277737158 0.551245352820842 0.540540540540541 0.543236520060589 0.604342696621565 0.879936248437822 0.735214622093808 0.597046541469582 0.594594594594595 0.616311040594129 0.653137620194301 0.9173277161339 0.879936248437822 0.810810810810811 0.750942918348638 0.683735710306677 0.650897004259043 0.650897004259043 0.683735710306677 0.956313838538061 0.920507371131157 0.825099325539121 0.773936273690614 0.735214622093808 0.721171030493315 0.702702702702703 0.704778638400286 0.710970077727887 0.752885852820763
"21" 0.854669637883346 0.315186588910557 0.389789327077188 0.721171030493315 0.315186588910557 0.194894663538594 0.764439763444916 0.657595949221429 0.551245352820842 0.194894663538594 0.194894663538594 0.597046541469582 0.382219881722458 0.0764439763444916 0.120868539324313 0.756756756756757 0.594594594594595 0.432432432432432 0.324324324324324 0.108108108108108 0 0.162162162162162 0.650897004259043 0.543236520060589 0.382219881722458 0.275622676410421 0.0764439763444916 0.604342696621565 0.498353754448264 0.341867855153338 0.241737078648626 0.152887952688983 0.773936273690614 0.170933927576669 0.787038906949245 0.735214622093808 0.582179979149676 0.216216216216216 0.27027027027027 0.653137620194301 0.556520548161459 0.509944926057114 0.291089989574838 0.630373177821114 0.584683990615782 0.45866385806695 0.328797974610715 0.362605617972939 0.535107834411441 0.393519453474623 0.411663411127779 0.692229647290038 0.509944926057114 0.445741148715423 0.687995787100425 0.512801782730007 0.582179979149676 0.551245352820842 0.543236520060589 0.564340892373543 0.96240507106837 0.803571283638838 0.616311040594129 0.604342696621565 0.597046541469582 0.616311040594129 0.996707508896528 0.956313838538061 0.879936248437822 0.810810810810811 0.725211235945878 0.668611723073134 0.650897004259043 0.657595949221429 1.03270125267799 0.993771692478391 0.886552403613877 0.825099325539121 0.773936273690614 0.752885852820763 0.710970077727887 0.704778638400286 0.702702702702703 0.721171030493315
"22" 1.00981306444699 0.27027027027027 0.532370691988979 0.879936248437822 0.461838040287434 0.315186588910557 0.925256365871551 0.817986267590354 0.710970077727887 0.341867855153338 0.108108108108108 0.758684802573957 0.543236520060589 0.222870574357711 0.0764439763444916 0.918918918918919 0.756756756756757 0.594594594594595 0.486486486486487 0.27027027027027 0.162162162162162 0 0.812610615047184 0.704778638400286 0.543236520060589 0.435797716124246 0.222870574357711 0.764439763444916 0.657595949221429 0.498353754448264 0.393519453474623 0.120868539324313 0.933117648736869 0.194894663538594 0.944013470085026 0.891482297430846 0.735214622093808 0.27027027027027 0.216216216216216 0.803571283638838 0.702702702702703 0.653137620194301 0.382219881722458 0.773936273690614 0.725211235945878 0.584683990615782 0.389789327077188 0.324324324324324 0.659813817066687 0.382219881722458 0.378378378378378 0.825099325539121 0.611551810755933 0.509944926057114 0.810810810810811 0.584683990615782 0.659813817066687 0.604342696621565 0.582179979149676 0.540540540540541 1.09451117466576 0.920507371131157 0.677295356007658 0.653137620194301 0.604342696621565 0.594594594594595 1.1247920025235 1.08108108108108 0.996707508896528 0.9173277161339 0.810810810810811 0.725211235945878 0.683735710306677 0.650897004259043 1.15680727346123 1.11435287178856 0.993771692478391 0.920507371131157 0.854669637883346 0.825099325539121 0.752885852820763 0.735214622093808 0.721171030493315 0.702702702702703
"23" 0.362605617972939 0.873269968724514 0.422175658157116 0.222870574357711 0.435797716124246 0.582179979149676 0.194894663538594 0.162162162162162 0.194894663538594 0.512801782730007 0.826868029231262 0.120868539324313 0.291089989574838 0.604342696621565 0.764439763444916 0.120868539324313 0.0764439763444916 0.222870574357711 0.328797974610715 0.543236520060589 0.650897004259043 0.812610615047184 0 0.108108108108108 0.27027027027027 0.378378378378378 0.594594594594595 0.0764439763444916 0.170933927576669 0.328797974610715 0.435797716124246 0.758684802573957 0.152887952688983 0.710970077727887 0.194894663538594 0.170933927576669 0.194894663538594 0.668611723073134 0.826868029231262 0.222870574357711 0.27027027027027 0.305775905377966 0.582179979149676 0.291089989574838 0.315186588910557 0.422175658157116 0.653137620194301 0.854669637883346 0.422175658157116 0.823326822255558 0.873269968724514 0.393519453474623 0.535107834411441 0.659813817066687 0.461838040287434 0.650897004259043 0.650897004259043 0.727222921463444 0.768252454246048 0.94555976673167 0.551245352820842 0.551245352820842 0.727222921463444 0.764439763444916 0.886552403613877 0.97447331769297 0.604342696621565 0.597046541469582 0.597046541469582 0.616311040594129 0.677295356007658 0.768252454246048 0.840883739789408 0.96240507106837 0.657595949221429 0.650897004259043 0.657595949221429 0.683735710306677 0.725211235945878 0.750942918348638 0.844351316314233 0.879936248437822 0.9173277161339 1.03834447093506
"24" 0.422175658157116 0.773936273690614 0.346114823645019 0.27027027027027 0.346114823645019 0.483474157297252 0.27027027027027 0.194894663538594 0.162162162162162 0.411663411127779 0.721171030493315 0.120868539324313 0.194894663538594 0.498353754448264 0.657595949221429 0.222870574357711 0.0764439763444916 0.120868539324313 0.222870574357711 0.435797716124246 0.543236520060589 0.704778638400286 0.108108108108108 0 0.162162162162162 0.27027027027027 0.486486486486486 0.0764439763444916 0.0764439763444916 0.222870574357711 0.328797974610715 0.650897004259043 0.241737078648626 0.604342696621565 0.27027027027027 0.229331929033475 0.162162162162162 0.564340892373543 0.721171030493315 0.222870574357711 0.222870574357711 0.241737078648626 0.483474157297252 0.27027027027027 0.275622676410421 0.346114823645019 0.556520548161459 0.752885852820763 0.362605617972939 0.725211235945878 0.773936273690614 0.378378378378378 0.464990554975277 0.574602476364035 0.435797716124246 0.574602476364035 0.584683990615782 0.650897004259043 0.687995787100425 0.854669637883346 0.582179979149676 0.540540540540541 0.659813817066687 0.692229647290038 0.803571283638838 0.886552403613877 0.63268648166052 0.616311040594129 0.597046541469582 0.597046541469582 0.63268648166052 0.704778638400286 0.768252454246048 0.879936248437822 0.683735710306677 0.668611723073134 0.648648648648649 0.657595949221429 0.683735710306677 0.702702702702703 0.779578654154376 0.810810810810811 0.844351316314233 0.956313838538061
"25" 0.540540540540541 0.630373177821114 0.275622676410421 0.389789327077188 0.241737078648626 0.346114823645019 0.411663411127779 0.315186588910557 0.229331929033475 0.27027027027027 0.564340892373543 0.241737078648626 0.108108108108108 0.341867855153338 0.498353754448264 0.382219881722458 0.222870574357711 0.0764439763444916 0.0764439763444916 0.275622676410421 0.382219881722458 0.543236520060589 0.27027027027027 0.162162162162162 0 0.108108108108108 0.324324324324324 0.222870574357711 0.120868539324313 0.0764439763444916 0.170933927576669 0.489480277737158 0.393519453474623 0.445741148715423 0.411663411127779 0.362605617972939 0.229331929033475 0.411663411127779 0.564340892373543 0.305775905377966 0.241737078648626 0.222870574357711 0.346114823645019 0.315186588910557 0.291089989574838 0.275622676410421 0.422175658157116 0.604342696621565 0.324324324324324 0.584683990615782 0.630373177821114 0.411663411127779 0.393519453474623 0.464990554975277 0.445741148715423 0.483474157297252 0.512801782730007 0.556520548161459 0.584683990615782 0.727222921463444 0.659813817066687 0.564340892373543 0.582179979149676 0.604342696621565 0.692229647290038 0.764439763444916 0.704778638400286 0.677295356007658 0.63268648166052 0.604342696621565 0.597046541469582 0.63268648166052 0.677295356007658 0.768252454246048 0.750942918348638 0.725211235945878 0.668611723073134 0.650897004259043 0.650897004259043 0.657595949221429 0.702702702702703 0.725211235945878 0.750942918348638 0.844351316314233
"26" 0.630373177821114 0.540540540540541 0.275622676410421 0.483474157297252 0.216216216216216 0.27027027027027 0.512801782730007 0.411663411127779 0.315186588910557 0.194894663538594 0.461838040287434 0.341867855153338 0.152887952688983 0.241737078648626 0.393519453474623 0.489480277737158 0.328797974610715 0.170933927576669 0.0764439763444916 0.170933927576669 0.275622676410421 0.435797716124246 0.378378378378378 0.27027027027027 0.108108108108108 0 0.216216216216216 0.328797974610715 0.222870574357711 0.0764439763444916 0.0764439763444916 0.382219881722458 0.498353754448264 0.341867855153338 0.512801782730007 0.461838040287434 0.315186588910557 0.315186588910557 0.461838040287434 0.389789327077188 0.305775905377966 0.27027027027027 0.27027027027027 0.382219881722458 0.346114823645019 0.275622676410421 0.346114823645019 0.509944926057114 0.341867855153338 0.498353754448264 0.540540540540541 0.464990554975277 0.378378378378378 0.411663411127779 0.483474157297252 0.445741148715423 0.489480277737158 0.512801782730007 0.532370691988979 0.650897004259043 0.727222921463444 0.604342696621565 0.551245352820842 0.564340892373543 0.630373177821114 0.692229647290038 0.768252454246048 0.735214622093808 0.677295356007658 0.63268648166052 0.597046541469582 0.604342696621565 0.63268648166052 0.704778638400286 0.810810810810811 0.779578654154376 0.702702702702703 0.668611723073134 0.650897004259043 0.648648648648649 0.668611723073134 0.683735710306677 0.702702702702703 0.779578654154376
