"V1" "V2" "V3" "V4" "V5" "V6" "V7" "V8" "V9" "V10" "V11" "V12" "V13" "V14" "V15" "V16" "V17" "V18" "V19" "V20" "V21"
"1" 0 0.866552407669265 0.194894663538594 0.710970077727887 0.27027027027027 0.721171030493315 0.677295356007658 0.540540540540541 0.966948314594504 0.532370691988979 1.03975048982007 0.96240507106837 0.683735710306677 0.9173277161339 0.7980985437964 1.11435287178856 0.823326822255558 1.14665964516737 0.933117648736869 1.26190459783014 1.11304109632292
"2" 0.866552407669265 0 0.704778638400286 0.170933927576669 0.657595949221429 0.194894663538594 0.382219881722458 0.659813817066687 0.378378378378378 0.779578654154376 0.435797716124246 0.551245352820842 0.879936248437822 0.63268648166052 0.810810810810811 0.648648648648649 0.886552403613877 0.758684802573957 1.11435287178856 0.864864864864865 0.97447331769297
"3" 0.194894663538594 0.704778638400286 0 0.540540540540541 0.0764439763444916 0.543236520060589 0.483474157297252 0.362605617972939 0.773936273690614 0.382219881722458 0.846079775270191 0.768252454246048 0.543236520060589 0.727222921463444 0.63268648166052 0.920507371131157 0.668611723073134 0.956313838538061 0.810810810810811 1.07294233736644 0.944013470085026
"4" 0.710970077727887 0.170933927576669 0.540540540540541 0 0.489480277737158 0.0540540540540541 0.241737078648626 0.498353754448264 0.362605617972939 0.616311040594129 0.435797716124246 0.489480277737158 0.727222921463444 0.543236520060589 0.677295356007658 0.616311040594129 0.750942918348638 0.710970077727887 0.97447331769297 0.826868029231262 0.879936248437822
"5" 0.27027027027027 0.657595949221429 0.0764439763444916 0.489480277737158 0 0.486486486486486 0.411663411127779 0.291089989574838 0.702702702702703 0.324324324324324 0.773936273690614 0.692229647290038 0.486486486486486 0.650897004259043 0.564340892373543 0.844351316314233 0.604342696621565 0.879936248437822 0.758684802573957 0.996707508896528 0.873269968724514
"6" 0.721171030493315 0.194894663538594 0.543236520060589 0.0540540540540541 0.486486486486486 0 0.194894663538594 0.464990554975277 0.315186588910557 0.584683990615782 0.389789327077188 0.435797716124246 0.687995787100425 0.489480277737158 0.630373177821114 0.564340892373543 0.704778638400286 0.657595949221429 0.929981109950554 0.773936273690614 0.826868029231262
"7" 0.677295356007658 0.382219881722458 0.483474157297252 0.241737078648626 0.411663411127779 0.194894663538594 0 0.291089989574838 0.291089989574838 0.411663411127779 0.362605617972939 0.315186588910557 0.498353754448264 0.328797974610715 0.435797716124246 0.464990554975277 0.509944926057114 0.532370691988979 0.735214622093808 0.653137620194301 0.650897004259043
"8" 0.540540540540541 0.659813817066687 0.362605617972939 0.498353754448264 0.291089989574838 0.464990554975277 0.291089989574838 0 0.540540540540541 0.120868539324313 0.597046541469582 0.461838040287434 0.241737078648626 0.389789327077188 0.275622676410421 0.604342696621565 0.324324324324324 0.616311040594129 0.512801782730007 0.727222921463444 0.582179979149676
"9" 0.966948314594504 0.378378378378378 0.773936273690614 0.362605617972939 0.702702702702703 0.315186588910557 0.291089989574838 0.540540540540541 0 0.650897004259043 0.0764439763444916 0.194894663538594 0.683735710306677 0.305775905377966 0.556520548161459 0.27027027027027 0.630373177821114 0.382219881722458 0.854669637883346 0.486486486486486 0.630373177821114
"10" 0.532370691988979 0.779578654154376 0.382219881722458 0.616311040594129 0.324324324324324 0.584683990615782 0.411663411127779 0.120868539324313 0.650897004259043 0 0.702702702702703 0.551245352820842 0.162162162162162 0.461838040287434 0.27027027027027 0.683735710306677 0.291089989574838 0.677295356007658 0.435797716124246 0.779578654154376 0.584683990615782
"11" 1.03975048982007 0.435797716124246 0.846079775270191 0.435797716124246 0.773936273690614 0.389789327077188 0.362605617972939 0.597046541469582 0.0764439763444916 0.702702702702703 0 0.194894663538594 0.721171030493315 0.315186588910557 0.582179979149676 0.222870574357711 0.653137620194301 0.341867855153338 0.871595432248492 0.435797716124246 0.616311040594129
"12" 0.96240507106837 0.551245352820842 0.768252454246048 0.489480277737158 0.692229647290038 0.435797716124246 0.315186588910557 0.461838040287434 0.194894663538594 0.551245352820842 0.194894663538594 0 0.543236520060589 0.120868539324313 0.393519453474623 0.152887952688983 0.461838040287434 0.222870574357711 0.677295356007658 0.341867855153338 0.435797716124246
"13" 0.683735710306677 0.879936248437822 0.543236520060589 0.727222921463444 0.486486486486486 0.687995787100425 0.498353754448264 0.241737078648626 0.683735710306677 0.162162162162162 0.721171030493315 0.543236520060589 0 0.432432432432432 0.170933927576669 0.650897004259043 0.152887952688983 0.616311040594129 0.275622676410421 0.702702702702703 0.45866385806695
"14" 0.9173277161339 0.63268648166052 0.727222921463444 0.543236520060589 0.650897004259043 0.489480277737158 0.328797974610715 0.389789327077188 0.305775905377966 0.461838040287434 0.315186588910557 0.120868539324313 0.432432432432432 0 0.275622676410421 0.222870574357711 0.341867855153338 0.229331929033475 0.556520548161459 0.346114823645019 0.341867855153338
"15" 0.7980985437964 0.810810810810811 0.63268648166052 0.677295356007658 0.564340892373543 0.630373177821114 0.435797716124246 0.275622676410421 0.556520548161459 0.27027027027027 0.582179979149676 0.393519453474623 0.170933927576669 0.275622676410421 0 0.486486486486486 0.0764439763444916 0.445741148715423 0.305775905377967 0.532370691988979 0.315186588910557
"16" 1.11435287178856 0.648648648648649 0.920507371131157 0.616311040594129 0.844351316314233 0.564340892373543 0.464990554975277 0.604342696621565 0.27027027027027 0.683735710306677 0.222870574357711 0.152887952688983 0.650897004259043 0.222870574357711 0.486486486486486 0 0.543236520060589 0.120868539324313 0.735214622093808 0.216216216216216 0.422175658157116
"17" 0.823326822255558 0.886552403613877 0.668611723073134 0.750942918348638 0.604342696621565 0.704778638400286 0.509944926057114 0.324324324324324 0.630373177821114 0.291089989574838 0.653137620194301 0.461838040287434 0.152887952688983 0.341867855153338 0.0764439763444916 0.543236520060589 0 0.489480277737158 0.229331929033475 0.564340892373543 0.305775905377966
"18" 1.14665964516737 0.758684802573957 0.956313838538061 0.710970077727887 0.879936248437822 0.657595949221429 0.532370691988979 0.616311040594129 0.382219881722458 0.677295356007658 0.341867855153338 0.222870574357711 0.616311040594129 0.229331929033475 0.445741148715423 0.120868539324313 0.489480277737158 0 0.657595949221429 0.120868539324313 0.315186588910557
"19" 0.933117648736869 1.11435287178856 0.810810810810811 0.97447331769297 0.758684802573957 0.929981109950554 0.735214622093808 0.512801782730007 0.854669637883346 0.435797716124246 0.871595432248492 0.677295356007658 0.275622676410421 0.556520548161459 0.305775905377967 0.735214622093808 0.229331929033475 0.657595949221429 0 0.702702702702703 0.382219881722458
"20" 1.26190459783014 0.864864864864865 1.07294233736644 0.826868029231262 0.996707508896528 0.773936273690614 0.653137620194301 0.727222921463444 0.486486486486486 0.779578654154376 0.435797716124246 0.341867855153338 0.702702702702703 0.346114823645019 0.532370691988979 0.216216216216216 0.564340892373543 0.120868539324313 0.702702702702703 0 0.328797974610715
"21" 1.11304109632292 0.97447331769297 0.944013470085026 0.879936248437822 0.873269968724514 0.826868029231262 0.650897004259043 0.582179979149676 0.630373177821114 0.584683990615782 0.616311040594129 0.435797716124246 0.45866385806695 0.341867855153338 0.315186588910557 0.422175658157116 0.305775905377966 0.315186588910557 0.382219881722458 0.328797974610715 0
