"V1" "V2" "V3" "V4" "V5" "V6" "V7" "V8" "V9" "V10" "V11" "V12" "V13" "V14" "V15" "V16" "V17" "V18" "V19" "V20" "V21" "V22" "V23" "V24" "V25" "V26" "V27" "V28" "V29" "V30" "V31" "V32" "V33" "V34" "V35" "V36" "V37" "V38" "V39" "V40" "V41" "V42"
"1" 0 0.654598746219302 0.285700975207571 0.581172156587035 0.624749331827707 0.666209801487112 0.234479330200235 0.818298748667011 0.70353620777108 0.68903979783439 0.70002218373144 0.26642568783697 0.322295145794342 0.904169915100045 0.518165038037037 0.641961468295651 0.399974854249282 0.613496732012669 0.559829060457138 0.147816589599348 0.572352908399396 0.625287952722048 0.534811187351554 0.182985861895545 0.408809455652753 0.187751030133829 0.438134109377812 0.752087349685935 0.566379893666252 0.459457346594966 0.749007059873275 0.651125635768682 0.430049350006574 0.687725094771126 0.77561189973694 0.395589266265553 0.672837062641489 0.728256500110914 0.248125600588678 0.529485920554911 0.340522121759683 0.762487812654222
"2" 0.654598746219302 0 0.426598179275753 0.316582708275162 0.324081162559596 0.85939932939381 0.706568685696213 0.178318051221276 0.09823409894514 0.616528118405352 0.171749003402139 0.811115287548176 0.550763099062166 0.403369184337338 0.299556545329595 0.171325648222599 0.566824228604065 0.0710003584533202 0.826405327819807 0.522462376743977 0.0822459589642864 0.623576295969252 0.608498364459253 0.822573948893275 0.534993337734265 0.504915681381634 0.248374437276917 0.121258898424901 0.24251882550768 0.562602804904213 0.0951942447771571 0.408287447942952 0.499346233667711 0.603041623413083 0.599711725946667 0.613748981398731 0.199011882168788 0.377838478683273 0.891362122089219 0.413209694955187 0.792779673857012 0.888666378006513
"3" 0.285700975207571 0.426598179275753 0 0.491351128352693 0.339072163934151 0.541932846697419 0.454821232296494 0.603829636106351 0.450029063213967 0.44959554669452 0.429685045849743 0.384929313810244 0.414777686419885 0.62000154839442 0.232938440272122 0.478657976368274 0.212034822479089 0.369319180730497 0.468421110051668 0.139100206572554 0.34976978948032 0.40234138536074 0.328806872689963 0.468595572214385 0.470919864922905 0.253160213460552 0.180243813745968 0.50107250120532 0.285316731184165 0.250461445641557 0.513467513112703 0.590838035022337 0.192861272534937 0.444297692670465 0.516466054469762 0.242956132538731 0.516309931644952 0.442985427498526 0.532441246969336 0.253767159360811 0.371543660276416 0.612166153586402
"4" 0.581172156587035 0.316582708275162 0.491351128352693 0 0.587172252398572 1.02351716666482 0.522872744546119 0.366454495270401 0.414799846915142 0.849344378399913 0.482069796488854 0.815630568303502 0.333952738042883 0.719837378197435 0.51391006270135 0.158527257285673 0.695266379075925 0.352123831830254 0.958606015362743 0.504939333895529 0.28796116184127 0.832408059394644 0.786095618955758 0.701707911114478 0.277434110657746 0.393783627292281 0.388703808093023 0.430798115041996 0.487819574803424 0.718029216716706 0.379647570404208 0.106860957593076 0.651209450587276 0.838278325708042 0.863516749406703 0.732048740387762 0.157350701962423 0.667438026978564 0.766374250822847 0.622482135206723 0.840809703729139 1.07980602408934
"5" 0.624749331827707 0.324081162559596 0.339072163934151 0.587172252398572 0 0.566634119523079 0.775428936241848 0.469023709468483 0.265336565418875 0.294738277048996 0.190159967132151 0.669647245847728 0.684526426863241 0.288439801105206 0.110045392688115 0.478613426685454 0.343333711893026 0.257599507222088 0.560495359847842 0.477876833787993 0.30639741038794 0.313329986654082 0.324770162929031 0.807558553881554 0.709406002177462 0.558643521975924 0.237661341791546 0.305118282812454 0.100171492507817 0.309623468845249 0.356025612416544 0.692162469175633 0.268085829401128 0.280764762672723 0.279441636767438 0.39030173651736 0.513099085228602 0.105911455535275 0.870771028864482 0.137222078046978 0.610108534908107 0.578426383758586
"6" 0.666209801487112 0.85939932939381 0.541932846697419 1.02351716666482 0.566634119523079 0 0.899776305475016 1.02517187529192 0.82469825176264 0.312852329587902 0.755824657809943 0.476473094413799 0.931856666713382 0.782566512041292 0.559856814179594 0.974760817803514 0.330446321182544 0.788448614213799 0.115445117636574 0.600156918493504 0.809096005963713 0.259679233585888 0.250902193657148 0.786014913546743 1.00093371994753 0.759548741893748 0.646714610373254 0.868884389138449 0.620466207854322 0.306960481638365 0.913574376083338 1.12694469950396 0.374235554330357 0.326562519384193 0.416857408523141 0.301568609083825 1.01328810680162 0.592478118671244 0.816597771773528 0.448011763252726 0.364140237441985 0.107911991154415
"7" 0.234479330200235 0.706568685696213 0.454821232296494 0.522872744546119 0.775428936241848 0.899776305475016 0 0.840963489994278 0.779757740420736 0.895694583742388 0.800610028339598 0.48395731003754 0.190511137600384 1.03107288583453 0.665442457779243 0.635185360609749 0.617233937987233 0.687232404067121 0.794238054951613 0.328282437736717 0.629512335827928 0.838413940535299 0.751958914389487 0.215541578788473 0.267523999800896 0.218356083377876 0.550980498379083 0.82144857716657 0.696540472143298 0.6734482427077 0.800085450851622 0.557149078117423 0.632649264396475 0.892274114397416 0.970415326653316 0.620424291518262 0.655838371761702 0.881303640506476 0.265388150733874 0.708207049173564 0.570973725824686 0.994347707549403
"8" 0.818298748667011 0.178318051221276 0.603829636106351 0.366454495270401 0.469023709468483 1.02517187529192 0.840963489994278 0 0.203688483599236 0.762947879078837 0.283404992384021 0.98752288626385 0.667656245025319 0.443604187725821 0.467979330413705 0.214084491403636 0.742609914437768 0.244217101569348 0.998891541212263 0.692884451612738 0.254636999370233 0.780233044043909 0.775145392234575 0.978433838982523 0.631727706532681 0.65529319975206 0.42656889493218 0.169671323602658 0.404840610277302 0.734800826952924 0.113002506443815 0.423363216788605 0.673302721534831 0.748681455986518 0.727338081070489 0.790014890461903 0.209257242269976 0.493980578799381 1.04706223706944 0.577182686675285 0.97105824363389 1.04619419187532
"9" 0.70353620777108 0.09823409894514 0.450029063213967 0.414799846915142 0.265336565418875 0.82469825176264 0.779757740420736 0.203688483599236 0 0.559418741720723 0.0840275338755627 0.83248897047672 0.634295120251217 0.305149045195637 0.274281453604453 0.267577275954171 0.556245853536865 0.092801568084877 0.804453829104446 0.56325397892289 0.153544323400226 0.577089354520665 0.576045033953908 0.878433041301886 0.62527193282511 0.570105202628163 0.271407776332145 0.0513009409807819 0.207630894626341 0.541531975121009 0.0906997668830819 0.50583780534069 0.483586780111913 0.545209077875353 0.528201772367762 0.60456990220326 0.292048765089509 0.297916891456971 0.946795919584513 0.377756055454274 0.8009939633976 0.842918106758171
"10" 0.68903979783439 0.616528118405352 0.44959554669452 0.849344378399913 0.294738277048996 0.312852329587902 0.895694583742388 0.762947879078837 0.559418741720723 0 0.480869067631815 0.613188572377433 0.861809914680859 0.470978760824776 0.336545794787278 0.761538687422274 0.292344000028364 0.54774630329385 0.354588491333041 0.567446087352269 0.587431678403253 0.0766057582304944 0.16679268443984 0.854706933364933 0.909674165305331 0.702680030606776 0.463133049163853 0.5965270384087 0.377151576487246 0.231415515590778 0.650075466920621 0.956197733835989 0.263046599654072 0.0148466856190188 0.114455594161967 0.312250351548433 0.797963997653925 0.290183375540695 0.905167664451607 0.227825526345968 0.516337146945074 0.294672980665504
"11" 0.70002218373144 0.171749003402139 0.429685045849743 0.482069796488854 0.190159967132151 0.755824657809943 0.800610028339598 0.283404992384021 0.0840275338755627 0.480869067631815 0 0.802907648161537 0.669582876294108 0.244609977009218 0.22369465262045 0.342907676966798 0.505845442583235 0.132814918525866 0.743338150358732 0.5547753343335 0.200827853460254 0.50346836701328 0.51048709888643 0.879665788085339 0.670520253238005 0.585102006663549 0.262065057499207 0.115675717461152 0.15599456742337 0.483951412257107 0.171772552887709 0.578011128894212 0.430978457181935 0.466434685795621 0.44504883525942 0.554340504088255 0.370437023144408 0.21392900601245 0.947022806171391 0.314123984340685 0.761231278073095 0.768226563890858
"12" 0.26642568783697 0.811115287548176 0.384929313810244 0.815630568303502 0.669647245847728 0.476473094413799 0.48395731003754 0.98752288626385 0.83248897047672 0.613188572377433 0.802907648161537 0 0.587957842820802 0.956952509839972 0.584886522929977 0.844209941995356 0.342137034103091 0.754082934865352 0.361097786808962 0.312361020354565 0.732907826141656 0.537708929750067 0.446728379418957 0.321503395207256 0.673541964375992 0.438014966795882 0.56501824086241 0.883760902628277 0.649144201020455 0.397274271373571 0.898355535664876 0.897399458747506 0.409284005368116 0.617683778161119 0.721077344937987 0.306669716881339 0.879534865186832 0.757266195624726 0.342542072353866 0.540702619672124 0.112463268781846 0.583108475609937
"13" 0.322295145794342 0.550763099062166 0.414777686419885 0.333952738042883 0.684526426863241 0.931856666713382 0.190511137600384 0.667656245025319 0.634295120251217 0.861809914680859 0.669582876294108 0.587957842820802 0 0.910593914368044 0.578892293714955 0.456483473934276 0.615362988650063 0.54479858126866 0.838817879767638 0.332131179183532 0.48076333128805 0.817103610637691 0.74162819733278 0.388237530569348 0.0878871348102741 0.172322136794585 0.447319771447076 0.670480330041168 0.593224494115482 0.662151122159696 0.640256736439577 0.367671626931102 0.607530242471415 0.855398270379965 0.917410131863824 0.633063369802183 0.473407358401846 0.787386950251582 0.447183195949952 0.648937413111219 0.650639912345075 1.01441871264225
"14" 0.904169915100045 0.403369184337338 0.62000154839442 0.719837378197435 0.288439801105206 0.782566512041292 1.03107288583453 0.443604187725821 0.305149045195637 0.470978760824776 0.244609977009218 0.956952509839972 0.910593914368044 0 0.387350013432714 0.571308107343234 0.623714796362532 0.376873309876128 0.806016128508837 0.756354459787276 0.444974712464488 0.525865658709921 0.573525569712752 1.08699969594593 0.914699610173531 0.813032538425594 0.480621514458714 0.298017846216486 0.339105815364698 0.5811492997856 0.360069959768717 0.810272917504731 0.550566326369578 0.456757871401826 0.383439012499728 0.668362507116957 0.59260808051978 0.204468497026529 1.15195978134903 0.41756826676529 0.892167035918557 0.760604866705166
"15" 0.518165038037037 0.299556545329595 0.232938440272122 0.51391006270135 0.110045392688115 0.559856814179594 0.665442457779243 0.467979330413705 0.274281453604453 0.336545794787278 0.22369465262045 0.584886522929977 0.578892293714955 0.387350013432714 0 0.428061462340906 0.283278397303186 0.228592680233772 0.53137304684515 0.37061419031463 0.255306767509687 0.329678865954154 0.308965172648526 0.701150672748014 0.608660225798119 0.448933967091888 0.137073120710832 0.323201373617029 0.0681104143223233 0.26765407427157 0.358802353541078 0.620641934349793 0.209565847570054 0.324951043033942 0.354859416674286 0.331783832139192 0.465428037781747 0.215956714382459 0.765350899962492 0.115592352626701 0.538075404856173 0.591889819475052
"16" 0.641961468295651 0.171325648222599 0.478657976368274 0.158527257285673 0.478613426685454 0.974760817803514 0.635185360609749 0.214084491403636 0.267577275954171 0.761538687422274 0.342907676966798 0.844209941995356 0.456483473934276 0.571308107343234 0.428061462340906 0 0.659208807960396 0.223884202063229 0.925686004303856 0.534670646049791 0.174143608520324 0.757516604157989 0.726965794086963 0.788370064051527 0.417669252151806 0.465264179762498 0.329140420398578 0.276557161790953 0.385416505081956 0.66887000212191 0.22222278562408 0.239101245677174 0.602021105452431 0.748997934240762 0.757931718747634 0.702078643411052 0.0386561647408937 0.544282954291794 0.856079308334152 0.543180956098455 0.848416032205993 1.01713938659271
"17" 0.399974854249282 0.566824228604065 0.212034822479089 0.695266379075925 0.343333711893026 0.330446321182544 0.617233937987233 0.742609914437768 0.556245853536865 0.292344000028364 0.505845442583235 0.342137034103091 0.615362988650063 0.623714796362532 0.283278397303186 0.659208807960396 0 0.498469172304641 0.266652691608969 0.293034970231857 0.504023221917809 0.225502436803638 0.135201492391837 0.562398430770622 0.67833032434449 0.4452824633976 0.331098795087466 0.605928529679448 0.35133872709615 0.0609983150684022 0.637440302009856 0.797640909069562 0.075721302414287 0.292936203054031 0.389570530899837 0.048519488227236 0.697836974391276 0.420530656558108 0.61317839526146 0.207189469448128 0.268453005247161 0.401334586794656
"18" 0.613496732012669 0.0710003584533202 0.369319180730497 0.352123831830254 0.257599507222088 0.788448614213799 0.687232404067121 0.244217101569348 0.092801568084877 0.54774630329385 0.132814918525866 0.754082934865352 0.54479858126866 0.376873309876128 0.228592680233772 0.223884202063229 0.498469172304641 0 0.756487227349829 0.475457434818137 0.0681041395606485 0.553085224214215 0.53755273558025 0.786949382706776 0.540450373079994 0.477323915958372 0.189087553560191 0.138807829485264 0.172126488750545 0.492496366866393 0.144482115505116 0.451251034874027 0.429860283045099 0.534460883628062 0.535742893355171 0.545806419975832 0.256642859600737 0.32079683245058 0.855444217729825 0.342253032959047 0.730291596211317 0.817932286710212
"19" 0.559829060457138 0.826405327819807 0.468421110051668 0.958606015362743 0.560495359847842 0.115445117636574 0.794238054951613 0.998891541212263 0.804453829104446 0.354588491333041 0.743338150358732 0.361097786808962 0.838817879767638 0.806016128508837 0.53137304684515 0.925686004303856 0.266652691608969 0.756487227349829 0 0.507051289395767 0.767847397703827 0.285104842678606 0.236657547624058 0.672571917140851 0.91187985527377 0.666963910951511 0.597032087221714 0.851769834096174 0.596864513364493 0.264108850756997 0.890164040732261 1.05916933886138 0.327439676574971 0.3658106498623 0.46769015301726 0.226632667852105 0.964328864027249 0.606121588545432 0.701763916906909 0.429214289253353 0.248853309352437 0.222809263193567
"20" 0.147816589599348 0.522462376743977 0.139100206572554 0.504939333895529 0.477876833787993 0.600156918493504 0.328282437736717 0.692884451612738 0.56325397892289 0.567446087352269 0.5547753343335 0.312361020354565 0.332131179183532 0.756354459787276 0.37061419031463 0.534670646049791 0.293034970231857 0.475457434818137 0.507051289395767 0 0.440860233152997 0.510733582285423 0.426117667306837 0.330704795672891 0.405412989542757 0.159962739787593 0.294034240016503 0.612893464848463 0.418708617017799 0.346803962944802 0.615129185649266 0.591259321328865 0.304403409088672 0.564189535074209 0.644832253208648 0.304004467735881 0.569073245969748 0.582053658003678 0.395801341311352 0.389069269992365 0.340110504564314 0.685395696417973
"21" 0.572352908399396 0.0822459589642864 0.34976978948032 0.28796116184127 0.30639741038794 0.809096005963713 0.629512335827928 0.254636999370233 0.153544323400226 0.587431678403253 0.200827853460254 0.732907826141656 0.48076333128805 0.444974712464488 0.255306767509687 0.174143608520324 0.504023221917809 0.0681041395606485 0.767847397703827 0.440860233152997 0 0.584963869218286 0.559226679010581 0.740760529070639 0.473384612786099 0.424543980492092 0.176096848394804 0.192018897560136 0.211449984862553 0.506265924176123 0.177032344521777 0.389675000479793 0.440758067963902 0.574860680224427 0.585772871150718 0.549584891662812 0.210673531240388 0.380113699375511 0.809529823948803 0.370848851411096 0.719108182432375 0.846566066859948
"22" 0.625287952722048 0.623576295969252 0.40234138536074 0.832408059394644 0.313329986654082 0.259679233585888 0.838413940535299 0.780233044043909 0.577089354520665 0.0766057582304944 0.50346836701328 0.537708929750067 0.817103610637691 0.525865658709921 0.329678865954154 0.757516604157989 0.225502436803638 0.553085224214215 0.285104842678606 0.510733582285423 0.584963869218286 0 0.0933785876150698 0.786610013796265 0.870293319590887 0.653192291616197 0.443714670677781 0.618357301954819 0.38105883605572 0.165978085648024 0.667412383334082 0.938993982447504 0.209998546656197 0.0842143562775437 0.190054027376346 0.240007543235672 0.79503742814197 0.3328402667567 0.835195870455084 0.214335756175843 0.439887968784476 0.266012360882322
"23" 0.534811187351554 0.608498364459253 0.328806872689963 0.786095618955758 0.324770162929031 0.250902193657148 0.751958914389487 0.775145392234575 0.576045033953908 0.16679268443984 0.51048709888643 0.446728379418957 0.74162819733278 0.573525569712752 0.308965172648526 0.726965794086963 0.135201492391837 0.53755273558025 0.236657547624058 0.426117667306837 0.559226679010581 0.0933785876150698 0 0.6938432088743 0.799721920575374 0.574156879092804 0.401654256871066 0.621554679952046 0.37030970824322 0.079800850028011 0.66410189974819 0.891493799050448 0.138512503247785 0.170962091124613 0.275167083584499 0.146629097460732 0.765311952530912 0.371270981388082 0.741935461250396 0.19831436851917 0.352505742899442 0.293722383705614
"24" 0.182985861895545 0.822573948893275 0.468595572214385 0.701707911114478 0.807558553881554 0.786014913546743 0.215541578788473 0.978433838982523 0.878433041301886 0.854706933364933 0.879665788085339 0.321503395207256 0.388237530569348 1.08699969594593 0.701150672748014 0.788370064051527 0.562398430770622 0.786949382706776 0.672571917140851 0.330704795672891 0.740760529070639 0.786610013796265 0.6938432088743 0 0.473168225597826 0.323934916531657 0.617644387945157 0.92572875252866 0.748842506363231 0.623291738804118 0.917704489262749 0.75255875090498 0.602437379651843 0.854864007623704 0.947443356067171 0.548644615919816 0.815287487943004 0.910735973821108 0.068804380559737 0.709129681771574 0.427482330843307 0.889318093025444
"25" 0.408809455652753 0.534993337734265 0.470919864922905 0.277434110657746 0.709406002177462 1.00093371994753 0.267523999800896 0.631727706532681 0.62527193282511 0.909674165305331 0.670520253238005 0.673541964375992 0.0878871348102741 0.914699610173531 0.608660225798119 0.417669252151806 0.67833032434449 0.540450373079994 0.91187985527377 0.405412989542757 0.473384612786099 0.870293319590887 0.799721920575374 0.473168225597826 0 0.246786299485082 0.472645194776809 0.656238253354641 0.613500594256045 0.721209693452044 0.618765907052167 0.292353395247884 0.662915559606435 0.902161578453131 0.956707662489863 0.700029055202 0.42830818344749 0.808736512495216 0.529995992210816 0.689846824789581 0.732481351237866 1.07944175081324
"26" 0.187751030133829 0.504915681381634 0.253160213460552 0.393783627292281 0.558643521975924 0.759548741893748 0.218356083377876 0.65529319975206 0.570105202628163 0.702680030606776 0.585102006663549 0.438014966795882 0.172322136794585 0.813032538425594 0.448933967091888 0.465264179762498 0.4452824633976 0.477323915958372 0.666963910951511 0.159962739787593 0.424543980492092 0.653192291616197 0.574156879092804 0.323934916531657 0.246786299485082 0 0.332681959094013 0.614440308146675 0.478234515685774 0.494380341964815 0.59996643943109 0.464223313645236 0.443243545913408 0.697457889632819 0.767385281836319 0.461237082589111 0.493501656744336 0.664350333530884 0.392250456905476 0.500619365395684 0.487785450265196 0.842812270358288
"27" 0.438134109377812 0.248374437276917 0.180243813745968 0.388703808093023 0.237661341791546 0.646714610373254 0.550980498379083 0.42656889493218 0.271407776332145 0.463133049163853 0.262065057499207 0.56501824086241 0.447319771447076 0.480621514458714 0.137073120710832 0.329140420398578 0.331098795087466 0.189087553560191 0.597032087221714 0.294034240016503 0.176096848394804 0.443714670677781 0.401654256871066 0.617644387945157 0.472645194776809 0.332681959094013 0 0.322050224092248 0.147220450526571 0.340119262731407 0.333355918696859 0.495354261775958 0.273068730639696 0.452849021378147 0.491002039686962 0.375406994459888 0.367791656939285 0.340098869984273 0.684957750011677 0.235324211922596 0.544522913445 0.694664659817475
"28" 0.752087349685935 0.121258898424901 0.50107250120532 0.430798115041996 0.305118282812454 0.868884389138449 0.82144857716657 0.169671323602658 0.0513009409807819 0.5965270384087 0.115675717461152 0.883760902628277 0.670480330041168 0.298017846216486 0.323201373617029 0.276557161790953 0.605928529679448 0.138807829485264 0.851769834096174 0.612893464848463 0.192018897560136 0.618357301954819 0.621554679952046 0.92572875252866 0.656238253354641 0.614440308146675 0.322050224092248 0 0.255797911748095 0.589636134705769 0.0641374599476616 0.515339495407872 0.532754148281534 0.582077001254872 0.557746880971963 0.654332923226509 0.295260335581666 0.324311975369985 0.994240313250785 0.423641880715776 0.852065152979243 0.883514051767645
"29" 0.566379893666252 0.24251882550768 0.285316731184165 0.487819574803424 0.100171492507817 0.620466207854322 0.696540472143298 0.404840610277302 0.207630894626341 0.377151576487246 0.15599456742337 0.649144201020455 0.593224494115482 0.339105815364698 0.0681104143223233 0.385416505081956 0.35133872709615 0.172126488750545 0.596864513364493 0.418708617017799 0.211449984862553 0.38105883605572 0.37030970824322 0.748842506363231 0.613500594256045 0.478234515685774 0.147220450526571 0.255797911748095 0 0.333972929901188 0.294063627127187 0.593266316167768 0.277343355423237 0.364244250621006 0.37635959828115 0.399851483925404 0.421273749917558 0.19526376605414 0.814480492851732 0.172479471135405 0.605269852225996 0.646270089285398
"30" 0.459457346594966 0.562602804904213 0.250461445641557 0.718029216716706 0.309623468845249 0.306960481638365 0.6734482427077 0.734800826952924 0.541531975121009 0.231415515590778 0.483951412257107 0.397274271373571 0.662151122159696 0.5811492997856 0.26765407427157 0.66887000212191 0.0609983150684022 0.492496366866393 0.264108850756997 0.346803962944802 0.506265924176123 0.165978085648024 0.079800850028011 0.623291738804118 0.721209693452044 0.494380341964815 0.340119262731407 0.589636134705769 0.333972929901188 0 0.626397440114744 0.822395238708261 0.0672760978466132 0.231940431690896 0.329245404222746 0.0912682456891091 0.707477579897597 0.376740218308802 0.674168412369717 0.17282681443702 0.315480055577164 0.364725752327967
"31" 0.749007059873275 0.0951942447771571 0.513467513112703 0.379647570404208 0.356025612416544 0.913574376083338 0.800085450851622 0.113002506443815 0.0906997668830819 0.650075466920621 0.171772552887709 0.898355535664876 0.640256736439577 0.360069959768717 0.358802353541078 0.22222278562408 0.637440302009856 0.144482115505116 0.890164040732261 0.615129185649266 0.177032344521777 0.667412383334082 0.66410189974819 0.917704489262749 0.618765907052167 0.59996643943109 0.333355918696859 0.0641374599476616 0.294063627127187 0.626397440114744 0 0.458832244676231 0.56643166905498 0.635843483030543 0.616749712350445 0.685372741217644 0.236798273236503 0.384555241795394 0.986486222279386 0.4658571079902 0.87429120809386 0.933329763815882
"32" 0.651125635768682 0.408287447942952 0.590838035022337 0.106860957593076 0.692162469175633 1.12694469950396 0.557149078117423 0.423363216788605 0.50583780534069 0.956197733835989 0.578011128894212 0.897399458747506 0.367671626931102 0.810272917504731 0.620641934349793 0.239101245677174 0.797640909069562 0.451251034874027 1.05916933886138 0.591259321328865 0.389675000479793 0.938993982447504 0.891493799050448 0.75255875090498 0.292353395247884 0.464223313645236 0.495354261775958 0.515339495407872 0.593266316167768 0.822395238708261 0.458832244676231 0 0.755844215221881 0.945111101529785 0.969374148775076 0.833028253757964 0.222605355277449 0.769779694470595 0.813779658076833 0.729331232642005 0.930514443681651 1.18510564250247
"33" 0.430049350006574 0.499346233667711 0.192861272534937 0.651209450587276 0.268085829401128 0.374235554330357 0.632649264396475 0.673302721534831 0.483586780111913 0.263046599654072 0.430978457181935 0.409284005368116 0.607530242471415 0.550566326369578 0.209565847570054 0.602021105452431 0.075721302414287 0.429860283045099 0.327439676574971 0.304403409088672 0.440758067963902 0.209998546656197 0.138512503247785 0.602437379651843 0.662915559606435 0.443243545913408 0.273068730639696 0.532754148281534 0.277343355423237 0.0672760978466132 0.56643166905498 0.755844215221881 0 0.259948171063095 0.345717148786854 0.123804104314664 0.640648731637232 0.348642361976623 0.657734708776717 0.13304395903516 0.342361039986956 0.429982045132498
"34" 0.687725094771126 0.603041623413083 0.444297692670465 0.838278325708042 0.280764762672723 0.326562519384193 0.892274114397416 0.748681455986518 0.545209077875353 0.0148466856190188 0.466434685795621 0.617683778161119 0.855398270379965 0.456757871401826 0.324951043033942 0.748997934240762 0.292936203054031 0.534460883628062 0.3658106498623 0.564189535074209 0.574860680224427 0.0842143562775437 0.170962091124613 0.854864007623704 0.902161578453131 0.697457889632819 0.452849021378147 0.582077001254872 0.364244250621006 0.231940431690896 0.635843483030543 0.945111101529785 0.259948171063095 0 0.105923165867821 0.314973189704336 0.785290143982656 0.275342719744019 0.906106264674341 0.217771350421544 0.522266959862141 0.309501519876299
"35" 0.77561189973694 0.599711725946667 0.516466054469762 0.863516749406703 0.279441636767438 0.416857408523141 0.970415326653316 0.727338081070489 0.528201772367762 0.114455594161967 0.44504883525942 0.721077344937987 0.917410131863824 0.383439012499728 0.354859416674286 0.757931718747634 0.389570530899837 0.535742893355171 0.46769015301726 0.644832253208648 0.585772871150718 0.190054027376346 0.275167083584499 0.947443356067171 0.956707662489863 0.767385281836319 0.491002039686962 0.557746880971963 0.37635959828115 0.329245404222746 0.616749712350445 0.969374148775076 0.345717148786854 0.105923165867821 0 0.416109307710534 0.792063497913505 0.234120040375677 1.00105363926673 0.268490185924726 0.627423154208651 0.379816456351198
"36" 0.395589266265553 0.613748981398731 0.242956132538731 0.732048740387762 0.39030173651736 0.301568609083825 0.620424291518262 0.790014890461903 0.60456990220326 0.312250351548433 0.554340504088255 0.306669716881339 0.633063369802183 0.668362507116957 0.331783832139192 0.702078643411052 0.048519488227236 0.545806419975832 0.226632667852105 0.304004467735881 0.549584891662812 0.240007543235672 0.146629097460732 0.548644615919816 0.700029055202 0.461237082589111 0.375406994459888 0.654332923226509 0.399851483925404 0.0912682456891091 0.685372741217644 0.833028253757964 0.123804104314664 0.314973189704336 0.416109307710534 0 0.740638381233856 0.464470297847175 0.595588865213636 0.253512900242055 0.225022306322426 0.381638240007082
"37" 0.672837062641489 0.199011882168788 0.516309931644952 0.157350701962423 0.513099085228602 1.01328810680162 0.655838371761702 0.209257242269976 0.292048765089509 0.797963997653925 0.370437023144408 0.879534865186832 0.473407358401846 0.59260808051978 0.465428037781747 0.0386561647408937 0.697836974391276 0.256642859600737 0.964328864027249 0.569073245969748 0.210673531240388 0.79503742814197 0.765311952530912 0.815287487943004 0.42830818344749 0.493501656744336 0.367791656939285 0.295260335581666 0.421273749917558 0.707477579897597 0.236798273236503 0.222605355277449 0.640648731637232 0.785290143982656 0.792063497913505 0.740638381233856 0 0.575538539991873 0.88254929981777 0.580725838691475 0.885478981555531 1.05517358685448
"38" 0.728256500110914 0.377838478683273 0.442985427498526 0.667438026978564 0.105911455535275 0.592478118671244 0.881303640506476 0.493980578799381 0.297916891456971 0.290183375540695 0.21392900601245 0.757266195624726 0.787386950251582 0.204468497026529 0.215956714382459 0.544282954291794 0.420530656558108 0.32079683245058 0.606121588545432 0.582053658003678 0.380113699375511 0.3328402667567 0.371270981388082 0.910735973821108 0.808736512495216 0.664350333530884 0.340098869984273 0.324311975369985 0.19526376605414 0.376740218308802 0.384555241795394 0.769779694470595 0.348642361976623 0.275342719744019 0.234120040375677 0.464470297847175 0.575538539991873 0 0.973141525652478 0.216592722372453 0.688840347339281 0.584817974035472
"39" 0.248125600588678 0.891362122089219 0.532441246969336 0.766374250822847 0.870771028864482 0.816597771773528 0.265388150733874 1.04706223706944 0.946795919584513 0.905167664451607 0.947022806171391 0.342542072353866 0.447183195949952 1.15195978134903 0.765350899962492 0.856079308334152 0.61317839526146 0.855444217729825 0.701763916906909 0.395801341311352 0.809529823948803 0.835195870455084 0.741935461250396 0.068804380559737 0.529995992210816 0.392250456905476 0.684957750011677 0.994240313250785 0.814480492851732 0.674168412369717 0.986486222279386 0.813779658076833 0.657734708776717 0.906106264674341 1.00105363926673 0.595588865213636 0.88254929981777 0.973141525652478 0 0.768665784163189 0.453349739997641 0.921872846146377
"40" 0.529485920554911 0.413209694955187 0.253767159360811 0.622482135206723 0.137222078046978 0.448011763252726 0.708207049173564 0.577182686675285 0.377756055454274 0.227825526345968 0.314123984340685 0.540702619672124 0.648937413111219 0.41756826676529 0.115592352626701 0.543180956098455 0.207189469448128 0.342253032959047 0.429214289253353 0.389069269992365 0.370848851411096 0.214335756175843 0.19831436851917 0.709129681771574 0.689846824789581 0.500619365395684 0.235324211922596 0.423641880715776 0.172479471135405 0.17282681443702 0.4658571079902 0.729331232642005 0.13304395903516 0.217771350421544 0.268490185924726 0.253512900242055 0.580725838691475 0.216592722372453 0.768665784163189 0 0.475220837503714 0.47646665794523
"41" 0.340522121759683 0.792779673857012 0.371543660276416 0.840809703729139 0.610108534908107 0.364140237441985 0.570973725824686 0.97105824363389 0.8009939633976 0.516337146945074 0.761231278073095 0.112463268781846 0.650639912345075 0.892167035918557 0.538075404856173 0.848416032205993 0.268453005247161 0.730291596211317 0.248853309352437 0.340110504564314 0.719108182432375 0.439887968784476 0.352505742899442 0.427482330843307 0.732481351237866 0.487785450265196 0.544522913445 0.852065152979243 0.605269852225996 0.315480055577164 0.87429120809386 0.930514443681651 0.342361039986956 0.522266959862141 0.627423154208651 0.225022306322426 0.885478981555531 0.688840347339281 0.453349739997641 0.475220837503714 0 0.47065318382521
"42" 0.762487812654222 0.888666378006513 0.612166153586402 1.07980602408934 0.578426383758586 0.107911991154415 0.994347707549403 1.04619419187532 0.842918106758171 0.294672980665504 0.768226563890858 0.583108475609937 1.01441871264225 0.760604866705166 0.591889819475052 1.01713938659271 0.401334586794656 0.817932286710212 0.222809263193567 0.685395696417973 0.846566066859948 0.266012360882322 0.293722383705614 0.889318093025444 1.07944175081324 0.842812270358288 0.694664659817475 0.883514051767645 0.646270089285398 0.364725752327967 0.933329763815882 1.18510564250247 0.429982045132498 0.309501519876299 0.379816456351198 0.381638240007082 1.05517358685448 0.584817974035472 0.921872846146377 0.47646665794523 0.47065318382521 0
