"V1" "V2" "V3" "V4" "V5" "V6" "V7" "V8" "V9" "V10" "V11" "V12" "V13" "V14" "V15" "V16" "V17" "V18" "V19" "V20" "V21"
"1" 0 0.170933927576669 0.866552407669265 0.721171030493315 0.275622676410421 0.464990554975277 0.957840278198343 0.45866385806695 0.923676080574868 0.692229647290038 0.687995787100425 0.604342696621565 0.920507371131157 0.750942918348638 1.16936798123156 0.899638755518553 1.04953988318636 1.26190459783014 0.925256365871551 0.993771692478391 1.06611259044951
"2" 0.170933927576669 0 0.702702702702703 0.551245352820842 0.241737078648626 0.305775905377967 0.787038906949245 0.315186588910557 0.752885852820763 0.535107834411441 0.54054054054054 0.543236520060589 0.764439763444916 0.63268648166052 1.00546352636423 0.773936273690614 0.918918918918919 1.1090964610099 0.866552407669265 0.891482297430846 0.944013470085026
"3" 0.866552407669265 0.702702702702703 0 0.194894663538594 0.839144578176217 0.532370691988979 0.222870574357711 0.604342696621565 0.27027027027027 0.498353754448264 0.574602476364035 0.929981109950554 0.564340892373543 0.768252454246048 0.604342696621565 0.7980985437964 0.854669637883346 0.812610615047184 1.14920495272807 0.992300527064098 0.923676080574868
"4" 0.721171030493315 0.551245352820842 0.194894663538594 0 0.657595949221429 0.341867855153338 0.241737078648626 0.411663411127779 0.229331929033475 0.315186588910557 0.389789327077188 0.735214622093808 0.432432432432432 0.584683990615782 0.556520548161459 0.63268648166052 0.710970077727887 0.735214622093808 0.96240507106837 0.823326822255558 0.773936273690614
"5" 0.275622676410421 0.241737078648626 0.839144578176217 0.657595949221429 0 0.324324324324324 0.864864864864865 0.275622676410421 0.812610615047184 0.512801782730007 0.483474157297252 0.328797974610715 0.725211235945878 0.498353754448264 0.993771692478391 0.650897004259043 0.803571283638838 1.04953988318636 0.650897004259043 0.725211235945878 0.810810810810811
"6" 0.464990554975277 0.305775905377967 0.532370691988979 0.341867855153338 0.324324324324324 0 0.540540540540541 0.0764439763444916 0.489480277737158 0.229331929033475 0.241737078648626 0.422175658157116 0.45866385806695 0.378378378378378 0.704778638400286 0.498353754448264 0.63268648166052 0.803571283638838 0.702702702702703 0.648648648648649 0.668611723073134
"7" 0.957840278198343 0.787038906949245 0.222870574357711 0.241737078648626 0.864864864864865 0.540540540540541 0 0.597046541469582 0.0764439763444916 0.411663411127779 0.483474157297252 0.873269968724514 0.389789327077188 0.659813817066687 0.382219881722458 0.650897004259043 0.677295356007658 0.594594594594595 1.03834447093506 0.844351316314233 0.750942918348638
"8" 0.45866385806695 0.315186588910557 0.604342696621565 0.411663411127779 0.275622676410421 0.0764439763444916 0.597046541469582 0 0.540540540540541 0.241737078648626 0.229331929033475 0.346114823645019 0.464990554975277 0.328797974610715 0.725211235945878 0.461838040287434 0.604342696621565 0.803571283638838 0.63268648166052 0.597046541469582 0.63268648166052
"9" 0.923676080574868 0.752885852820763 0.27027027027027 0.229331929033475 0.812610615047184 0.489480277737158 0.0764439763444916 0.540540540540541 0 0.341867855153338 0.411663411127779 0.803571283638838 0.315186588910557 0.584683990615782 0.341867855153338 0.574602476364035 0.604342696621565 0.543236520060589 0.96240507106837 0.768252454246048 0.677295356007658
"10" 0.692229647290038 0.535107834411441 0.498353754448264 0.315186588910557 0.512801782730007 0.229331929033475 0.411663411127779 0.241737078648626 0.341867855153338 0 0.0764439763444916 0.461838040287434 0.229331929033475 0.27027027027027 0.483474157297252 0.328797974610715 0.435797716124246 0.574602476364035 0.650897004259043 0.512801782730007 0.486486486486486
"11" 0.687995787100425 0.54054054054054 0.574602476364035 0.389789327077188 0.483474157297252 0.241737078648626 0.483474157297252 0.229331929033475 0.411663411127779 0.0764439763444916 0 0.393519453474623 0.241737078648626 0.194894663538594 0.512801782730008 0.27027027027027 0.393519453474623 0.574602476364035 0.574602476364035 0.445741148715423 0.435797716124246
"12" 0.604342696621565 0.543236520060589 0.929981109950554 0.735214622093808 0.328797974610715 0.422175658157116 0.873269968724514 0.346114823645019 0.803571283638838 0.461838040287434 0.393519453474623 0 0.594594594594595 0.275622676410421 0.866552407669265 0.411663411127779 0.556520548161459 0.854669637883346 0.324324324324324 0.422175658157116 0.540540540540541
"13" 0.920507371131157 0.764439763444916 0.564340892373543 0.432432432432432 0.725211235945878 0.45866385806695 0.389789327077188 0.464990554975277 0.315186588910557 0.229331929033475 0.241737078648626 0.594594594594595 0 0.328797974610715 0.275622676410421 0.27027027027027 0.291089989574838 0.346114823645019 0.677295356007658 0.45866385806695 0.362605617972939
"14" 0.750942918348638 0.63268648166052 0.768252454246048 0.584683990615782 0.498353754448264 0.378378378378378 0.659813817066687 0.328797974610715 0.584683990615782 0.27027027027027 0.194894663538594 0.275622676410421 0.328797974610715 0 0.594594594594595 0.152887952688983 0.305775905377966 0.582179979149676 0.382219881722458 0.27027027027027 0.315186588910557
"15" 1.16936798123156 1.00546352636423 0.604342696621565 0.556520548161459 0.993771692478391 0.704778638400286 0.382219881722458 0.725211235945878 0.341867855153338 0.483474157297252 0.512801782730008 0.866552407669265 0.275622676410421 0.594594594594595 0 0.498353754448264 0.435797716124246 0.222870574357711 0.906111060229201 0.653137620194301 0.509944926057114
"16" 0.899638755518553 0.773936273690614 0.7980985437964 0.63268648166052 0.650897004259043 0.498353754448264 0.650897004259043 0.461838040287434 0.574602476364035 0.328797974610715 0.27027027027027 0.411663411127779 0.27027027027027 0.152887952688983 0.498353754448264 0 0.152887952688983 0.445741148715423 0.411663411127779 0.194894663538594 0.170933927576669
"17" 1.04953988318636 0.918918918918919 0.854669637883346 0.710970077727887 0.803571283638838 0.63268648166052 0.677295356007658 0.604342696621565 0.604342696621565 0.435797716124246 0.393519453474623 0.556520548161459 0.291089989574838 0.305775905377966 0.435797716124246 0.152887952688983 0 0.324324324324324 0.489480277737158 0.222870574357711 0.0764439763444916
"18" 1.26190459783014 1.1090964610099 0.812610615047184 0.735214622093808 1.04953988318636 0.803571283638838 0.594594594594595 0.803571283638838 0.543236520060589 0.574602476364035 0.574602476364035 0.854669637883346 0.346114823645019 0.582179979149676 0.222870574357711 0.445741148715423 0.324324324324324 0 0.812610615047184 0.543236520060589 0.382219881722458
"19" 0.925256365871551 0.866552407669265 1.14920495272807 0.96240507106837 0.650897004259043 0.702702702702703 1.03834447093506 0.63268648166052 0.96240507106837 0.650897004259043 0.574602476364035 0.324324324324324 0.677295356007658 0.382219881722458 0.906111060229201 0.411663411127779 0.489480277737158 0.812610615047184 0 0.27027027027027 0.432432432432432
"20" 0.993771692478391 0.891482297430846 0.992300527064098 0.823326822255558 0.725211235945878 0.648648648648649 0.844351316314233 0.597046541469582 0.768252454246048 0.512801782730007 0.445741148715423 0.422175658157116 0.45866385806695 0.27027027027027 0.653137620194301 0.194894663538594 0.222870574357711 0.543236520060589 0.27027027027027 0 0.162162162162162
"21" 1.06611259044951 0.944013470085026 0.923676080574868 0.773936273690614 0.810810810810811 0.668611723073134 0.750942918348638 0.63268648166052 0.677295356007658 0.486486486486486 0.435797716124246 0.540540540540541 0.362605617972939 0.315186588910557 0.509944926057114 0.170933927576669 0.0764439763444916 0.382219881722458 0.432432432432432 0.162162162162162 0
