"V1" "V2" "V3" "V4" "V5" "V6" "V7" "V8" "V9" "V10" "V11" "V12" "V13" "V14" "V15" "V16" "V17" "V18" "V19" "V20" "V21"
"1" 0 0.185027215295059 0.883292937856485 0.828122107626938 0.502500237834934 0.286626987865251 0.390888988351028 0.146037962325308 0.524520290737426 0.898667298492043 0.250812427083038 0.261492415370059 0.331353740155704 0.748394807805185 0.608575892918648 0.790840976882485 0.874071791515393 0.717423677145085 0.929662420170434 0.534154042183643 0.273248387339937
"2" 0.185027215295059 0 0.713565663510363 0.67719908341123 0.324673103533304 0.114539145372397 0.233075472204255 0.198705782588847 0.583000816332478 0.713654106404175 0.247095986425891 0.262391294405416 0.149166074529423 0.733986677109099 0.55880149517087 0.623509432543276 0.742677346262615 0.536470875260621 0.85965420787031 0.369686429732161 0.147930135653912
"3" 0.883292937856485 0.713565663510363 0 0.166048865605187 0.542777966103556 0.665759064463038 0.663010877904576 0.904380592739873 0.929689674475933 0.333866640558037 0.732320388135442 0.737079549723445 0.609508569591696 0.793360095032232 0.623163567234672 0.0943310697268201 0.295623420979873 0.460884026644054 0.642768707065196 0.349513661910255 0.615645786863965
"4" 0.828122107626938 0.67719908341123 0.166048865605187 0 0.584985040721739 0.655862486371864 0.682883004809187 0.875340659065011 0.793614173159289 0.481944366291014 0.6412570584571 0.643012320673967 0.603376266158463 0.632457519319333 0.473164958866754 0.135354979377384 0.139130162411737 0.561527861125976 0.478748715900915 0.312556512705215 0.554916708729694
"5" 0.502500237834934 0.324673103533304 0.542777966103556 0.584985040721739 0 0.215888158512078 0.138626463312933 0.44743919750517 0.850795727863198 0.421024460988608 0.520877441988159 0.534832184618583 0.176563492958328 0.910307479327159 0.70848273896029 0.476602262720746 0.699418954184355 0.216403495380675 0.936921912248178 0.314040931082675 0.357385084857112
"6" 0.286626987865251 0.114539145372397 0.665759064463038 0.655862486371864 0.215888158512078 0 0.120228211164379 0.246980269505652 0.68634320023593 0.622027026820025 0.347640734224284 0.36284242546114 0.0566916839640139 0.808873769874438 0.621154185655895 0.581483486292184 0.740308997662962 0.431363857732972 0.901983148807645 0.343707359662194 0.209229841173211
"7" 0.390888988351028 0.233075472204255 0.663010877904576 0.682883004809187 0.138626463312933 0.120228211164379 0 0.31557337708033 0.805128663856433 0.559309583273752 0.466526863425934 0.481628688026932 0.120516724266226 0.912806447908766 0.718930772788456 0.588436025980162 0.783969924595912 0.3480277247228 0.981921678355467 0.383007608296247 0.319539627710739
"8" 0.146037962325308 0.198705782588847 0.904380592739873 0.875340659065011 0.44743919750517 0.246980269505652 0.31557337708033 0 0.669372856329817 0.864924601359375 0.374428879352806 0.387441963848584 0.302878268289123 0.879095877570858 0.724422858522139 0.816441679969117 0.940781837760212 0.662282690509103 1.03818858472844 0.565873101581343 0.33818542869426
"9" 0.524520290737426 0.583000816332478 0.929689674475933 0.793614173159289 0.850795727863198 0.68634320023593 0.805128663856433 0.669372856329817 0 1.11410439929527 0.338712617949119 0.323545203830635 0.692324114304592 0.316965353463461 0.3341063835473 0.843436422408459 0.750579088271079 1.01996802717958 0.597644325065045 0.657306360024331 0.494368909896214
"10" 0.898667298492043 0.713654106404175 0.333866640558037 0.481944366291014 0.421024460988608 0.622027026820025 0.559309583273752 0.864924601359375 1.11410439929527 0 0.836547413422898 0.846659694001505 0.570256516920509 1.05458851234905 0.860492090514221 0.35108730006866 0.620304556113556 0.226992806496934 0.955757339076761 0.456834759666379 0.680002518035707
"11" 0.250812427083038 0.247095986425891 0.732320388135442 0.6412570584571 0.520877441988159 0.347640734224284 0.466526863425934 0.374428879352806 0.338712617949119 0.836547413422898 0 0.0153211076855118 0.355535448813295 0.504841481769662 0.357877889802454 0.638188299486328 0.659999678666493 0.706958416597285 0.680024899572934 0.397720940774471 0.165491752262016
"12" 0.261492415370059 0.262391294405416 0.737079549723445 0.643012320673967 0.534832184618583 0.36284242546114 0.481628688026932 0.387441963848584 0.323545203830635 0.846659694001505 0.0153211076855118 0 0.370253179569031 0.491655165666989 0.348082118907118 0.643098358842358 0.658503733383432 0.719536407598304 0.671033010558922 0.405201652739219 0.178656340553287
"13" 0.331353740155704 0.149166074529423 0.609508569591696 0.603376266158463 0.176563492958328 0.0566916839640139 0.120516724266226 0.302878268289123 0.692324114304592 0.570256516920509 0.355535448813295 0.370253179569031 0 0.792310206054955 0.599069058186981 0.525892136743417 0.691981794199259 0.38734128968545 0.868406942903513 0.292437243841919 0.201161514613571
"14" 0.748394807805185 0.733986677109099 0.793360095032232 0.632457519319333 0.910307479327159 0.808873769874438 0.912806447908766 0.879095877570858 0.316965353463461 1.05458851234905 0.504841481769662 0.491655165666989 0.792310206054955 0 0.203909016045762 0.725836714354086 0.542905978922742 1.0259289943311 0.295030083772616 0.632269171478012 0.600018652078832
"15" 0.608575892918648 0.55880149517087 0.623163567234672 0.473164958866754 0.70848273896029 0.621154185655895 0.718930772788456 0.724422858522139 0.3341063835473 0.860492090514221 0.357877889802454 0.348082118907118 0.599069058186981 0.203909016045762 0 0.546162634382628 0.417165122597865 0.822531822209043 0.324200936524002 0.429027226143423 0.416133049733916
"16" 0.790840976882485 0.623509432543276 0.0943310697268201 0.135354979377384 0.476602262720746 0.581483486292184 0.588436025980162 0.816441679969117 0.843436422408459 0.35108730006866 0.638188299486328 0.643098358842358 0.525892136743417 0.725836714354086 0.546162634382628 0 0.274140063256102 0.429429874541366 0.604749519180059 0.256688007637028 0.522042090185412
"17" 0.874071791515393 0.742677346262615 0.295623420979873 0.139130162411737 0.699418954184355 0.740308997662962 0.783969924595912 0.940781837760212 0.750579088271079 0.620304556113556 0.659999678666493 0.658503733383432 0.691981794199259 0.542905978922742 0.417165122597865 0.274140063256102 0 0.69591951810534 0.349570668602833 0.401615484215997 0.6064621619588
"18" 0.717423677145085 0.536470875260621 0.460884026644054 0.561527861125976 0.216403495380675 0.431363857732972 0.3480277247228 0.662282690509103 1.01996802717958 0.226992806496934 0.706958416597285 0.719536407598304 0.38734128968545 1.0259289943311 0.822531822209043 0.429429874541366 0.69591951810534 0 0.991895949734399 0.393668119555889 0.541777299575925
"19" 0.929662420170434 0.85965420787031 0.642768707065196 0.478748715900915 0.936921912248178 0.901983148807645 0.981921678355467 1.03818858472844 0.597644325065045 0.955757339076761 0.680024899572934 0.671033010558922 0.868406942903513 0.295030083772616 0.324200936524002 0.604749519180059 0.349570668602833 0.991895949734399 0 0.624257693288773 0.711998348546386
"20" 0.534154042183643 0.369686429732161 0.349513661910255 0.312556512705215 0.314040931082675 0.343707359662194 0.383007608296247 0.565873101581343 0.657306360024331 0.456834759666379 0.397720940774471 0.405201652739219 0.292437243841919 0.632269171478012 0.429027226143423 0.256688007637028 0.401615484215997 0.393668119555889 0.624257693288773 0 0.266735317197604
"21" 0.273248387339937 0.147930135653912 0.615645786863965 0.554916708729694 0.357385084857112 0.209229841173211 0.319539627710739 0.33818542869426 0.494368909896214 0.680002518035707 0.165491752262016 0.178656340553287 0.201161514613571 0.600018652078832 0.416133049733916 0.522042090185412 0.6064621619588 0.541777299575925 0.711998348546386 0.266735317197604 0
