"V1" "V2" "V3" "V4" "V5" "V6" "V7" "V8" "V9" "V10" "V11" "V12" "V13" "V14" "V15" "V16" "V17" "V18" "V19" "V20" "V21"
"1" 0 0.704778638400286 0.152887952688983 0.986393923832144 0.315186588910557 0.556520548161459 0.341867855153338 0.464990554975277 0.540540540540541 1.03975048982007 0.768252454246048 0.879936248437822 0.7980985437964 1.03270125267799 0.773936273690614 1.00546352636423 0.920507371131157 0.957840278198343 1.03975048982007 1.15680727346123 1.33831550304216
"2" 0.704778638400286 0 0.597046541469582 0.291089989574838 0.582179979149676 0.305775905377967 0.653137620194301 0.540540540540541 0.535107834411441 0.483474157297252 0.582179979149676 0.604342696621565 0.725211235945878 0.650897004259043 0.886552403613877 0.764439763444916 1.08108108108108 0.966948314594504 0.891482297430846 0.864864864864865 0.906111060229201
"3" 0.152887952688983 0.597046541469582 0 0.866552407669265 0.170933927576669 0.411663411127779 0.216216216216216 0.315186588910557 0.389789327077188 0.894753803094424 0.616311040594129 0.727222921463444 0.653137620194301 0.879936248437822 0.650897004259043 0.854669637883346 0.812610615047184 0.826868029231262 0.894753803094424 1.00546352636423 1.18549795672764
"4" 0.986393923832144 0.291089989574838 0.866552407669265 0 0.817986267590354 0.498353754448264 0.879936248437822 0.735214622093808 0.702702702702703 0.328797974610715 0.650897004259043 0.616311040594129 0.803571283638838 0.582179979149676 1.00546352636423 0.750942918348638 1.19041705651596 1.03270125267799 0.899638755518553 0.803571283638838 0.756756756756757
"5" 0.315186588910557 0.582179979149676 0.170933927576669 0.817986267590354 0 0.324324324324324 0.0764439763444916 0.152887952688983 0.229331929033475 0.787038906949245 0.45866385806695 0.574602476364035 0.483474157297252 0.735214622093808 0.486486486486486 0.692229647290038 0.657595949221429 0.657595949221429 0.725211235945878 0.844351316314233 1.03834447093506
"6" 0.556520548161459 0.305775905377967 0.411663411127779 0.498353754448264 0.324324324324324 0 0.382219881722458 0.241737078648626 0.229331929033475 0.483474157297252 0.324324324324324 0.393519453474623 0.445741148715423 0.509944926057114 0.584683990615782 0.551245352820842 0.779578654154376 0.683735710306677 0.648648648648649 0.683735710306677 0.810810810810811
"7" 0.341867855153338 0.653137620194301 0.216216216216216 0.879936248437822 0.0764439763444916 0.382219881722458 0 0.170933927576669 0.241737078648626 0.826868029231262 0.464990554975277 0.584683990615782 0.464990554975277 0.750942918348638 0.435797716124246 0.687995787100425 0.597046541469582 0.616311040594129 0.704778638400286 0.840883739789408 1.04953988318636
"8" 0.464990554975277 0.540540540540541 0.315186588910557 0.735214622093808 0.152887952688983 0.241737078648626 0.170933927576669 0 0.0764439763444916 0.657595949221429 0.305775905377966 0.422175658157116 0.341867855153338 0.584683990615782 0.393519453474623 0.54054054054054 0.582179979149676 0.540540540540541 0.582179979149676 0.692229647290038 0.886552403613877
"9" 0.540540540540541 0.535107834411441 0.389789327077188 0.702702702702703 0.229331929033475 0.229331929033475 0.241737078648626 0.0764439763444916 0 0.597046541469582 0.229331929033475 0.346114823645019 0.275622676410421 0.509944926057114 0.362605617972939 0.464990554975277 0.556520548161459 0.489480277737158 0.512801782730007 0.616311040594129 0.810810810810811
"10" 1.03975048982007 0.483474157297252 0.894753803094424 0.328797974610715 0.787038906949245 0.483474157297252 0.826868029231262 0.657595949221429 0.597046541469582 0 0.445741148715423 0.362605617972939 0.582179979149676 0.27027027027027 0.803571283638838 0.45866385806695 0.966948314594504 0.779578654154376 0.611551810755933 0.483474157297252 0.435797716124246
"11" 0.768252454246048 0.582179979149676 0.616311040594129 0.650897004259043 0.45866385806695 0.324324324324324 0.464990554975277 0.305775905377966 0.229331929033475 0.445741148715423 0 0.120868539324313 0.152887952688983 0.291089989574838 0.362605617972939 0.241737078648626 0.540540540540541 0.389789327077188 0.324324324324324 0.389789327077188 0.584683990615782
"12" 0.879936248437822 0.604342696621565 0.727222921463444 0.616311040594129 0.574602476364035 0.393519453474623 0.584683990615782 0.422175658157116 0.346114823645019 0.362605617972939 0.120868539324313 0 0.222870574357711 0.170933927576669 0.445741148715423 0.162162162162162 0.604342696621565 0.422175658157116 0.291089989574838 0.291089989574838 0.464990554975277
"13" 0.7980985437964 0.725211235945878 0.653137620194301 0.803571283638838 0.483474157297252 0.445741148715423 0.464990554975277 0.341867855153338 0.275622676410421 0.582179979149676 0.152887952688983 0.222870574357711 0 0.378378378378378 0.222870574357711 0.241737078648626 0.389789327077188 0.241737078648626 0.241737078648626 0.389789327077188 0.63268648166052
"14" 1.03270125267799 0.650897004259043 0.879936248437822 0.582179979149676 0.735214622093808 0.509944926057114 0.750942918348638 0.584683990615782 0.509944926057114 0.27027027027027 0.291089989574838 0.170933927576669 0.378378378378378 0 0.597046541469582 0.194894663538594 0.735214622093808 0.532370691988979 0.346114823645019 0.222870574357711 0.305775905377967
"15" 0.773936273690614 0.886552403613877 0.650897004259043 1.00546352636423 0.486486486486486 0.584683990615782 0.435797716124246 0.393519453474623 0.362605617972939 0.803571283638838 0.362605617972939 0.445741148715423 0.222870574357711 0.597046541469582 0 0.435797716124246 0.194894663538594 0.194894663538594 0.362605617972939 0.564340892373543 0.826868029231262
"16" 1.00546352636423 0.764439763444916 0.854669637883346 0.750942918348638 0.692229647290038 0.551245352820842 0.687995787100425 0.54054054054054 0.464990554975277 0.45866385806695 0.241737078648626 0.162162162162162 0.241737078648626 0.194894663538594 0.435797716124246 0 0.551245352820842 0.341867855153338 0.152887952688983 0.152887952688983 0.393519453474623
"17" 0.920507371131157 1.08108108108108 0.812610615047184 1.19041705651596 0.657595949221429 0.779578654154376 0.597046541469582 0.582179979149676 0.556520548161459 0.966948314594504 0.540540540540541 0.604342696621565 0.389789327077188 0.735214622093808 0.194894663538594 0.551245352820842 0 0.216216216216216 0.432432432432432 0.648648648648649 0.918918918918919
"18" 0.957840278198343 0.966948314594504 0.826868029231262 1.03270125267799 0.657595949221429 0.683735710306677 0.616311040594129 0.540540540540541 0.489480277737158 0.779578654154376 0.389789327077188 0.422175658157116 0.241737078648626 0.532370691988979 0.194894663538594 0.341867855153338 0.216216216216216 0 0.216216216216216 0.432432432432432 0.702702702702703
"19" 1.03975048982007 0.891482297430846 0.894753803094424 0.899638755518553 0.725211235945878 0.648648648648649 0.704778638400286 0.582179979149676 0.512801782730007 0.611551810755933 0.324324324324324 0.291089989574838 0.241737078648626 0.346114823645019 0.362605617972939 0.152887952688983 0.432432432432432 0.216216216216216 0 0.216216216216216 0.486486486486487
"20" 1.15680727346123 0.864864864864865 1.00546352636423 0.803571283638838 0.844351316314233 0.683735710306677 0.840883739789408 0.692229647290038 0.616311040594129 0.483474157297252 0.389789327077188 0.291089989574838 0.389789327077188 0.222870574357711 0.564340892373543 0.152887952688983 0.648648648648649 0.432432432432432 0.216216216216216 0 0.27027027027027
"21" 1.33831550304216 0.906111060229201 1.18549795672764 0.756756756756757 1.03834447093506 0.810810810810811 1.04953988318636 0.886552403613877 0.810810810810811 0.435797716124246 0.584683990615782 0.464990554975277 0.63268648166052 0.305775905377967 0.826868029231262 0.393519453474623 0.918918918918919 0.702702702702703 0.486486486486487 0.27027027027027 0
