"V1" "V2" "V3" "V4" "V5" "V6" "V7" "V8" "V9" "V10" "V11" "V12" "V13" "V14" "V15" "V16" "V17" "V18" "V19" "V20" "V21" "V22" "V23" "V24" "V25" "V26" "V27" "V28" "V29" "V30" "V31" "V32" "V33" "V34" "V35" "V36" "V37" "V38" "V39" "V40" "V41" "V42"
"1" 0 0.166575123342613 0.414534516986328 0.257986482248301 0.287151298452209 0.103519277806187 0.218253039169236 0.201993560775315 0.277606191014994 0.152684610521874 0.0636819163576776 0.173186510939337 0.156991857255889 0.210219321091242 0.344492993187127 0.0893701178357988 0.222245430179402 0.289338519960252 0.105266327710751 0.191492675717763 0.119338576349249 0.158367800861878 0.407167129932637 0.230752674490441 0.165253619582092 0.258032710922464 0.0731399513503976 0.0948255538549329 0.237637179955393 0.250500416303226 0.203087097483464 0.268725636458134 0.384772063828015 0.208452839701892 0.351601622308056 0.423327991824625 0.429857408073602 0.322995292898762 0.307635289400184 0.087520267250206 0.103058397813092 0.339603695401947
"2" 0.166575123342613 0 0.269461990141748 0.152003193696119 0.26358520869904 0.154808781799774 0.276068579763767 0.152143181179221 0.168534183539438 0.0874429223290715 0.145418357988847 0.298135998397749 0.258639607272617 0.10970960580377 0.207899366249798 0.252050779050456 0.0814242073638407 0.12525680598949 0.202283348463935 0.222691046415857 0.15603912283131 0.117861751037827 0.316088638941277 0.32652182001275 0.08158844152029 0.293009537291874 0.108417418571274 0.233892897822342 0.218677142051326 0.0916508395304602 0.0694782130988441 0.268977056074201 0.350620131911904 0.156529709527489 0.231854179678808 0.259807102457969 0.270052853164828 0.232620931070922 0.248066518036875 0.0934440547246746 0.262304886774886 0.174762747697943
"3" 0.414534516986328 0.269461990141748 0 0.350140542983739 0.495802651834942 0.344616420631214 0.540858298601231 0.245255259538518 0.151930005194458 0.264340909969696 0.411660921494823 0.566236009077729 0.424838994578527 0.208472434425027 0.321746138788818 0.503852796311645 0.286366604493073 0.216985297484881 0.391720117758379 0.337439015891665 0.424951947039193 0.270163039216912 0.468479081267155 0.461284605451754 0.337761684107084 0.367854906354847 0.341832441306612 0.443296438965149 0.276089769386641 0.179102410297669 0.212760627444328 0.312305182529231 0.290954361588151 0.398424766485043 0.0935399687589662 0.106659292158008 0.261687594886723 0.158749189043876 0.21574058537129 0.360532250825676 0.486363070273288 0.135131350570599
"4" 0.257986482248301 0.152003193696119 0.350140542983739 0 0.147193684361191 0.292949766652907 0.228438882814523 0.303645014639933 0.30132067952012 0.239096271118011 0.202547573070206 0.307202078581219 0.391666311582109 0.255675568350415 0.0962571089641146 0.317721600890155 0.0767251828717456 0.133932106786396 0.332700409748519 0.371530700188894 0.165093549160618 0.269387174322824 0.164529883131134 0.464279583239797 0.0949031899595348 0.443259647158244 0.233931675984235 0.348055355420915 0.370567734767846 0.19229235932103 0.209993430389881 0.420980193016275 0.498090304879058 0.0741906320264795 0.348011505626312 0.29170858954284 0.210974231021761 0.367701086638477 0.393282761972646 0.172568384623606 0.360571651517214 0.218233006020134
"5" 0.287151298452209 0.26358520869904 0.495802651834942 0.147193684361191 0 0.362413342863401 0.13149418918793 0.409167542817388 0.429796342810626 0.339495918403409 0.223774959594991 0.244017779245368 0.442863861354409 0.373205326104413 0.216958914296388 0.306911079397406 0.211811725375962 0.280858809466367 0.386880431461661 0.452805013978766 0.167853464001521 0.366739546319737 0.162542278422622 0.517265000466152 0.182530009507672 0.525599525341122 0.300802554278032 0.381005066497977 0.471041409605696 0.329137558715909 0.331795758717163 0.516956437593541 0.611447989125102 0.107055548256244 0.485220536292416 0.438330781713841 0.339029197902808 0.49523902814654 0.510958906975721 0.228422206036411 0.374431331127606 0.365236336493191
"6" 0.103519277806187 0.154808781799774 0.344616420631214 0.292949766652907 0.362413342863401 0 0.315540111903677 0.107926436764832 0.196056342092529 0.0879749019370245 0.149439833420156 0.276104013974159 0.10399611947189 0.137112121874122 0.361586503919163 0.178836320689793 0.233296974022045 0.274880413592169 0.0510248397805567 0.0923272800530513 0.201097447618729 0.0744885469213832 0.455405523268945 0.172589292765552 0.200440406505427 0.163848793218462 0.0621321024955209 0.0987407164712455 0.134294248082665 0.208732001268349 0.151974073344697 0.166419365070048 0.281258258165675 0.266369684497834 0.268939780243045 0.376336381963807 0.42076602082694 0.229896585086458 0.207258320793891 0.13433271498987 0.1425775239169 0.300114480574958
"7" 0.218253039169236 0.276068579763767 0.540858298601231 0.228438882814523 0.13149418918793 0.315540111903677 0 0.392675074946008 0.440582681803316 0.326080098888389 0.16677663974267 0.116307771067617 0.371349577162651 0.3745143560973 0.319485570577626 0.203033415857123 0.261699536899198 0.344245506514108 0.323339971450658 0.407210231294594 0.124339395033882 0.346330413952757 0.293628400556586 0.442104463939417 0.203204536206289 0.475835391417811 0.262121540414469 0.300666892748147 0.443578849604844 0.362283014294687 0.343451585839872 0.481493961595556 0.591164605586359 0.156347517184572 0.50749512795914 0.506451230992776 0.438905137097126 0.500303146940482 0.501232740288623 0.200676123901261 0.280388112384238 0.424190749452102
"8" 0.201993560775315 0.152143181179221 0.245255259538518 0.303645014639933 0.409167542817388 0.107926436764832 0.392675074946008 0 0.0933604590760865 0.0697822560524171 0.229257657406729 0.373828371610517 0.179812753587758 0.0592445792231355 0.346396292095211 0.284746369334636 0.229628796642328 0.23647516197736 0.149193524183192 0.099012841737563 0.269261734336755 0.0464720790843868 0.466749050410277 0.223910977870328 0.228033519761394 0.154535678130327 0.134783860076926 0.203062161861161 0.0675732882410452 0.151569210980231 0.101695731107498 0.119161919675671 0.202676193934232 0.303407892000583 0.163129162579094 0.295108681275637 0.374133071977672 0.122307603703123 0.108823348095804 0.192806970473226 0.249197861990852 0.231563911117883
"9" 0.277606191014994 0.168534183539438 0.151930005194458 0.30132067952012 0.429796342810626 0.196056342092529 0.440582681803316 0.0933604590760865 0 0.125350436670006 0.289264232380794 0.442204343906603 0.27293498179038 0.068633597428642 0.317481322417921 0.365161944317447 0.224915278905436 0.197859875816008 0.241151861880254 0.187245056736366 0.316973905472645 0.1229041303416 0.453999729513534 0.312307231751445 0.249742652893029 0.227280599205054 0.204913349502047 0.293933089290424 0.131934736618934 0.112726420935944 0.099056266019263 0.176912239879468 0.206591224102176 0.323238460678397 0.07410406807176 0.210973461397883 0.315661794418064 0.0663895286175597 0.102408389935307 0.243002297901574 0.338632431306193 0.162770466775045
"10" 0.152684610521874 0.0874429223290715 0.264340909969696 0.239096271118011 0.339495918403409 0.0879749019370245 0.326080098888389 0.0697822560524171 0.125350436670006 0 0.166717641850323 0.31760196054795 0.1878801540932 0.0575382977246052 0.291957840443206 0.241126096783043 0.168334414685332 0.193162441088517 0.138948435733725 0.136910380797914 0.201924223261672 0.0304288793875557 0.403419727482034 0.248961727712587 0.159034795977478 0.205916416189447 0.0796844918544616 0.184248892554704 0.133137721622218 0.121158726971275 0.0641024358399033 0.182332719771432 0.272442059049599 0.234063886522164 0.199106533296976 0.288747534392412 0.337858205890527 0.176692486218205 0.175940517920242 0.125409384254913 0.223948882825641 0.212209907636392
"11" 0.0636819163576776 0.145418357988847 0.411660921494823 0.202547573070206 0.223774959594991 0.149439833420156 0.16677663974267 0.229257657406729 0.289264232380794 0.166717641850323 0 0.154833138507602 0.219313362948206 0.220769501742893 0.293793801384163 0.117693483053022 0.180112917480464 0.256471380045515 0.164652281938578 0.241640613091031 0.0559576612696454 0.182835770203449 0.345562492163099 0.293568499331827 0.115742923217869 0.311911031407608 0.0958818798612577 0.158389430680931 0.277089880815487 0.236632794994938 0.200183785180205 0.314832149541964 0.424922340454002 0.146795520741603 0.36102515222086 0.404274484527899 0.389182816410861 0.34340957967136 0.33804303662081 0.0519743451688791 0.160541708355256 0.318800041676735
"12" 0.173186510939337 0.298135998397749 0.566236009077729 0.307202078581219 0.244017779245368 0.276104013974159 0.116307771067617 0.373828371610517 0.442204343906603 0.31760196054795 0.154833138507602 0 0.300803505787466 0.373576528003336 0.403286004208072 0.114198065442543 0.314937563563341 0.39739068021354 0.265593966860864 0.359568505428828 0.151498935538669 0.328764539039545 0.402998639363583 0.363724926751054 0.247992156287915 0.419761767249861 0.240022368433165 0.227253832480343 0.410395604995231 0.389786691589985 0.355008878035126 0.43844913241073 0.556701853180433 0.233810458559675 0.514847363763704 0.553059390970099 0.514922928512254 0.492936520322898 0.480584206558363 0.205720053442975 0.193496821640246 0.467644775662815
"13" 0.156991857255889 0.258639607272617 0.424838994578527 0.391666311582109 0.442863861354409 0.10399611947189 0.371349577162651 0.179812753587758 0.27293498179038 0.1878801540932 0.219313362948206 0.300803505787466 0 0.22723635110104 0.464496450112898 0.187174584449721 0.336036967820198 0.378497831291685 0.0590043446988483 0.0948829856704568 0.275247438508537 0.166316034176744 0.551163664258165 0.0746067322995009 0.297257122586698 0.126406452132978 0.157880342691996 0.0735800761644463 0.164213357433881 0.308673919396406 0.251441834177342 0.164193076023168 0.284187471949664 0.356154106427639 0.339332242449673 0.470365481482907 0.524249305723009 0.286672523725177 0.24598337627144 0.223464605940411 0.113691717056988 0.398520167638222
"14" 0.210219321091242 0.10970960580377 0.208472434425027 0.255675568350415 0.373205326104413 0.137112121874122 0.3745143560973 0.0592445792231355 0.068633597428642 0.0575382977246052 0.220769501742893 0.373576528003336 0.22723635110104 0 0.290341260827278 0.29859697415059 0.179565222690149 0.177912559549165 0.186122162134047 0.155852250731598 0.250373185542753 0.062968584697226 0.41605050984626 0.278763255924562 0.190818672792432 0.213766408704141 0.13717391810902 0.23577349101515 0.124123388867152 0.0923313435233818 0.046290418197994 0.175842150581975 0.242545062006848 0.266163229664249 0.141822539119176 0.243129971230037 0.314923298152531 0.125979632044577 0.138665708105459 0.175368905517213 0.277988354813157 0.174409952722323
"15" 0.344492993187127 0.207899366249798 0.321746138788818 0.0962571089641146 0.216958914296388 0.361586503919163 0.319485570577626 0.346396292095211 0.317481322417921 0.291957840443206 0.293793801384163 0.403286004208072 0.464496450112898 0.290341260827278 0 0.410725830855485 0.128461702632656 0.120085823068517 0.40659429984936 0.428857126830751 0.260524142621627 0.321811894551874 0.146768235381096 0.533996601558391 0.17954578769579 0.496891931130394 0.308178054730565 0.429640120251043 0.413607541105718 0.205697505455888 0.244980202547489 0.465398933253509 0.523530609759188 0.169637351060107 0.345478207972981 0.239958085675198 0.122220607452941 0.380962182223993 0.418062330099418 0.25705400670448 0.447519559243934 0.187842265333504
"16" 0.0893701178357988 0.252050779050456 0.503852796311645 0.317721600890155 0.306911079397406 0.178836320689793 0.203033415857123 0.284746369334636 0.365161944317447 0.241126096783043 0.117693483053022 0.114198065442543 0.187174584449721 0.29859697415059 0.410725830855485 0 0.297240258307456 0.37091463365903 0.157331597617248 0.253011053872579 0.155603584358361 0.24375410405965 0.449206104045158 0.249677515887918 0.233433938060718 0.308647088112025 0.162133145103675 0.11391678436773 0.310176934823099 0.338731834929216 0.29239765032506 0.332276516577028 0.452737392744819 0.254841916586424 0.439265339968027 0.510966544962581 0.506495667578887 0.406969651485562 0.385958081097047 0.163534895173229 0.0801232542362353 0.426528611745368
"17" 0.222245430179402 0.0814242073638407 0.286366604493073 0.0767251828717456 0.211811725375962 0.233296974022045 0.261699536899198 0.229628796642328 0.224915278905436 0.168334414685332 0.180112917480464 0.314937563563341 0.336036967820198 0.179565222690149 0.128461702632656 0.297240258307456 0 0.0835594309928295 0.2781744763721 0.304114019094489 0.163450643508467 0.198735049499247 0.237202914019565 0.405833886331208 0.0672665506974507 0.374208823817594 0.180031961814595 0.302970695462702 0.297047487280769 0.118032923934158 0.133596672946322 0.348125884395538 0.421683080484097 0.112190680618431 0.274495156924164 0.244898537936064 0.209267570863155 0.291302925637239 0.316686983200884 0.135526150173259 0.324274093351859 0.162748058132267
"18" 0.289338519960252 0.12525680598949 0.216985297484881 0.133932106786396 0.280858809466367 0.274880413592169 0.344245506514108 0.23647516197736 0.197859875816008 0.193162441088517 0.256471380045515 0.39739068021354 0.378497831291685 0.177912559549165 0.120085823068517 0.37091463365903 0.0835594309928295 0 0.32447201518923 0.327091563452199 0.245996361332877 0.220438975993516 0.262002416204175 0.442065332285467 0.149470925627846 0.39048446920589 0.233542834377873 0.358916158212871 0.301960376432466 0.0878809998662734 0.135791996883767 0.353560910845829 0.404319814392492 0.190992993267639 0.227139164390525 0.162419226026979 0.145931216831311 0.260892353348825 0.299231707961834 0.207428909620905 0.387280525105728 0.084380654611016
"19" 0.105266327710751 0.202283348463935 0.391720117758379 0.332700409748519 0.386880431461661 0.0510248397805567 0.323339971450658 0.149193524183192 0.241151861880254 0.138948435733725 0.164652281938578 0.265593966860864 0.0590043446988483 0.186122162134047 0.40659429984936 0.157331597617248 0.2781744763721 0.32447201518923 0 0.0957435751035806 0.220143475936561 0.123160216511035 0.492254456574378 0.13281922373193 0.238253671587804 0.154975514529247 0.0990838348206043 0.05481347977748 0.156759052313297 0.259751337380715 0.202987057605787 0.174965176567095 0.295727305264652 0.29785433837553 0.312309508754377 0.426931196551722 0.470398899691513 0.267498638729145 0.236619483716415 0.164838356752517 0.102624555314073 0.351128036687286
"20" 0.191492675717763 0.222691046415857 0.337439015891665 0.371530700188894 0.452805013978766 0.0923272800530513 0.407210231294594 0.099012841737563 0.187245056736366 0.136910380797914 0.241640613091031 0.359568505428828 0.0948829856704568 0.155852250731598 0.428857126830751 0.253011053872579 0.304114019094489 0.327091563452199 0.0957435751035806 0 0.293319830292838 0.107419918694208 0.535909523533496 0.125382034483191 0.283524808503093 0.0730576150942473 0.152221154341745 0.146312729941084 0.0693361545823183 0.246438889822306 0.191769760395656 0.0792840164437914 0.200059489203214 0.353720843825218 0.248636052895189 0.393827193851667 0.468918229585079 0.192970677356181 0.151136313502862 0.224422675630439 0.194047327953758 0.329986884709391
"21" 0.119338576349249 0.15603912283131 0.424951947039193 0.165093549160618 0.167853464001521 0.201097447618729 0.124339395033882 0.269261734336755 0.316973905472645 0.201924223261672 0.0559576612696454 0.151498935538669 0.275247438508537 0.250373185542753 0.260524142621627 0.155603584358361 0.163450643508467 0.245996361332877 0.220143475936561 0.293319830292838 0 0.223167698176619 0.295369664460514 0.349525781621628 0.0965336876074749 0.364763336718695 0.142672372921314 0.213607176355339 0.322926102923967 0.245999604904871 0.221062286662834 0.363806041509715 0.469536288625125 0.099239101668282 0.385235023804795 0.403267023248713 0.366233180078165 0.376038943346213 0.377474426136399 0.076574752861534 0.211517759794062 0.318260292273715
"22" 0.158367800861878 0.117861751037827 0.270163039216912 0.269387174322824 0.366739546319737 0.0744885469213832 0.346330413952757 0.0464720790843868 0.1229041303416 0.0304288793875557 0.182835770203449 0.328764539039545 0.166316034176744 0.062968584697226 0.321811894551874 0.24375410405965 0.198735049499247 0.220438975993516 0.123160216511035 0.107419918694208 0.223167698176619 0 0.433769885220068 0.223167446450909 0.1877899159159 0.175593135229792 0.0889517035384369 0.173225911502358 0.104440167038482 0.143579238684714 0.0868123076005703 0.152589551566275 0.247221229513855 0.262193525957618 0.196660284749977 0.30487140531185 0.363890126002126 0.16468817891121 0.155293980366319 0.14689050507877 0.216474140266357 0.232310711830093
"23" 0.407167129932637 0.316088638941277 0.468479081267155 0.164529883131134 0.162542278422622 0.455405523268945 0.293628400556586 0.466749050410277 0.453999729513534 0.403419727482034 0.345562492163099 0.402998639363583 0.551163664258165 0.41605050984626 0.146768235381096 0.449206104045158 0.237202914019565 0.262002416204175 0.492254456574378 0.535909523533496 0.295369664460514 0.433769885220068 0 0.624869830960761 0.255011641426774 0.607771584523485 0.394874971274765 0.501048592811471 0.534049961435096 0.341381732864919 0.369790606138198 0.584853365067191 0.656672757939352 0.198839591069052 0.48914157228718 0.383327042417125 0.241941914802863 0.519407743333869 0.551040492790069 0.328055094415339 0.505824596112883 0.334517664719699
"24" 0.230752674490441 0.32652182001275 0.461284605451754 0.464279583239797 0.517265000466152 0.172589292765552 0.442104463939417 0.223910977870328 0.312307231751445 0.248961727712587 0.293568499331827 0.363724926751054 0.0746067322995009 0.278763255924562 0.533996601558391 0.249677515887918 0.405833886331208 0.442065332285467 0.13281922373193 0.125382034483191 0.349525781621628 0.223167446450909 0.624869830960761 0 0.370367089965895 0.109600863818184 0.230422355358474 0.141441222318012 0.186280952638584 0.366511832502863 0.309977723785272 0.164262922051575 0.270520568721631 0.430573252180097 0.37064164974988 0.519004967436761 0.586697697120869 0.310961655319515 0.26128551556123 0.297654314410499 0.170475247994879 0.453099351661766
"25" 0.165253619582092 0.08158844152029 0.337761684107084 0.0949031899595348 0.182530009507672 0.200440406505427 0.203204536206289 0.228033519761394 0.249742652893029 0.159034795977478 0.115742923217869 0.247992156287915 0.297257122586698 0.190818672792432 0.17954578769579 0.233433938060718 0.0672665506974507 0.149470925627846 0.238253671587804 0.283524808503093 0.0965336876074749 0.1877899159159 0.255011641426774 0.370367089965895 0 0.356295805904723 0.140012783766676 0.253488144848258 0.2920214478419 0.159822389324303 0.150797316830812 0.340156381381727 0.429499833676906 0.0756994428363148 0.310503071717686 0.307956570892236 0.27427806197246 0.314182146721769 0.328438049596029 0.0783436436915985 0.268304275626542 0.223624397785644
"26" 0.258032710922464 0.293009537291874 0.367854906354847 0.443259647158244 0.525599525341122 0.163848793218462 0.475835391417811 0.154535678130327 0.227280599205054 0.205916416189447 0.311911031407608 0.419761767249861 0.126406452132978 0.213766408704141 0.496891931130394 0.308647088112025 0.374208823817594 0.39048446920589 0.154975514529247 0.0730576150942473 0.364763336718695 0.175593135229792 0.607771584523485 0.109600863818184 0.356295805904723 0 0.2248280652624 0.195603791703572 0.0954921487640992 0.306097725961175 0.254842445357928 0.0574586470594898 0.162919513161804 0.426775519861301 0.274755868598682 0.438254047096251 0.528491852023392 0.211352332358394 0.157485665542632 0.297177361061652 0.239487972172169 0.383071790927245
"27" 0.0731399513503976 0.108417418571274 0.341832441306612 0.233931675984235 0.300802554278032 0.0621321024955209 0.262121540414469 0.134783860076926 0.204913349502047 0.0796844918544616 0.0958818798612577 0.240022368433165 0.157880342691996 0.13717391810902 0.308178054730565 0.162133145103675 0.180031961814595 0.233542834377873 0.0990838348206043 0.152221154341745 0.142672372921314 0.0889517035384369 0.394874971274765 0.230422355358474 0.140012783766676 0.2248280652624 0 0.125482659649934 0.181458664362759 0.182623787350539 0.131796009341086 0.221135947672838 0.329131580863674 0.204285300055418 0.278772889823686 0.355622309970105 0.378431725577793 0.252940651844571 0.243135103539196 0.0724183500093036 0.155913480647327 0.273731092818338
"28" 0.0948255538549329 0.233892897822342 0.443296438965149 0.348055355420915 0.381005066497977 0.0987407164712455 0.300666892748147 0.203062161861161 0.293933089290424 0.184248892554704 0.158389430680931 0.227253832480343 0.0735800761644463 0.23577349101515 0.429640120251043 0.11391678436773 0.302970695462702 0.358916158212871 0.05481347977748 0.146312729941084 0.213607176355339 0.173225911502358 0.501048592811471 0.141441222318012 0.253488144848258 0.195603791703572 0.125482659649934 0 0.210542796346583 0.302167871007948 0.246902390653871 0.224208017713908 0.345652329619741 0.302706192219986 0.365925841233917 0.47275551002863 0.503912198412313 0.322225272320259 0.291061049114151 0.175499662081303 0.0481546355469753 0.39407365545238
"29" 0.237637179955393 0.218677142051326 0.276089769386641 0.370567734767846 0.471041409605696 0.134294248082665 0.443578849604844 0.0675732882410452 0.131934736618934 0.133137721622218 0.277089880815487 0.410395604995231 0.164213357433881 0.124123388867152 0.413607541105718 0.310176934823099 0.297047487280769 0.301960376432466 0.156759052313297 0.0693361545823183 0.322926102923967 0.104440167038482 0.534049961435096 0.186280952638584 0.2920214478419 0.0954921487640992 0.181458664362759 0.210542796346583 0 0.215381234104481 0.168643863447474 0.0518094267434048 0.14799380771633 0.366624140656789 0.184503406420769 0.342869169706237 0.43608737027855 0.125291862370067 0.081973801853094 0.248090321068489 0.258697204350322 0.28845996400885
"30" 0.250500416303226 0.0916508395304602 0.179102410297669 0.19229235932103 0.329137558715909 0.208732001268349 0.362283014294687 0.151569210980231 0.112726420935944 0.121158726971275 0.236632794994938 0.389786691589985 0.308673919396406 0.0923313435233818 0.205697505455888 0.338731834929216 0.118032923934158 0.0878809998662734 0.259751337380715 0.246438889822306 0.245999604904871 0.143579238684714 0.341381732864919 0.366511832502863 0.159822389324303 0.306097725961175 0.182623787350539 0.302167871007948 0.215381234104481 0 0.0572325123097556 0.266680913284508 0.317902572838049 0.225827422879287 0.156462565870856 0.173118795607197 0.222801418455856 0.178084806370596 0.212368165140484 0.184732436026119 0.337796658882023 0.0919058119697113
"31" 0.203087097483464 0.0694782130988441 0.212760627444328 0.209993430389881 0.331795758717163 0.151974073344697 0.343451585839872 0.101695731107498 0.099056266019263 0.0641024358399033 0.200183785180205 0.355008878035126 0.251441834177342 0.046290418197994 0.244980202547489 0.29239765032506 0.133596672946322 0.135791996883767 0.202987057605787 0.191769760395656 0.221062286662834 0.0868123076005703 0.369790606138198 0.309977723785272 0.150797316830812 0.254842445357928 0.131796009341086 0.246902390653871 0.168643863447474 0.0572325123097556 0 0.220447416650538 0.288115038673378 0.224903120997438 0.164204202096861 0.225996870635773 0.277444020250353 0.163541471575574 0.183394933960735 0.150379925089238 0.28444791814587 0.148141129467091
"32" 0.268725636458134 0.268977056074201 0.312305182529231 0.420980193016275 0.516956437593541 0.166419365070048 0.481493961595556 0.119161919675671 0.176912239879468 0.182332719771432 0.314832149541964 0.43844913241073 0.164193076023168 0.175842150581975 0.465398933253509 0.332276516577028 0.348125884395538 0.353560910845829 0.174965176567095 0.0792840164437914 0.363806041509715 0.152589551566275 0.584853365067191 0.164262922051575 0.340156381381727 0.0574586470594898 0.221135947672838 0.224208017713908 0.0518094267434048 0.266680913284508 0.220447416650538 0 0.121456480504775 0.413895828492714 0.21887505934148 0.386976407327344 0.486387261196047 0.154688408146429 0.100094421071791 0.290974320136948 0.271280786971979 0.337115280928004
"33" 0.384772063828015 0.350620131911904 0.290954361588151 0.498090304879058 0.611447989125102 0.281258258165675 0.591164605586359 0.202676193934232 0.206591224102176 0.272442059049599 0.424922340454002 0.556701853180433 0.284187471949664 0.242545062006848 0.523530609759188 0.452737392744819 0.421683080484097 0.404319814392492 0.295727305264652 0.200059489203214 0.469536288625125 0.247221229513855 0.656672757939352 0.270520568721631 0.429499833676906 0.162919513161804 0.329131580863674 0.345652329619741 0.14799380771633 0.317902572838049 0.288115038673378 0.121456480504775 0 0.505156864279027 0.206003065520438 0.387490924537323 0.516816073953057 0.148437931942998 0.105739878537605 0.393791757001823 0.392713939305999 0.362810368363246
"34" 0.208452839701892 0.156529709527489 0.398424766485043 0.0741906320264795 0.107055548256244 0.266369684497834 0.156347517184572 0.303407892000583 0.323238460678397 0.234063886522164 0.146795520741603 0.233810458559675 0.356154106427639 0.266163229664249 0.169637351060107 0.254841916586424 0.112190680618431 0.190992993267639 0.29785433837553 0.353720843825218 0.099239101668282 0.262193525957618 0.198839591069052 0.430573252180097 0.0756994428363148 0.426775519861301 0.204285300055418 0.302706192219986 0.366624140656789 0.225827422879287 0.224903120997438 0.413895828492714 0.505156864279027 0 0.380664520529823 0.353261584308547 0.284889390519128 0.388424245333344 0.404070897750575 0.133272630038325 0.30725046669145 0.273662235921705
"35" 0.351601622308056 0.231854179678808 0.0935399687589662 0.348011505626312 0.485220536292416 0.268939780243045 0.50749512795914 0.163129162579094 0.07410406807176 0.199106533296976 0.36102515222086 0.514847363763704 0.339332242449673 0.141822539119176 0.345478207972981 0.439265339968027 0.274495156924164 0.227139164390525 0.312309508754377 0.248636052895189 0.385235023804795 0.196660284749977 0.48914157228718 0.37064164974988 0.310503071717686 0.274755868598682 0.278772889823686 0.365925841233917 0.184503406420769 0.156462565870856 0.164204202096861 0.21887505934148 0.206003065520438 0.380664520529823 0 0.181624412988972 0.316444019530825 0.0654229443515126 0.122507157435498 0.313204193139167 0.411389168100472 0.165506102434252
"36" 0.423327991824625 0.259807102457969 0.106659292158008 0.29170858954284 0.438330781713841 0.376336381963807 0.506451230992776 0.295108681275637 0.210973461397883 0.288747534392412 0.404274484527899 0.553059390970099 0.470365481482907 0.243129971230037 0.239958085675198 0.510966544962581 0.244898537936064 0.162419226026979 0.426931196551722 0.393827193851667 0.403267023248713 0.30487140531185 0.383327042417125 0.519004967436761 0.307956570892236 0.438254047096251 0.355622309970105 0.47275551002863 0.342869169706237 0.173118795607197 0.225996870635773 0.386976407327344 0.387490924537323 0.353261584308547 0.181624412988972 0 0.159065044904923 0.243940498098241 0.299454580888662 0.352555829393559 0.510183020822676 0.0855536951536538
"37" 0.429857408073602 0.270052853164828 0.261687594886723 0.210974231021761 0.339029197902808 0.42076602082694 0.438905137097126 0.374133071977672 0.315661794418064 0.337858205890527 0.389182816410861 0.514922928512254 0.524249305723009 0.314923298152531 0.122220607452941 0.506495667578887 0.209267570863155 0.145931216831311 0.470398899691513 0.468918229585079 0.366233180078165 0.363890126002126 0.241941914802863 0.586697697120869 0.27427806197246 0.528491852023392 0.378431725577793 0.503912198412313 0.43608737027855 0.222801418455856 0.277444020250353 0.486387261196047 0.516816073953057 0.284889390519128 0.316444019530825 0.159065044904923 0 0.36838014347582 0.416940572174082 0.344320789533211 0.530197184215075 0.154087487624277
"38" 0.322995292898762 0.232620931070922 0.158749189043876 0.367701086638477 0.49523902814654 0.229896585086458 0.500303146940482 0.122307603703123 0.0663895286175597 0.176692486218205 0.34340957967136 0.492936520322898 0.286672523725177 0.125979632044577 0.380962182223993 0.406969651485562 0.291302925637239 0.260892353348825 0.267498638729145 0.192970677356181 0.376038943346213 0.16468817891121 0.519407743333869 0.310961655319515 0.314182146721769 0.211352332358394 0.252940651844571 0.322225272320259 0.125291862370067 0.178084806370596 0.163541471575574 0.154688408146429 0.148437931942998 0.388424245333344 0.0654229443515126 0.243940498098241 0.36838014347582 0 0.0570845344024565 0.300408284172864 0.369413577731048 0.214404494927585
"39" 0.307635289400184 0.248066518036875 0.21574058537129 0.393282761972646 0.510958906975721 0.207258320793891 0.501232740288623 0.108823348095804 0.102408389935307 0.175940517920242 0.33804303662081 0.480584206558363 0.24598337627144 0.138665708105459 0.418062330099418 0.385958081097047 0.316686983200884 0.299231707961834 0.236619483716415 0.151136313502862 0.377474426136399 0.155293980366319 0.551040492790069 0.26128551556123 0.328438049596029 0.157485665542632 0.243135103539196 0.291061049114151 0.081973801853094 0.212368165140484 0.183394933960735 0.100094421071791 0.105739878537605 0.404070897750575 0.122507157435498 0.299454580888662 0.416940572174082 0.0570845344024565 0 0.300905758658969 0.339144445349301 0.263128916020529
"40" 0.087520267250206 0.0934440547246746 0.360532250825676 0.172568384623606 0.228422206036411 0.13433271498987 0.200676123901261 0.192806970473226 0.243002297901574 0.125409384254913 0.0519743451688791 0.205720053442975 0.223464605940411 0.175368905517213 0.25705400670448 0.163534895173229 0.135526150173259 0.207428909620905 0.164838356752517 0.224422675630439 0.076574752861534 0.14689050507877 0.328055094415339 0.297654314410499 0.0783436436915985 0.297177361061652 0.0724183500093036 0.175499662081303 0.248090321068489 0.184732436026119 0.150379925089238 0.290974320136948 0.393791757001823 0.133272630038325 0.313204193139167 0.352555829393559 0.344320789533211 0.300408284172864 0.300905758658969 0 0.190476971721559 0.267153977588798
"41" 0.103058397813092 0.262304886774886 0.486363070273288 0.360571651517214 0.374431331127606 0.1425775239169 0.280388112384238 0.249197861990852 0.338632431306193 0.223948882825641 0.160541708355256 0.193496821640246 0.113691717056988 0.277988354813157 0.447519559243934 0.0801232542362353 0.324274093351859 0.387280525105728 0.102624555314073 0.194047327953758 0.211517759794062 0.216474140266357 0.505824596112883 0.170475247994879 0.268304275626542 0.239487972172169 0.155913480647327 0.0481546355469753 0.258697204350322 0.337796658882023 0.28444791814587 0.271280786971979 0.392713939305999 0.30725046669145 0.411389168100472 0.510183020822676 0.530197184215075 0.369413577731048 0.339144445349301 0.190476971721559 0 0.429337336995806
"42" 0.339603695401947 0.174762747697943 0.135131350570599 0.218233006020134 0.365236336493191 0.300114480574958 0.424190749452102 0.231563911117883 0.162770466775045 0.212209907636392 0.318800041676735 0.467644775662815 0.398520167638222 0.174409952722323 0.187842265333504 0.426528611745368 0.162748058132267 0.084380654611016 0.351128036687286 0.329986884709391 0.318260292273715 0.232310711830093 0.334517664719699 0.453099351661766 0.223624397785644 0.383071790927245 0.273731092818338 0.39407365545238 0.28845996400885 0.0919058119697113 0.148141129467091 0.337115280928004 0.362810368363246 0.273662235921705 0.165506102434252 0.0855536951536538 0.154087487624277 0.214404494927585 0.263128916020529 0.267153977588798 0.429337336995806 0
