"V1" "V2" "V3" "V4" "V5" "V6" "V7" "V8" "V9" "V10" "V11" "V12" "V13" "V14" "V15" "V16" "V17" "V18" "V19" "V20" "V21"
"1" 0 0.318628069050643 1.02912279427039 0.678463577776905 0.499653577091967 0.878241944879715 0.635560144386463 0.108849593142604 0.193768727707423 0.966733121293133 0.250844628822049 0.729853323886573 0.69626366523171 0.695692609616031 0.336737474663521 0.410199004098368 0.873459498750736 0.537111647978015 0.860201052763906 0.584614977639699 0.35344172506353
"2" 0.318628069050643 0 0.834324786114238 0.498237391121305 0.646045067866221 0.966032331501213 0.414927714558697 0.426586978142729 0.489610446301004 0.754027605267635 0.115144470130043 0.863521477223016 0.622766483477403 0.633176266869913 0.230249349904423 0.388413005944838 0.725044424843105 0.662984601153774 0.909953355113862 0.336011136440327 0.275912184097958
"3" 1.02912279427039 0.834324786114238 0 0.351251429212992 0.866079257528252 0.836649863043074 0.419397422213225 1.0975122843728 1.07879494433828 0.0970574497100338 0.945775900017929 0.904019477165401 0.430188965151128 0.449191968994826 0.693532712584947 0.65157885233338 0.200142966940735 0.829905430180017 0.720300001798362 0.502531887483739 0.676536693249658
"4" 0.678463577776905 0.498237391121305 0.351251429212992 0 0.5963754841828 0.713643508559178 0.110382661457723 0.750399625992574 0.740570352526717 0.291116777239432 0.604836386567297 0.709390840844843 0.238473181002694 0.261438735135848 0.342353695157017 0.321993580390735 0.229423583355963 0.573463778002067 0.61334075075977 0.198691102534831 0.327420474809497
"5" 0.499653577091967 0.646045067866221 0.866079257528252 0.5963754841828 0 0.38448681292852 0.639756558177352 0.472675108316086 0.380342664259577 0.849302498046698 0.664448361090645 0.231038542729176 0.436399016491604 0.418997759627056 0.44698577137379 0.31563504962101 0.66751864416496 0.0500859753913651 0.39168403424173 0.659621418604671 0.407796354465796
"6" 0.878241944879715 0.966032331501213 0.836649863043074 0.713643508559178 0.38448681292852 0 0.802377677629694 0.857135705466506 0.763478227690678 0.863506049144265 1.01066468365905 0.183011712268818 0.477173916456897 0.453521140202768 0.739536690203793 0.580566187210665 0.651725724660442 0.342081918080095 0.116618624857057 0.860022042928197 0.693761406956254
"7" 0.635560144386463 0.414927714558697 0.419397422213225 0.110382661457723 0.639756558177352 0.802377677629694 0 0.718878582632189 0.724998965245566 0.341214993652323 0.52680060725016 0.779643815315406 0.336471695579146 0.357930333444356 0.303251762012957 0.336426413579238 0.332074829409412 0.624438059862921 0.707639819942417 0.0910826914099057 0.303360215329109
"8" 0.108849593142604 0.426586978142729 1.0975122843728 0.750399625992574 0.472675108316086 0.857135705466506 0.718878582632189 0 0.108530764578486 1.04122500737403 0.358431291184808 0.695767267758371 0.737337415320172 0.733396809291462 0.415735966948442 0.456669607556195 0.931104746064949 0.516248649692262 0.853633853185449 0.675699094877065 0.423195659379616
"9" 0.193768727707423 0.489610446301004 1.07879494433828 0.740570352526717 0.380342664259577 0.763478227690678 0.724998965245566 0.108530764578486 0 1.03079527285632 0.440114037244835 0.59657172051051 0.693469120861696 0.686317779286532 0.426112162477651 0.427488117947967 0.901554441106457 0.426805683826894 0.768827122547782 0.694584219430451 0.4217627690197
"10" 0.966733121293133 0.754027605267635 0.0970574497100338 0.291116777239432 0.849302498046698 0.863506049144265 0.341214993652323 1.04122500737403 1.03079527285632 0 0.867138527738926 0.912014776664624 0.422287219815889 0.444006263455733 0.630007605146576 0.607527498222896 0.211829254236816 0.81731240034448 0.748892331696332 0.418900394110368 0.618043923000207
"11" 0.250844628822049 0.115144470130043 0.945775900017929 0.604836386567297 0.664448361090645 1.01066468365905 0.52680060725016 0.358431291184808 0.440114037244835 0.867138527738926 0 0.891091690612333 0.708082943908219 0.715896787458319 0.302937601018762 0.449611354985576 0.828567502387428 0.689116312627802 0.965894743256278 0.450217586473868 0.344675054385995
"12" 0.729853323886573 0.863521477223016 0.904019477165401 0.709390840844843 0.231038542729176 0.183011712268818 0.779643815315406 0.695767267758371 0.59657172051051 0.912014776664624 0.891091690612333 0 0.493869205593775 0.470771605462502 0.649415810918745 0.498547265553456 0.706676984891533 0.202032554392662 0.247653056341305 0.82037114846387 0.605891295165905
"13" 0.69626366523171 0.622766483477403 0.430188965151128 0.238473181002694 0.436399016491604 0.477173916456897 0.336471695579146 0.737337415320172 0.693469120861696 0.422287219815889 0.708082943908219 0.493869205593775 0 0.0238637874395445 0.40579211595589 0.286101195506981 0.231120240267259 0.399734475594683 0.374917408614039 0.408880773725355 0.367367528836347
"14" 0.695692609616031 0.633176266869913 0.449191968994826 0.261438735135848 0.418997759627056 0.453521140202768 0.357930333444356 0.733396809291462 0.686317779286532 0.444006263455733 0.715896787458319 0.470771605462502 0.0238637874395445 0 0.41304220576077 0.286409033975145 0.249382978412865 0.381056794465542 0.351924758540893 0.428564234932296 0.373199770867638
"15" 0.336737474663521 0.230249349904423 0.693532712584947 0.342353695157017 0.44698577137379 0.739536690203793 0.303251762012957 0.415735966948442 0.426112162477651 0.630007605146576 0.302937601018762 0.649415810918745 0.40579211595589 0.41304220576077 0 0.159265399244283 0.54759426991794 0.454382436721564 0.680071493174883 0.268928480270933 0.0459499380321233
"16" 0.410199004098368 0.388413005944838 0.65157885233338 0.321993580390735 0.31563504962101 0.580566187210665 0.336426413579238 0.456669607556195 0.427488117947967 0.607527498222896 0.449611354985576 0.498547265553456 0.286101195506981 0.286409033975145 0.159265399244283 0 0.475864192234489 0.31223654759581 0.521603967281518 0.345224192812932 0.11334559193516
"17" 0.873459498750736 0.725044424843105 0.200142966940735 0.229423583355963 0.66751864416496 0.651725724660442 0.332074829409412 0.931104746064949 0.901554441106457 0.211829254236816 0.828567502387428 0.706676984891533 0.231120240267259 0.249382978412865 0.54759426991794 0.475864192234489 0 0.630399273824168 0.537072774663226 0.423136696531986 0.521745722343626
"18" 0.537111647978015 0.662984601153774 0.829905430180017 0.573463778002067 0.0500859753913651 0.342081918080095 0.624438059862921 0.516248649692262 0.426805683826894 0.81731240034448 0.689116312627802 0.202032554392662 0.399734475594683 0.381056794465542 0.454382436721564 0.31223654759581 0.630399273824168 0 0.343034899430814 0.650957266396086 0.412685992184202
"19" 0.860201052763906 0.909953355113862 0.720300001798362 0.61334075075977 0.39168403424173 0.116618624857057 0.707639819942417 0.853633853185449 0.768827122547782 0.748892331696332 0.965894743256278 0.247653056341305 0.374917408614039 0.351924758540893 0.680071493174883 0.521603967281518 0.537072774663226 0.343034899430814 0 0.771518125596321 0.634201884989939
"20" 0.584614977639699 0.336011136440327 0.502531887483739 0.198691102534831 0.659621418604671 0.860022042928197 0.0910826914099057 0.675699094877065 0.694584219430451 0.418900394110368 0.450217586473868 0.82037114846387 0.408880773725355 0.428564234932296 0.268928480270933 0.345224192812932 0.423136696531986 0.650957266396086 0.771518125596321 0 0.282667463790277
"21" 0.35344172506353 0.275912184097958 0.676536693249658 0.327420474809497 0.407796354465796 0.693761406956254 0.303360215329109 0.423195659379616 0.4217627690197 0.618043923000207 0.344675054385995 0.605891295165905 0.367367528836347 0.373199770867638 0.0459499380321233 0.11334559193516 0.521745722343626 0.412685992184202 0.634201884989939 0.282667463790277 0
