"V1" "V2" "V3" "V4" "V5" "V6" "V7" "V8" "V9" "V10" "V11" "V12" "V13" "V14" "V15" "V16" "V17" "V18" "V19" "V20" "V21" "V22" "V23" "V24" "V25" "V26" "V27" "V28" "V29" "V30" "V31" "V32" "V33" "V34" "V35" "V36" "V37" "V38" "V39" "V40" "V41" "V42" "V43" "V44" "V45" "V46" "V47" "V48" "V49" "V50" "V51" "V52" "V53" "V54" "V55" "V56" "V57" "V58" "V59" "V60" "V61" "V62" "V63" "V64" "V65" "V66" "V67" "V68" "V69" "V70" "V71" "V72" "V73" "V74" "V75" "V76" "V77" "V78" "V79" "V80" "V81" "V82" "V83" "V84"
"1" 0 0.0764439763444916 0.328797974610715 0.489480277737158 0.650897004259043 0.758684802573957 0.97447331769297 0.241737078648626 0.291089989574838 0.657595949221429 0.817986267590354 0.162162162162162 0.362605617972939 0.512801782730007 0.616311040594129 0.721171030493315 0.986393923832144 0.435797716124246 0.483474157297252 0.683735710306677 0.944013470085026 0.315186588910557 0.556520548161459 0.752885852820763 0.854669637883346 1.00981306444699 0.328797974610715 0.341867855153338 0.540540540540541 0.630373177821114 0.773936273690614 0.823326822255558 0.750942918348638 1.04395718463935 0.432432432432432 0.650897004259043 0.735214622093808 0.727222921463444 0.992300527064098 0.551245352820842 0.564340892373543 0.764439763444916 1.11304109632292 0.597046541469582 0.616311040594129 0.63268648166052 0.704778638400286 0.768252454246048 0.840883739789408 0.920507371131157 0.657595949221429 0.668611723073134 0.9173277161339 0.996707508896528 1.03834447093506 1.16936798123156 0.721171030493315 0.825099325539121 0.823326822255558 0.899638755518553 0.996707508896528 1.14920495272807 0.812610615047184 0.854669637883346 0.894753803094424 0.918918918918919 1.14665964516737 1.26652697447135 0.923676080574868 1.14920495272807 1.22310362151187 0.944013470085026 0.957840278198343 1.01558347178681 1.1247920025235 1.22549016743293 1.29954759785636 0.97447331769297 1.04395718463935 1.08781685391882 1.16936798123156 1.200194773577 1.30179400851809 1.37599157420085
"2" 0.0764439763444916 0 0.27027027027027 0.432432432432432 0.594594594594595 0.702702702702703 0.918918918918919 0.170933927576669 0.222870574357711 0.597046541469582 0.758684802573957 0.120868539324313 0.291089989574838 0.445741148715423 0.551245352820842 0.657595949221429 0.925256365871551 0.362605617972939 0.411663411127779 0.616311040594129 0.879936248437822 0.241737078648626 0.483474157297252 0.683735710306677 0.787038906949245 0.944013470085026 0.27027027027027 0.275622676410421 0.464990554975277 0.556520548161459 0.702702702702703 0.752885852820763 0.677295356007658 0.97447331769297 0.382219881722458 0.574602476364035 0.659813817066687 0.650897004259043 0.918918918918919 0.489480277737158 0.498353754448264 0.687995787100425 1.03975048982007 0.540540540540541 0.551245352820842 0.564340892373543 0.630373177821114 0.692229647290038 0.764439763444916 0.844351316314233 0.597046541469582 0.604342696621565 0.840883739789408 0.920507371131157 0.96240507106837 1.09451117466576 0.657595949221429 0.750942918348638 0.752885852820763 0.825099325539121 0.920507371131157 1.07294233736644 0.756756756756757 0.787038906949245 0.823326822255558 0.846079775270191 1.07021566882288 1.19041705651596 0.854669637883346 1.07294233736644 1.14665964516737 0.879936248437822 0.891482297430846 0.944013470085026 1.04953988318636 1.14920495272807 1.22310362151187 0.918918918918919 0.97447331769297 1.01558347178681 1.09451117466576 1.1247920025235 1.22549016743293 1.29954759785636
"3" 0.328797974610715 0.27027027027027 0 0.162162162162162 0.324324324324324 0.432432432432432 0.648648648648649 0.120868539324313 0.0764439763444916 0.328797974610715 0.489480277737158 0.341867855153338 0.108108108108108 0.194894663538594 0.291089989574838 0.393519453474623 0.657595949221429 0.170933927576669 0.194894663538594 0.362605617972939 0.616311040594129 0.27027027027027 0.27027027027027 0.435797716124246 0.532370691988979 0.683735710306677 0.382219881722458 0.346114823645019 0.291089989574838 0.346114823645019 0.464990554975277 0.509944926057114 0.45866385806695 0.725211235945878 0.498353754448264 0.411663411127779 0.464990554975277 0.483474157297252 0.692229647290038 0.532370691988979 0.512801782730007 0.532370691988979 0.810810810810811 0.604342696621565 0.564340892373543 0.551245352820842 0.543236520060589 0.564340892373543 0.604342696621565 0.659813817066687 0.63268648166052 0.616311040594129 0.677295356007658 0.735214622093808 0.768252454246048 0.879936248437822 0.668611723073134 0.657595949221429 0.702702702702703 0.721171030493315 0.773936273690614 0.886552403613877 0.803571283638838 0.758684802573957 0.758684802573957 0.764439763444916 0.899638755518553 0.996707508896528 0.810810810810811 0.918918918918919 0.97447331769297 0.871595432248492 0.866552407669265 0.871595432248492 0.923676080574868 0.992300527064098 1.04953988318636 0.957840278198343 0.920507371131157 0.933117648736869 0.97447331769297 0.993771692478391 1.06611259044951 1.1247920025235
"4" 0.489480277737158 0.432432432432432 0.162162162162162 0 0.162162162162162 0.27027027027027 0.486486486486487 0.275622676410421 0.222870574357711 0.170933927576669 0.328797974610715 0.498353754448264 0.194894663538594 0.108108108108108 0.152887952688983 0.241737078648626 0.498353754448264 0.194894663538594 0.170933927576669 0.229331929033475 0.461838040287434 0.389789327077188 0.216216216216216 0.305775905377967 0.389789327077188 0.532370691988979 0.509944926057114 0.464990554975277 0.275622676410421 0.275622676410421 0.346114823645019 0.382219881722458 0.362605617972939 0.584683990615782 0.616311040594129 0.378378378378378 0.393519453474623 0.435797716124246 0.574602476364035 0.616311040594129 0.584683990615782 0.489480277737158 0.687995787100425 0.692229647290038 0.630373177821114 0.604342696621565 0.551245352820842 0.540540540540541 0.551245352820842 0.582179979149676 0.704778638400286 0.677295356007658 0.616311040594129 0.653137620194301 0.677295356007658 0.768252454246048 0.725211235945878 0.650897004259043 0.721171030493315 0.702702702702703 0.721171030493315 0.7980985437964 0.871595432248492 0.787038906949245 0.764439763444916 0.758684802573957 0.823326822255558 0.899638755518553 0.826868029231262 0.854669637883346 0.894753803094424 0.906111060229201 0.891482297430846 0.866552407669265 0.879936248437822 0.923676080574868 0.966948314594504 1.01558347178681 0.925256365871551 0.918918918918919 0.933117648736869 0.944013470085026 0.993771692478391 1.03975048982007
"5" 0.650897004259043 0.594594594594595 0.324324324324324 0.162162162162162 0 0.108108108108108 0.324324324324324 0.435797716124246 0.382219881722458 0.0540540540540541 0.170933927576669 0.657595949221429 0.341867855153338 0.194894663538594 0.120868539324313 0.120868539324313 0.341867855153338 0.315186588910557 0.27027027027027 0.162162162162162 0.315186588910557 0.532370691988979 0.27027027027027 0.222870574357711 0.27027027027027 0.389789327077188 0.653137620194301 0.604342696621565 0.346114823645019 0.291089989574838 0.275622676410421 0.291089989574838 0.324324324324324 0.45866385806695 0.750942918348638 0.411663411127779 0.382219881722458 0.445741148715423 0.483474157297252 0.727222921463444 0.687995787100425 0.498353754448264 0.584683990615782 0.803571283638838 0.727222921463444 0.692229647290038 0.604342696621565 0.564340892373543 0.543236520060589 0.543236520060589 0.803571283638838 0.768252454246048 0.594594594594595 0.604342696621565 0.616311040594129 0.677295356007658 0.810810810810811 0.683735710306677 0.773936273690614 0.721171030493315 0.702702702702703 0.735214622093808 0.96240507106837 0.846079775270191 0.803571283638838 0.787038906949245 0.773936273690614 0.823326822255558 0.873269968724514 0.817986267590354 0.839144578176217 0.966948314594504 0.944013470085026 0.891482297430846 0.864864864864865 0.879936248437822 0.906111060229201 1.09451117466576 0.957840278198343 0.933117648736869 0.918918918918919 0.920507371131157 0.944013470085026 0.97447331769297
"6" 0.758684802573957 0.702702702702703 0.432432432432432 0.27027027027027 0.108108108108108 0 0.216216216216216 0.543236520060589 0.489480277737158 0.120868539324313 0.0764439763444916 0.764439763444916 0.445741148715423 0.291089989574838 0.194894663538594 0.120868539324313 0.241737078648626 0.411663411127779 0.362605617972939 0.194894663538594 0.229331929033475 0.63268648166052 0.346114823645019 0.222870574357711 0.222870574357711 0.305775905377967 0.752885852820763 0.702702702702703 0.422175658157116 0.346114823645019 0.275622676410421 0.27027027027027 0.341867855153338 0.389789327077188 0.846079775270191 0.464990554975277 0.411663411127779 0.483474157297252 0.445741148715423 0.810810810810811 0.768252454246048 0.532370691988979 0.532370691988979 0.886552403613877 0.803571283638838 0.764439763444916 0.659813817066687 0.604342696621565 0.564340892373543 0.543236520060589 0.879936248437822 0.840883739789408 0.604342696621565 0.594594594594595 0.597046541469582 0.63268648166052 0.879936248437822 0.725211235945878 0.825099325539121 0.752885852820763 0.710970077727887 0.710970077727887 1.03270125267799 0.899638755518553 0.846079775270191 0.823326822255558 0.758684802573957 0.787038906949245 0.918918918918919 0.810810810810811 0.817986267590354 1.01988985211423 0.992300527064098 0.923676080574868 0.871595432248492 0.866552407669265 0.879936248437822 1.15680727346123 0.993771692478391 0.957840278198343 0.925256365871551 0.920507371131157 0.925256365871551 0.944013470085026
"7" 0.97447331769297 0.918918918918919 0.648648648648649 0.486486486486487 0.324324324324324 0.216216216216216 0 0.758684802573957 0.704778638400286 0.328797974610715 0.170933927576669 0.978960555474315 0.657595949221429 0.498353754448264 0.393519453474623 0.291089989574838 0.108108108108108 0.616311040594129 0.564340892373543 0.362605617972939 0.170933927576669 0.839144578176217 0.532370691988979 0.346114823645019 0.27027027027027 0.216216216216216 0.957840278198343 0.906111060229201 0.604342696621565 0.509944926057114 0.382219881722458 0.346114823645019 0.45866385806695 0.324324324324324 1.04395718463935 0.616311040594129 0.535107834411441 0.611551810755933 0.445741148715423 0.992300527064098 0.94555976673167 0.650897004259043 0.486486486486486 1.06611259044951 0.97447331769297 0.929981109950554 0.803571283638838 0.727222921463444 0.659813817066687 0.604342696621565 1.04953988318636 1.00546352636423 0.677295356007658 0.63268648166052 0.616311040594129 0.594594594594595 1.03834447093506 0.844351316314233 0.956313838538061 0.854669637883346 0.773936273690614 0.710970077727887 1.19041705651596 1.03270125267799 0.96240507106837 0.929981109950554 0.773936273690614 0.756756756756757 1.03834447093506 0.839144578176217 0.817986267590354 1.14920495272807 1.11435287178856 1.01988985211423 0.923676080574868 0.879936248437822 0.866552407669265 1.29954759785636 1.09451117466576 1.03975048982007 0.97447331769297 0.957840278198343 0.925256365871551 0.918918918918919
"8" 0.241737078648626 0.170933927576669 0.120868539324313 0.275622676410421 0.435797716124246 0.543236520060589 0.758684802573957 0 0.0540540540540541 0.432432432432432 0.594594594594595 0.222870574357711 0.120868539324313 0.275622676410421 0.382219881722458 0.489480277737158 0.758684802573957 0.194894663538594 0.241737078648626 0.445741148715423 0.710970077727887 0.170933927576669 0.315186588910557 0.512801782730007 0.616311040594129 0.773936273690614 0.27027027027027 0.241737078648626 0.305775905377967 0.389789327077188 0.532370691988979 0.582179979149676 0.509944926057114 0.803571283638838 0.389789327077188 0.422175658157116 0.498353754448264 0.498353754448264 0.750942918348638 0.445741148715423 0.435797716124246 0.54054054054054 0.871595432248492 0.512801782730007 0.489480277737158 0.486486486486486 0.512801782730007 0.556520548161459 0.616311040594129 0.687995787100425 0.551245352820842 0.543236520060589 0.692229647290038 0.764439763444916 0.803571283638838 0.929981109950554 0.597046541469582 0.63268648166052 0.657595949221429 0.702702702702703 0.779578654154376 0.9173277161339 0.721171030493315 0.704778638400286 0.721171030493315 0.735214622093808 0.920507371131157 1.03270125267799 0.764439763444916 0.929981109950554 0.996707508896528 0.810810810810811 0.812610615047184 0.839144578176217 0.918918918918919 1.00546352636423 1.07294233736644 0.879936248437822 0.879936248437822 0.906111060229201 0.966948314594504 0.992300527064098 1.08108108108108 1.14920495272807
"9" 0.291089989574838 0.222870574357711 0.0764439763444916 0.222870574357711 0.382219881722458 0.489480277737158 0.704778638400286 0.0540540540540541 0 0.378378378378378 0.540540540540541 0.275622676410421 0.0764439763444916 0.222870574357711 0.328797974610715 0.435797716124246 0.704778638400286 0.152887952688983 0.194894663538594 0.393519453474623 0.657595949221429 0.194894663538594 0.27027027027027 0.461838040287434 0.564340892373543 0.721171030493315 0.305775905377967 0.27027027027027 0.27027027027027 0.346114823645019 0.483474157297252 0.532370691988979 0.464990554975277 0.752885852820763 0.422175658157116 0.389789327077188 0.45866385806695 0.464990554975277 0.704778638400286 0.461838040287434 0.445741148715423 0.509944926057114 0.825099325539121 0.532370691988979 0.498353754448264 0.489480277737158 0.498353754448264 0.532370691988979 0.584683990615782 0.650897004259043 0.564340892373543 0.551245352820842 0.659813817066687 0.727222921463444 0.764439763444916 0.886552403613877 0.604342696621565 0.616311040594129 0.650897004259043 0.683735710306677 0.750942918348638 0.879936248437822 0.735214622093808 0.702702702702703 0.710970077727887 0.721171030493315 0.886552403613877 0.993771692478391 0.758684802573957 0.899638755518553 0.96240507106837 0.812610615047184 0.810810810810811 0.826868029231262 0.894753803094424 0.97447331769297 1.03834447093506 0.891482297430846 0.871595432248492 0.891482297430846 0.944013470085026 0.966948314594504 1.04953988318636 1.11435287178856
"10" 0.657595949221429 0.597046541469582 0.328797974610715 0.170933927576669 0.0540540540540541 0.120868539324313 0.328797974610715 0.432432432432432 0.378378378378378 0 0.162162162162162 0.650897004259043 0.328797974610715 0.170933927576669 0.0764439763444916 0.0764439763444916 0.328797974610715 0.291089989574838 0.241737078648626 0.108108108108108 0.291089989574838 0.512801782730007 0.229331929033475 0.170933927576669 0.229331929033475 0.362605617972939 0.63268648166052 0.582179979149676 0.305775905377966 0.241737078648626 0.222870574357711 0.241737078648626 0.27027027027027 0.422175658157116 0.725211235945878 0.362605617972939 0.328797974610715 0.393519453474623 0.435797716124246 0.692229647290038 0.650897004259043 0.445741148715423 0.540540540540541 0.768252454246048 0.687995787100425 0.650897004259043 0.556520548161459 0.512801782730007 0.489480277737158 0.489480277737158 0.764439763444916 0.727222921463444 0.540540540540541 0.551245352820842 0.564340892373543 0.630373177821114 0.768252454246048 0.63268648166052 0.725211235945878 0.668611723073134 0.648648648648649 0.683735710306677 0.920507371131157 0.7980985437964 0.752885852820763 0.735214622093808 0.721171030493315 0.773936273690614 0.823326822255558 0.764439763444916 0.787038906949245 0.918918918918919 0.894753803094424 0.839144578176217 0.810810810810811 0.826868029231262 0.854669637883346 1.04953988318636 0.906111060229201 0.879936248437822 0.864864864864865 0.866552407669265 0.891482297430846 0.923676080574868
"11" 0.817986267590354 0.758684802573957 0.489480277737158 0.328797974610715 0.170933927576669 0.0764439763444916 0.170933927576669 0.594594594594595 0.540540540540541 0.162162162162162 0 0.812610615047184 0.489480277737158 0.328797974610715 0.222870574357711 0.120868539324313 0.170933927576669 0.445741148715423 0.393519453474623 0.194894663538594 0.152887952688983 0.668611723073134 0.362605617972939 0.194894663538594 0.162162162162162 0.229331929033475 0.787038906949245 0.735214622093808 0.435797716124246 0.346114823645019 0.241737078648626 0.222870574357711 0.315186588910557 0.315186588910557 0.873269968724514 0.45866385806695 0.389789327077188 0.464990554975277 0.382219881722458 0.825099325539121 0.779578654154376 0.509944926057114 0.461838040287434 0.899638755518553 0.810810810810811 0.768252454246048 0.650897004259043 0.584683990615782 0.532370691988979 0.498353754448264 0.886552403613877 0.844351316314233 0.564340892373543 0.543236520060589 0.540540540540541 0.564340892373543 0.879936248437822 0.704778638400286 0.810810810810811 0.725211235945878 0.668611723073134 0.650897004259043 1.03270125267799 0.886552403613877 0.825099325539121 0.7980985437964 0.702702702702703 0.721171030493315 0.899638755518553 0.758684802573957 0.758684802573957 1.00546352636423 0.97447331769297 0.894753803094424 0.826868029231262 0.810810810810811 0.817986267590354 1.14920495272807 0.966948314594504 0.923676080574868 0.879936248437822 0.871595432248492 0.866552407669265 0.879936248437822
"12" 0.162162162162162 0.120868539324313 0.341867855153338 0.498353754448264 0.657595949221429 0.764439763444916 0.978960555474315 0.222870574357711 0.275622676410421 0.650897004259043 0.812610615047184 0 0.324324324324324 0.486486486486486 0.594594594594595 0.702702702702703 0.972972972972973 0.382219881722458 0.435797716124246 0.650897004259043 0.920507371131157 0.194894663538594 0.498353754448264 0.710970077727887 0.817986267590354 0.978960555474315 0.170933927576669 0.194894663538594 0.461838040287434 0.564340892373543 0.721171030493315 0.773936273690614 0.683735710306677 0.996707508896528 0.27027027027027 0.556520548161459 0.653137620194301 0.630373177821114 0.923676080574868 0.393519453474623 0.411663411127779 0.659813817066687 1.04395718463935 0.435797716124246 0.461838040287434 0.483474157297252 0.574602476364035 0.650897004259043 0.735214622093808 0.825099325539121 0.498353754448264 0.512801782730007 0.810810810810811 0.899638755518553 0.94555976673167 1.08781685391882 0.564340892373543 0.692229647290038 0.677295356007658 0.768252454246048 0.879936248437822 1.04953988318636 0.650897004259043 0.702702702702703 0.750942918348638 0.779578654154376 1.03834447093506 1.16936798123156 0.773936273690614 1.03270125267799 1.11435287178856 0.787038906949245 0.803571283638838 0.871595432248492 0.996707508896528 1.1090964610099 1.19041705651596 0.812610615047184 0.894753803094424 0.94555976673167 1.03834447093506 1.07294233736644 1.18549795672764 1.26652697447135
"13" 0.362605617972939 0.291089989574838 0.108108108108108 0.194894663538594 0.341867855153338 0.445741148715423 0.657595949221429 0.120868539324313 0.0764439763444916 0.328797974610715 0.489480277737158 0.324324324324324 0 0.162162162162162 0.27027027027027 0.378378378378378 0.648648648648649 0.0764439763444916 0.120868539324313 0.328797974610715 0.597046541469582 0.194894663538594 0.194894663538594 0.393519453474623 0.498353754448264 0.657595949221429 0.315186588910557 0.27027027027027 0.194894663538594 0.27027027027027 0.411663411127779 0.461838040287434 0.389789327077188 0.683735710306677 0.422175658157116 0.315186588910557 0.382219881722458 0.389789327077188 0.630373177821114 0.435797716124246 0.411663411127779 0.435797716124246 0.750942918348638 0.509944926057114 0.461838040287434 0.445741148715423 0.435797716124246 0.461838040287434 0.509944926057114 0.574602476364035 0.532370691988979 0.512801782730007 0.584683990615782 0.650897004259043 0.687995787100425 0.810810810810811 0.564340892373543 0.551245352820842 0.594594594594595 0.616311040594129 0.677295356007658 0.803571283638838 0.702702702702703 0.650897004259043 0.650897004259043 0.657595949221429 0.810810810810811 0.9173277161339 0.702702702702703 0.825099325539121 0.886552403613877 0.764439763444916 0.758684802573957 0.764439763444916 0.823326822255558 0.899638755518553 0.96240507106837 0.854669637883346 0.812610615047184 0.826868029231262 0.873269968724514 0.894753803094424 0.97447331769297 1.03834447093506
"14" 0.512801782730007 0.445741148715423 0.194894663538594 0.108108108108108 0.194894663538594 0.291089989574838 0.498353754448264 0.275622676410421 0.222870574357711 0.170933927576669 0.328797974610715 0.486486486486486 0.162162162162162 0 0.108108108108108 0.216216216216216 0.486486486486487 0.120868539324313 0.0764439763444916 0.170933927576669 0.435797716124246 0.341867855153338 0.108108108108108 0.241737078648626 0.341867855153338 0.498353754448264 0.461838040287434 0.411663411127779 0.170933927576669 0.170933927576669 0.27027027027027 0.315186588910557 0.27027027027027 0.532370691988979 0.556520548161459 0.27027027027027 0.291089989574838 0.328797974610715 0.498353754448264 0.535107834411441 0.498353754448264 0.382219881722458 0.616311040594129 0.611551810755933 0.54054054054054 0.509944926057114 0.445741148715423 0.432432432432432 0.445741148715423 0.483474157297252 0.616311040594129 0.584683990615782 0.512801782730007 0.556520548161459 0.584683990615782 0.687995787100425 0.630373177821114 0.543236520060589 0.616311040594129 0.594594594594595 0.616311040594129 0.704778638400286 0.779578654154376 0.683735710306677 0.657595949221429 0.650897004259043 0.725211235945878 0.810810810810811 0.721171030493315 0.752885852820763 0.7980985437964 0.803571283638838 0.787038906949245 0.758684802573957 0.773936273690614 0.823326822255558 0.871595432248492 0.918918918918919 0.817986267590354 0.810810810810811 0.826868029231262 0.839144578176217 0.894753803094424 0.94555976673167
"15" 0.616311040594129 0.551245352820842 0.291089989574838 0.152887952688983 0.120868539324313 0.194894663538594 0.393519453474623 0.382219881722458 0.328797974610715 0.0764439763444916 0.222870574357711 0.594594594594595 0.27027027027027 0.108108108108108 0 0.108108108108108 0.378378378378378 0.222870574357711 0.170933927576669 0.0764439763444916 0.328797974610715 0.445741148715423 0.152887952688983 0.152887952688983 0.241737078648626 0.393519453474623 0.564340892373543 0.512801782730007 0.229331929033475 0.170933927576669 0.194894663538594 0.229331929033475 0.222870574357711 0.435797716124246 0.653137620194301 0.291089989574838 0.27027027027027 0.328797974610715 0.422175658157116 0.616311040594129 0.574602476364035 0.382219881722458 0.535107834411441 0.692229647290038 0.611551810755933 0.574602476364035 0.483474157297252 0.445741148715423 0.432432432432432 0.445741148715423 0.687995787100425 0.650897004259043 0.489480277737158 0.512801782730007 0.532370691988979 0.616311040594129 0.692229647290038 0.564340892373543 0.653137620194301 0.604342696621565 0.597046541469582 0.653137620194301 0.844351316314233 0.725211235945878 0.683735710306677 0.668611723073134 0.683735710306677 0.750942918348638 0.752885852820763 0.721171030493315 0.752885852820763 0.846079775270191 0.823326822255558 0.773936273690614 0.758684802573957 0.787038906949245 0.823326822255558 0.97447331769297 0.839144578176217 0.817986267590354 0.812610615047184 0.817986267590354 0.854669637883346 0.894753803094424
"16" 0.721171030493315 0.657595949221429 0.393519453474623 0.241737078648626 0.120868539324313 0.120868539324313 0.291089989574838 0.489480277737158 0.435797716124246 0.0764439763444916 0.120868539324313 0.702702702702703 0.378378378378378 0.216216216216216 0.108108108108108 0 0.27027027027027 0.328797974610715 0.275622676410421 0.0764439763444916 0.222870574357711 0.551245352820842 0.241737078648626 0.108108108108108 0.152887952688983 0.291089989574838 0.668611723073134 0.616311040594129 0.315186588910557 0.229331929033475 0.162162162162162 0.170933927576669 0.222870574357711 0.346114823645019 0.752885852820763 0.346114823645019 0.291089989574838 0.362605617972939 0.362605617972939 0.704778638400286 0.659813817066687 0.411663411127779 0.464990554975277 0.779578654154376 0.692229647290038 0.650897004259043 0.54054054054054 0.483474157297252 0.445741148715423 0.432432432432432 0.768252454246048 0.727222921463444 0.489480277737158 0.489480277737158 0.498353754448264 0.556520548161459 0.764439763444916 0.604342696621565 0.704778638400286 0.63268648166052 0.597046541469582 0.616311040594129 0.9173277161339 0.779578654154376 0.725211235945878 0.702702702702703 0.657595949221429 0.702702702702703 0.7980985437964 0.704778638400286 0.721171030493315 0.899638755518553 0.871595432248492 0.803571283638838 0.758684802573957 0.764439763444916 0.787038906949245 1.03834447093506 0.873269968724514 0.839144578176217 0.812610615047184 0.810810810810811 0.826868029231262 0.854669637883346
"17" 0.986393923832144 0.925256365871551 0.657595949221429 0.498353754448264 0.341867855153338 0.241737078648626 0.108108108108108 0.758684802573957 0.704778638400286 0.328797974610715 0.170933927576669 0.972972972972973 0.648648648648649 0.486486486486487 0.378378378378378 0.27027027027027 0 0.597046541469582 0.543236520060589 0.328797974610715 0.0764439763444916 0.817986267590354 0.498353754448264 0.291089989574838 0.194894663538594 0.108108108108108 0.933117648736869 0.879936248437822 0.564340892373543 0.461838040287434 0.315186588910557 0.27027027027027 0.389789327077188 0.216216216216216 1.00981306444699 0.556520548161459 0.464990554975277 0.540540540540541 0.341867855153338 0.944013470085026 0.894753803094424 0.574602476364035 0.378378378378378 1.01558347178681 0.918918918918919 0.871595432248492 0.735214622093808 0.650897004259043 0.574602476364035 0.509944926057114 0.992300527064098 0.94555976673167 0.584683990615782 0.532370691988979 0.512801782730007 0.486486486486486 0.97447331769297 0.764439763444916 0.879936248437822 0.768252454246048 0.677295356007658 0.604342696621565 1.1247920025235 0.956313838538061 0.879936248437822 0.844351316314233 0.668611723073134 0.648648648648649 0.956313838538061 0.735214622093808 0.710970077727887 1.07021566882288 1.03270125267799 0.929981109950554 0.823326822255558 0.773936273690614 0.758684802573957 1.22549016743293 1.00546352636423 0.94555976673167 0.873269968724514 0.854669637883346 0.817986267590354 0.810810810810811
"18" 0.435797716124246 0.362605617972939 0.170933927576669 0.194894663538594 0.315186588910557 0.411663411127779 0.616311040594129 0.194894663538594 0.152887952688983 0.291089989574838 0.445741148715423 0.382219881722458 0.0764439763444916 0.120868539324313 0.222870574357711 0.328797974610715 0.597046541469582 0 0.0540540540540541 0.27027027027027 0.540540540540541 0.222870574357711 0.120868539324313 0.328797974610715 0.435797716124246 0.597046541469582 0.341867855153338 0.291089989574838 0.120868539324313 0.194894663538594 0.341867855153338 0.393519453474623 0.315186588910557 0.616311040594129 0.435797716124246 0.241737078648626 0.305775905377966 0.315186588910557 0.556520548161459 0.422175658157116 0.389789327077188 0.362605617972939 0.677295356007658 0.498353754448264 0.435797716124246 0.411663411127779 0.378378378378378 0.393519453474623 0.435797716124246 0.498353754448264 0.509944926057114 0.483474157297252 0.509944926057114 0.574602476364035 0.611551810755933 0.735214622093808 0.532370691988979 0.489480277737158 0.543236520060589 0.551245352820842 0.604342696621565 0.727222921463444 0.677295356007658 0.604342696621565 0.594594594594595 0.597046541469582 0.735214622093808 0.840883739789408 0.650897004259043 0.750942918348638 0.810810810810811 0.721171030493315 0.710970077727887 0.704778638400286 0.752885852820763 0.825099325539121 0.886552403613877 0.823326822255558 0.756756756756757 0.764439763444916 0.803571283638838 0.823326822255558 0.899638755518553 0.96240507106837
"19" 0.483474157297252 0.411663411127779 0.194894663538594 0.170933927576669 0.27027027027027 0.362605617972939 0.564340892373543 0.241737078648626 0.194894663538594 0.241737078648626 0.393519453474623 0.435797716124246 0.120868539324313 0.0764439763444916 0.170933927576669 0.275622676410421 0.543236520060589 0.0540540540540541 0 0.216216216216216 0.486486486486486 0.275622676410421 0.0764439763444916 0.275622676410421 0.382219881722458 0.543236520060589 0.393519453474623 0.341867855153338 0.108108108108108 0.152887952688983 0.291089989574838 0.341867855153338 0.27027027027027 0.564340892373543 0.483474157297252 0.222870574357711 0.27027027027027 0.291089989574838 0.509944926057114 0.45866385806695 0.422175658157116 0.341867855153338 0.630373177821114 0.535107834411441 0.464990554975277 0.435797716124246 0.382219881722458 0.382219881722458 0.411663411127779 0.464990554975277 0.540540540540541 0.509944926057114 0.483474157297252 0.54054054054054 0.574602476364035 0.692229647290038 0.556520548161459 0.486486486486486 0.551245352820842 0.543236520060589 0.582179979149676 0.692229647290038 0.704778638400286 0.616311040594129 0.597046541469582 0.594594594594595 0.704778638400286 0.803571283638838 0.657595949221429 0.725211235945878 0.779578654154376 0.735214622093808 0.721171030493315 0.702702702702703 0.735214622093808 0.7980985437964 0.854669637883346 0.846079775270191 0.758684802573957 0.758684802573957 0.787038906949245 0.803571283638838 0.871595432248492 0.929981109950554
"20" 0.683735710306677 0.616311040594129 0.362605617972939 0.229331929033475 0.162162162162162 0.194894663538594 0.362605617972939 0.445741148715423 0.393519453474623 0.108108108108108 0.194894663538594 0.650897004259043 0.328797974610715 0.170933927576669 0.0764439763444916 0.0764439763444916 0.328797974610715 0.27027027027027 0.216216216216216 0 0.27027027027027 0.489480277737158 0.170933927576669 0.0764439763444916 0.170933927576669 0.328797974610715 0.604342696621565 0.551245352820842 0.241737078648626 0.152887952688983 0.120868539324313 0.152887952688983 0.162162162162162 0.362605617972939 0.683735710306677 0.27027027027027 0.222870574357711 0.291089989574838 0.346114823645019 0.630373177821114 0.584683990615782 0.341867855153338 0.45866385806695 0.704778638400286 0.616311040594129 0.574602476364035 0.464990554975277 0.411663411127779 0.382219881722458 0.382219881722458 0.692229647290038 0.650897004259043 0.432432432432432 0.445741148715423 0.461838040287434 0.540540540540541 0.687995787100425 0.532370691988979 0.630373177821114 0.564340892373543 0.540540540540541 0.582179979149676 0.840883739789408 0.704778638400286 0.653137620194301 0.63268648166052 0.616311040594129 0.677295356007658 0.725211235945878 0.657595949221429 0.683735710306677 0.825099325539121 0.7980985437964 0.735214622093808 0.702702702702703 0.721171030493315 0.752885852820763 0.96240507106837 0.803571283638838 0.773936273690614 0.756756756756757 0.758684802573957 0.787038906949245 0.823326822255558
"21" 0.944013470085026 0.879936248437822 0.616311040594129 0.461838040287434 0.315186588910557 0.229331929033475 0.170933927576669 0.710970077727887 0.657595949221429 0.291089989574838 0.152887952688983 0.920507371131157 0.597046541469582 0.435797716124246 0.328797974610715 0.222870574357711 0.0764439763444916 0.540540540540541 0.486486486486486 0.27027027027027 0 0.758684802573957 0.435797716124246 0.222870574357711 0.120868539324313 0.0764439763444916 0.871595432248492 0.817986267590354 0.498353754448264 0.393519453474623 0.241737078648626 0.194894663538594 0.315186588910557 0.170933927576669 0.944013470085026 0.483474157297252 0.389789327077188 0.464990554975277 0.275622676410421 0.873269968724514 0.823326822255558 0.498353754448264 0.328797974610715 0.944013470085026 0.846079775270191 0.7980985437964 0.659813817066687 0.574602476364035 0.498353754448264 0.435797716124246 0.918918918918919 0.871595432248492 0.509944926057114 0.461838040287434 0.445741148715423 0.435797716124246 0.899638755518553 0.687995787100425 0.803571283638838 0.692229647290038 0.604342696621565 0.543236520060589 1.04953988318636 0.879936248437822 0.803571283638838 0.768252454246048 0.604342696621565 0.597046541469582 0.879936248437822 0.668611723073134 0.650897004259043 0.993771692478391 0.956313838538061 0.854669637883346 0.752885852820763 0.710970077727887 0.702702702702703 1.14920495272807 0.929981109950554 0.871595432248492 0.803571283638838 0.787038906949245 0.758684802573957 0.758684802573957
"22" 0.315186588910557 0.241737078648626 0.27027027027027 0.389789327077188 0.532370691988979 0.63268648166052 0.839144578176217 0.170933927576669 0.194894663538594 0.512801782730007 0.668611723073134 0.194894663538594 0.194894663538594 0.341867855153338 0.445741148715423 0.551245352820842 0.817986267590354 0.222870574357711 0.275622676410421 0.489480277737158 0.758684802573957 0 0.324324324324324 0.540540540540541 0.648648648648649 0.810810810810811 0.120868539324313 0.0764439763444916 0.275622676410421 0.382219881722458 0.543236520060589 0.597046541469582 0.498353754448264 0.817986267590354 0.229331929033475 0.362605617972939 0.461838040287434 0.435797716124246 0.735214622093808 0.275622676410421 0.27027027027027 0.464990554975277 0.854669637883346 0.341867855153338 0.324324324324324 0.328797974610715 0.389789327077188 0.45866385806695 0.54054054054054 0.630373177821114 0.382219881722458 0.378378378378378 0.616311040594129 0.704778638400286 0.750942918348638 0.894753803094424 0.432432432432432 0.509944926057114 0.512801782730007 0.584683990615782 0.687995787100425 0.854669637883346 0.551245352820842 0.551245352820842 0.582179979149676 0.604342696621565 0.844351316314233 0.97447331769297 0.616311040594129 0.840883739789408 0.920507371131157 0.650897004259043 0.657595949221429 0.702702702702703 0.810810810810811 0.9173277161339 0.996707508896528 0.710970077727887 0.735214622093808 0.773936273690614 0.854669637883346 0.886552403613877 0.993771692478391 1.07294233736644
"23" 0.556520548161459 0.483474157297252 0.27027027027027 0.216216216216216 0.27027027027027 0.346114823645019 0.532370691988979 0.315186588910557 0.27027027027027 0.229331929033475 0.362605617972939 0.498353754448264 0.194894663538594 0.108108108108108 0.152887952688983 0.241737078648626 0.498353754448264 0.120868539324313 0.0764439763444916 0.170933927576669 0.435797716124246 0.324324324324324 0 0.216216216216216 0.324324324324324 0.486486486486487 0.435797716124246 0.382219881722458 0.0764439763444916 0.0764439763444916 0.222870574357711 0.275622676410421 0.194894663538594 0.498353754448264 0.512801782730007 0.162162162162162 0.194894663538594 0.222870574357711 0.435797716124246 0.464990554975277 0.422175658157116 0.275622676410421 0.556520548161459 0.54054054054054 0.45866385806695 0.422175658157116 0.341867855153338 0.324324324324324 0.341867855153338 0.389789327077188 0.535107834411441 0.498353754448264 0.411663411127779 0.464990554975277 0.498353754448264 0.616311040594129 0.54054054054054 0.435797716124246 0.512801782730007 0.486486486486486 0.512801782730007 0.616311040594129 0.692229647290038 0.582179979149676 0.551245352820842 0.543236520060589 0.630373177821114 0.727222921463444 0.616311040594129 0.653137620194301 0.704778638400286 0.702702702702703 0.683735710306677 0.650897004259043 0.668611723073134 0.725211235945878 0.779578654154376 0.825099325539121 0.710970077727887 0.702702702702703 0.721171030493315 0.735214622093808 0.7980985437964 0.854669637883346
"24" 0.752885852820763 0.683735710306677 0.435797716124246 0.305775905377967 0.222870574357711 0.222870574357711 0.346114823645019 0.512801782730007 0.461838040287434 0.170933927576669 0.194894663538594 0.710970077727887 0.393519453474623 0.241737078648626 0.152887952688983 0.108108108108108 0.291089989574838 0.328797974610715 0.275622676410421 0.0764439763444916 0.222870574357711 0.540540540540541 0.216216216216216 0 0.108108108108108 0.27027027027027 0.650897004259043 0.597046541469582 0.275622676410421 0.170933927576669 0.0540540540540541 0.0764439763444916 0.120868539324313 0.291089989574838 0.721171030493315 0.27027027027027 0.194894663538594 0.27027027027027 0.27027027027027 0.653137620194301 0.604342696621565 0.315186588910557 0.382219881722458 0.725211235945878 0.630373177821114 0.584683990615782 0.45866385806695 0.389789327077188 0.341867855153338 0.324324324324324 0.704778638400286 0.659813817066687 0.382219881722458 0.382219881722458 0.393519453474623 0.464990554975277 0.692229647290038 0.509944926057114 0.616311040594129 0.532370691988979 0.489480277737158 0.512801782730007 0.844351316314233 0.692229647290038 0.630373177821114 0.604342696621565 0.551245352820842 0.604342696621565 0.704778638400286 0.597046541469582 0.616311040594129 0.810810810810811 0.779578654154376 0.702702702702703 0.650897004259043 0.657595949221429 0.683735710306677 0.956313838538061 0.773936273690614 0.735214622093808 0.704778638400286 0.702702702702703 0.721171030493315 0.752885852820763
"25" 0.854669637883346 0.787038906949245 0.532370691988979 0.389789327077188 0.27027027027027 0.222870574357711 0.27027027027027 0.616311040594129 0.564340892373543 0.229331929033475 0.162162162162162 0.817986267590354 0.498353754448264 0.341867855153338 0.241737078648626 0.152887952688983 0.194894663538594 0.435797716124246 0.382219881722458 0.170933927576669 0.120868539324313 0.648648648648649 0.324324324324324 0.108108108108108 0 0.162162162162162 0.758684802573957 0.704778638400286 0.382219881722458 0.275622676410421 0.120868539324313 0.0764439763444916 0.194894663538594 0.194894663538594 0.826868029231262 0.362605617972939 0.27027027027027 0.346114823645019 0.222870574357711 0.752885852820763 0.702702702702703 0.382219881722458 0.315186588910557 0.823326822255558 0.725211235945878 0.677295356007658 0.54054054054054 0.45866385806695 0.389789327077188 0.341867855153338 0.7980985437964 0.750942918348638 0.411663411127779 0.382219881722458 0.378378378378378 0.411663411127779 0.779578654154376 0.574602476364035 0.687995787100425 0.584683990615782 0.512801782730007 0.489480277737158 0.929981109950554 0.764439763444916 0.692229647290038 0.659813817066687 0.540540540540541 0.564340892373543 0.768252454246048 0.597046541469582 0.597046541469582 0.879936248437822 0.844351316314233 0.750942918348638 0.668611723073134 0.648648648648649 0.657595949221429 1.03270125267799 0.825099325539121 0.773936273690614 0.721171030493315 0.710970077727887 0.704778638400286 0.721171030493315
"26" 1.00981306444699 0.944013470085026 0.683735710306677 0.532370691988979 0.389789327077188 0.305775905377967 0.216216216216216 0.773936273690614 0.721171030493315 0.362605617972939 0.229331929033475 0.978960555474315 0.657595949221429 0.498353754448264 0.393519453474623 0.291089989574838 0.108108108108108 0.597046541469582 0.543236520060589 0.328797974610715 0.0764439763444916 0.810810810810811 0.486486486486487 0.27027027027027 0.162162162162162 0 0.920507371131157 0.866552407669265 0.543236520060589 0.435797716124246 0.275622676410421 0.222870574357711 0.341867855153338 0.108108108108108 0.986393923832144 0.512801782730008 0.411663411127779 0.483474157297252 0.241737078648626 0.906111060229201 0.854669637883346 0.509944926057114 0.27027027027027 0.97447331769297 0.873269968724514 0.823326822255558 0.677295356007658 0.584683990615782 0.498353754448264 0.422175658157116 0.944013470085026 0.894753803094424 0.498353754448264 0.435797716124246 0.411663411127779 0.378378378378378 0.918918918918919 0.692229647290038 0.810810810810811 0.687995787100425 0.584683990615782 0.498353754448264 1.06611259044951 0.886552403613877 0.803571283638838 0.764439763444916 0.564340892373543 0.540540540540541 0.879936248437822 0.63268648166052 0.604342696621565 0.996707508896528 0.956313838538061 0.844351316314233 0.725211235945878 0.668611723073134 0.650897004259043 1.15680727346123 0.920507371131157 0.854669637883346 0.773936273690614 0.752885852820763 0.710970077727887 0.702702702702703
