"V1" "V2" "V3" "V4" "V5" "V6" "V7" "V8" "V9" "V10" "V11" "V12" "V13" "V14" "V15" "V16" "V17" "V18" "V19" "V20" "V21" "V22" "V23" "V24" "V25" "V26" "V27" "V28" "V29" "V30" "V31" "V32" "V33" "V34" "V35" "V36" "V37" "V38" "V39" "V40" "V41" "V42"
"1" 0 0.512687177735962 0.573581737782179 0.931387492427034 0.275155793303368 0.212037588044402 0.80261364183888 0.352751680280615 0.306910009128408 1.0483216764518 0.727208732076548 0.875642626195917 0.323381808654468 0.808655298129293 0.220048405530625 0.438279669479807 0.697998411507653 0.590683235145974 0.568977840442389 0.121787256284049 1.07246727736738 0.672268373306758 0.96742754433408 0.141894780193571 0.438296867910802 0.741666277723384 0.845936620961497 0.056843139703883 0.962610632103623 0.445239462867598 0.821630818877097 0.104857667466366 0.329715535934766 0.629968597516463 0.290589558254557 0.566988330974764 0.457110897578197 0.351814063853252 0.836100399099721 0.349971257771563 1.08810234927294 0.573710132280028
"2" 0.512687177735962 0 0.363212356324835 0.620425385677611 0.493256857503934 0.56301772392465 0.548304582315474 0.163998988600236 0.284241880012338 0.628294677284426 0.289370676281729 0.457924936217651 0.420133524825482 0.682510467169146 0.346261231549934 0.221661258063019 0.872934236284565 0.120621541419174 0.472363359449328 0.412292293259016 0.777453494964269 0.733141506344223 0.57479735132033 0.53188108876795 0.443411635512171 0.551463001233151 0.342360252023169 0.531804077048031 0.456269430769253 0.709511819381861 0.312151179354509 0.438339221282402 0.456148268262095 0.123398316864435 0.26485969526925 0.355841638537068 0.618563130369294 0.309793602378648 0.723853245654306 0.38350239881958 0.751024952274741 0.623732887512506
"3" 0.573581737782179 0.363212356324835 0 0.357809995510849 0.36902984747292 0.480120035237309 0.23383269170706 0.399541416058458 0.53536510428577 0.504642674541186 0.633824930125747 0.351074237950729 0.674980123607893 0.321222768866366 0.541604853962696 0.548362356500037 0.572417639598413 0.29163512258275 0.128527941373512 0.541929995091968 0.502047881173381 0.401650477970848 0.413294079800323 0.497594619367744 0.19659740913711 0.199494443750143 0.46817568973584 0.554921437729467 0.68651053325252 0.497274275770179 0.477882553480736 0.563248347954545 0.297193720409042 0.362793777535128 0.497275760936222 0.00818628301339121 0.372906960894818 0.5894781814716 0.361908979961389 0.236456417353477 0.514655978980584 0.309131390774472
"4" 0.931387492427034 0.620425385677611 0.357809995510849 0 0.711702979755632 0.823870491450706 0.141236710258399 0.718279427890538 0.860908158608779 0.249509845147092 0.811424732192477 0.236785904262794 1.00461843158326 0.30290004271313 0.883342065489028 0.838725464887142 0.747624371496923 0.504959349517762 0.396950000812248 0.895210515192859 0.1571867037365 0.558132736337826 0.165871960694415 0.849858747507884 0.525009288901804 0.232820246960551 0.494723572085432 0.911613089904254 0.723553811066965 0.780691505013402 0.53389531886959 0.917608663427735 0.638985426926898 0.548643475053694 0.826583286902328 0.364485108771299 0.653759379024235 0.906532964740436 0.32946490302687 0.589387592631887 0.157682285151789 0.530837666042329
"5" 0.275155793303368 0.493256857503934 0.36902984747292 0.711702979755632 0 0.112237196785299 0.573533090332702 0.387836183819145 0.442715328477286 0.873144668579835 0.77106969061807 0.713461145555862 0.53165254664914 0.54443070033661 0.387087739325497 0.540198114410177 0.45118653214253 0.515192607956431 0.320998119439272 0.32087876025908 0.83837399749091 0.398761965822852 0.782323910957845 0.149426577913601 0.187684364357092 0.49805069714072 0.763642949964722 0.231883247897676 0.937159102186572 0.227985588800826 0.754479690971123 0.327428915700801 0.0728311071050753 0.577729696578753 0.406470508404734 0.364903478909338 0.189854572681768 0.504739942740131 0.568412840624451 0.139484990052605 0.868929804792298 0.298570590305291
"6" 0.212037588044402 0.56301772392465 0.480120035237309 0.823870491450706 0.112237196785299 0 0.685441292903576 0.434081646704289 0.454163142579113 0.983317383949172 0.826382394485284 0.821472324394635 0.514681925618149 0.64748386664184 0.382246958935431 0.569143207218936 0.486059997494286 0.60216046319764 0.43181725210616 0.296300520020529 0.949369962555361 0.474073465346606 0.893250072048885 0.0705349320859813 0.299362915607066 0.608576854853446 0.856145936622994 0.15757149832871 1.01620808030585 0.233719308729882 0.843083210081819 0.293704623075765 0.185063335496412 0.659594737535991 0.423628621236034 0.475711251724036 0.255595617341999 0.511959257292279 0.668676821981601 0.246408254421331 0.981026648941626 0.386642269230567
"7" 0.80261364183888 0.548304582315474 0.23383269170706 0.141236710258399 0.573533090332702 0.685441292903576 0 0.620919987360561 0.761094080778556 0.361861643122832 0.777311976561489 0.279024591379973 0.903045460221013 0.203650420609815 0.77353988265132 0.756667042499819 0.622729941451624 0.44429948987834 0.256226634537767 0.775692500585769 0.269861770890137 0.431952556884961 0.266261958122528 0.714306184716922 0.38609951964693 0.0955651268260505 0.50710948955012 0.779508871484497 0.742619822646705 0.640412111842207 0.53709070897279 0.796814526107771 0.501108148157924 0.501495490740458 0.724409558517348 0.241425747065672 0.513080518452547 0.811693756974405 0.240868290301555 0.455875599825838 0.296185072303919 0.393487962337315
"8" 0.352751680280615 0.163998988600236 0.399541416058458 0.718279427890538 0.387836183819145 0.434081646704289 0.620919987360561 0 0.142856057216397 0.766789650386206 0.392694851613825 0.592087858264438 0.286761191950205 0.714156337189571 0.186149514115129 0.164328641230538 0.81351409497497 0.264291749701572 0.475151894514142 0.24845329795424 0.874070877276454 0.702780777514217 0.702258896054015 0.39120643702493 0.40125218080103 0.599034741639908 0.505640706101443 0.377375892692896 0.610001871313478 0.615096169085717 0.476149839633297 0.27444471659604 0.372051447799189 0.286412439591923 0.111658545266039 0.39135720770584 0.547023494155467 0.19085019376308 0.752654710918971 0.315148013146375 0.862110719329439 0.588921804920125
"9" 0.306910009128408 0.284241880012338 0.53536510428577 0.860908158608779 0.442715328477286 0.454163142579113 0.761094080778556 0.142856057216397 0 0.905287745498022 0.428800324792352 0.731451798622565 0.143905965621317 0.84300957087161 0.0881945481731622 0.132930057172181 0.890434679647829 0.397756930082016 0.598158802548885 0.185221550135879 1.01645007391417 0.802481357022677 0.843377628342499 0.394971014691333 0.505954568718315 0.734135211404741 0.621935064546124 0.349611817535554 0.688948687127133 0.667093078406214 0.586690639151303 0.205461658340917 0.449272742336674 0.406058043806523 0.0402906606495775 0.527201249866125 0.62307540650568 0.0629679203548734 0.880027780070401 0.410387546600839 1.00494135151704 0.689210517447697
"10" 1.0483216764518 0.628294677284426 0.504642674541186 0.249509845147092 0.873144668579835 0.983317383949172 0.361861643122832 0.766789650386206 0.905287745498022 0 0.731090165176167 0.175378779709534 1.046123395569 0.549701952136833 0.949762920905129 0.846712568501439 0.984565759801 0.509096093519319 0.588812931057263 0.985964123065641 0.3103910665112 0.793796528384251 0.0967742866011513 0.994521943626738 0.698252736471177 0.456611054923286 0.371688694308046 1.04074862085166 0.561602288072624 0.9845186910432 0.419766198848616 1.01097326305728 0.801727332659326 0.520902603528065 0.878227474297273 0.508384535243548 0.856215739579756 0.937453488914134 0.578327236493256 0.737302606904287 0.223409132583147 0.749583381305767
"11" 0.727208732076548 0.289370676281729 0.633824930125747 0.811424732192477 0.77106969061807 0.826382394485284 0.777311976561489 0.392694851613825 0.428800324792352 0.731090165176167 0 0.595336930937074 0.505526119948864 0.94095155280289 0.516041938096975 0.297372455605146 1.16227331787724 0.344153376818018 0.752578798426059 0.608668614245781 0.960232275813383 1.01917265144236 0.713378639573852 0.783362083786519 0.732688255986359 0.803395626450754 0.361332534069866 0.761228788210596 0.294255069049354 0.993241921985764 0.312780831910068 0.631403916740216 0.741067739763888 0.277840729190074 0.437395103903713 0.627374131634662 0.906994197114654 0.407458848791655 0.983049561092897 0.670806762817189 0.909875393818946 0.911370891851497
"12" 0.875642626195917 0.457924936217651 0.351074237950729 0.236785904262794 0.713461145555862 0.821472324394635 0.279024591379973 0.592087858264438 0.731451798622565 0.175378779709534 0.595336930937074 0 0.873095513746551 0.482674570370786 0.774531988277739 0.678484146253722 0.880038444308019 0.337604602051623 0.453802003770588 0.810937429491624 0.370127011567195 0.691714576412426 0.120435875377411 0.827931750879478 0.547670605003844 0.360298137393117 0.259439973752708 0.870183516868763 0.486791911076294 0.845317297480873 0.301087171146332 0.836045207190229 0.643801588001053 0.357914736482881 0.703653566575637 0.353314048924144 0.71853963818731 0.765476121644244 0.519347634157169 0.575185326405074 0.314552656067059 0.62849453416326
"13" 0.323381808654468 0.420133524825482 0.674980123607893 1.00461843158326 0.53165254664914 0.514681925618149 0.903045460221013 0.286761191950205 0.143905965621317 1.046123395569 0.505526119948864 0.873095513746551 0 0.97651725213617 0.147838202573965 0.222959937463225 0.982435552529092 0.537257504240881 0.729163280307477 0.218393958433507 1.15994681427048 0.914153176660255 0.986122155054343 0.446894314982894 0.626512551008989 0.872557196160461 0.748740754945169 0.377727747789826 0.787377171487989 0.743381811224446 0.710129553267374 0.223281720135041 0.553651676488145 0.538391270174049 0.178703452029675 0.666865386643973 0.720034436871691 0.112246428178398 1.01227018582025 0.528132401119272 1.14883722926882 0.80297807362255
"14" 0.808655298129293 0.682510467169146 0.321222768866366 0.30290004271313 0.54443070033661 0.64748386664184 0.203650420609815 0.714156337189571 0.84300957087161 0.549701952136833 0.94095155280289 0.482674570370786 0.97651725213617 0 0.834499328829326 0.868037615656768 0.451871863183562 0.597464803297304 0.248631897878817 0.812431826969007 0.352119327735064 0.268448684778024 0.458500035206393 0.693832393976886 0.37102597151924 0.139325676497087 0.702997396298543 0.773053588656645 0.93787122172411 0.535520452231536 0.72895451415396 0.829062704067413 0.480312305367497 0.66350923824115 0.803416953344812 0.329064186279512 0.421083257130641 0.900666068516943 0.042124359360817 0.465655799272017 0.421346092134987 0.279521276975801
"15" 0.220048405530625 0.346261231549934 0.541604853962696 0.883342065489028 0.387087739325497 0.382246958935431 0.77353988265132 0.186149514115129 0.0881945481731622 0.949762920905129 0.516041938096975 0.774531988277739 0.147838202573965 0.834499328829326 0 0.221089489730407 0.838262333944207 0.450408757446725 0.586181109618667 0.0983642152374628 1.03619581609253 0.766342181817328 0.881615576227764 0.318755742746982 0.479681211128025 0.736053290005146 0.68844634192776 0.265403690422788 0.770471925405724 0.604499609480871 0.656274201986893 0.117399841248109 0.406079385909121 0.469656392171477 0.0842218740178381 0.533650925270173 0.574046616888776 0.133435479154345 0.869268733108347 0.381025938095315 1.03254769067768 0.655152019674341
"16" 0.438279669479807 0.221661258063019 0.548362356500037 0.838725464887142 0.540198114410177 0.569143207218936 0.756667042499819 0.164328641230538 0.132930057172181 0.846712568501439 0.297372455605146 0.678484146253722 0.222959937463225 0.868037615656768 0.221089489730407 0 0.975384587883675 0.342138302741401 0.634734074359479 0.317124769672488 0.995911564316492 0.867092316527498 0.796122646270623 0.515363183443593 0.565551910691387 0.746321906183967 0.529867958145369 0.478274669790146 0.567574604644889 0.768090772991611 0.489523233901631 0.338147113704828 0.532252832174519 0.327812830240877 0.1496727351178 0.540297689471709 0.707965633455155 0.114084610539339 0.907632165163469 0.478766869643531 0.972224067467321 0.753245064711115
"17" 0.697998411507653 0.872934236284565 0.572417639598413 0.747624371496923 0.45118653214253 0.486059997494286 0.622729941451624 0.81351409497497 0.890434679647829 0.984565759801 1.16227331787724 0.880038444308019 0.982435552529092 0.451871863183562 0.838262333944207 0.975384587883675 0 0.843995905225796 0.444940920427404 0.768463894708206 0.800781933414085 0.190779246060279 0.888887808262269 0.556130282165912 0.429634007491707 0.528640662296024 1.04018946769524 0.643468368233379 1.25737057152407 0.256294184592802 1.05004103551915 0.771491065392362 0.443628424772227 0.916186174248292 0.852594896358907 0.575422134224559 0.267956103237722 0.953130496442021 0.439275353075385 0.499815363844106 0.873203844878165 0.263329943225099
"18" 0.590683235145974 0.120621541419174 0.29163512258275 0.504959349517762 0.515192607956431 0.60216046319764 0.44429948987834 0.264291749701572 0.397756930082016 0.509096093519319 0.344153376818018 0.337604602051623 0.537257504240881 0.597464803297304 0.450408757446725 0.342138302741401 0.843995905225796 0 0.414896865200727 0.503516564544856 0.661386048409844 0.686705104176541 0.454177023027117 0.583964633344048 0.420639056218907 0.460933820169588 0.257516270398567 0.600360883434022 0.425654979087492 0.712713911493501 0.240940880405757 0.529625315138624 0.463771776463007 0.0724681792428377 0.373520801586701 0.285669520016942 0.606808470286219 0.428383427272206 0.639506794786486 0.386278330253208 0.63169652426809 0.58438151972065
"19" 0.568977840442389 0.472363359449328 0.128527941373512 0.396950000812248 0.320998119439272 0.43181725210616 0.256226634537767 0.475151894514142 0.598158802548885 0.588812931057263 0.752578798426059 0.453802003770588 0.729163280307477 0.248631897878817 0.586181109618667 0.634734074359479 0.444940920427404 0.414896865200727 0 0.56478981259268 0.517555834024456 0.273519885919537 0.492938169466222 0.466372779839835 0.134088124634716 0.177086509028873 0.595269325958715 0.538581440636055 0.815029545400058 0.395739820667772 0.606175383093717 0.5821675357288 0.250033792415915 0.487006164342514 0.558184404586944 0.132520740302403 0.267516585061383 0.657309588454899 0.283178894431306 0.220304608173204 0.552318399621887 0.182289028863584
"20" 0.121787256284049 0.412292293259016 0.541929995091968 0.895210515192859 0.32087876025908 0.296300520020529 0.775692500585769 0.24845329795424 0.185221550135879 0.985964123065641 0.608668614245781 0.810937429491624 0.218393958433507 0.812431826969007 0.0983642152374628 0.317124769672488 0.768463894708206 0.503516564544856 0.56478981259268 0 1.0435457851344 0.71453354456084 0.911325559313393 0.229007967791292 0.445234745452948 0.72707047768904 0.752600859079514 0.167945129680664 0.853011955712535 0.525739742960839 0.724353568499297 0.026173297404297 0.354452209498695 0.533763907284413 0.171288295199417 0.534461698710412 0.510730746098235 0.231014745728835 0.844276451984865 0.347521608107521 1.04880713555777 0.607284830792284
"21" 1.07246727736738 0.777453494964269 0.502047881173381 0.1571867037365 0.83837399749091 0.949369962555361 0.269861770890137 0.874070877276454 1.01645007391417 0.3103910665112 0.960232275813383 0.370127011567195 1.15994681427048 0.352119327735064 1.03619581609253 0.995911564316492 0.800781933414085 0.661386048409844 0.517555834024456 1.0435457851344 0 0.620502308333912 0.265665418185483 0.9817928938969 0.650815964198707 0.341072915655433 0.628351674327604 1.04881223532602 0.847510593755397 0.876961748210468 0.671100922481121 1.06517597158579 0.766739105849264 0.702810631711068 0.981575962286449 0.509336366551681 0.754720411893512 1.06293472758107 0.361569606542847 0.725089173511665 0.0949135680718357 0.619971306500422
"22" 0.672268373306758 0.733141506344223 0.401650477970848 0.558132736337826 0.398761965822852 0.474073465346606 0.431952556884961 0.702780777514217 0.802481357022677 0.793796528384251 1.01917265144236 0.691714576412426 0.914153176660255 0.268448684778024 0.766342181817328 0.867092316527498 0.190779246060279 0.686705104176541 0.273519885919537 0.71453354456084 0.620502308333912 0 0.698113424077195 0.536363664974118 0.301546833521832 0.337958303088678 0.86393270183253 0.624559194486901 1.08739580132923 0.297398528303047 0.877603043323461 0.723843585974553 0.361302375880135 0.759089213286142 0.762618289395402 0.405967125485468 0.218500256423157 0.86513141509049 0.26343287744202 0.392474939848999 0.688202178854812 0.113944793683519
"23" 0.96742754433408 0.57479735132033 0.413294079800323 0.165871960694415 0.782323910957845 0.893250072048885 0.266261958122528 0.702258896054015 0.843377628342499 0.0967742866011513 0.713378639573852 0.120435875377411 0.986122155054343 0.458500035206393 0.881615576227764 0.796122646270623 0.888887808262269 0.454177023027117 0.492938169466222 0.911325559313393 0.265665418185483 0.698113424077195 0 0.907300047717224 0.604842500281178 0.360486332059553 0.367125109867209 0.957008672506046 0.581931932545393 0.888489872661181 0.412087189668226 0.935791516311495 0.710376891298568 0.477943849471907 0.81387112155928 0.4175445192906 0.760146714674828 0.880050418353331 0.489151158940827 0.648118889264969 0.198244956191113 0.652810291873039
"24" 0.141894780193571 0.53188108876795 0.497594619367744 0.849858747507884 0.149426577913601 0.0705349320859813 0.714306184716922 0.39120643702493 0.394971014691333 0.994521943626738 0.783362083786519 0.827931750879478 0.446894314982894 0.693832393976886 0.318755742746982 0.515363183443593 0.556130282165912 0.583964633344048 0.466372779839835 0.229007967791292 0.9817928938969 0.536363664974118 0.907300047717224 0 0.332289586309335 0.64318843390224 0.840865522401289 0.0889708855581409 0.987947762236743 0.304251386745616 0.824044966917405 0.224633127408117 0.216606478961636 0.636260398591982 0.367177192780917 0.492261066101153 0.318930208465085 0.45055371183106 0.717736746311683 0.261354892505503 1.00753327841381 0.443201654647687
"25" 0.438296867910802 0.443411635512171 0.19659740913711 0.525009288901804 0.187684364357092 0.299362915607066 0.38609951964693 0.40125218080103 0.505954568718315 0.698252736471177 0.732688255986359 0.547670605003844 0.626512551008989 0.37102597151924 0.479681211128025 0.565551910691387 0.429634007491707 0.420639056218907 0.134088124634716 0.445234745452948 0.650815964198707 0.301546833521832 0.604842500281178 0.332289586309335 0 0.311047479026394 0.642120211178145 0.405590531959005 0.843163224792303 0.305200302720509 0.643150251567982 0.460263080109816 0.116030838778187 0.491692846827442 0.465732786941572 0.194638715145928 0.187981356529931 0.567909583348268 0.40047032812444 0.0989007563703194 0.681882801243075 0.187777931254027
"26" 0.741666277723384 0.551463001233151 0.199494443750143 0.232820246960551 0.49805069714072 0.608576854853446 0.0955651268260505 0.599034741639908 0.734135211404741 0.456611054923286 0.803395626450754 0.360298137393117 0.872557196160461 0.139325676497087 0.736053290005146 0.746321906183967 0.528640662296024 0.460933820169588 0.177086509028873 0.72707047768904 0.341072915655433 0.337958303088678 0.360486332059553 0.64318843390224 0.311047479026394 0 0.566743868320625 0.713772909565429 0.800823744350454 0.54821021790931 0.59110854370257 0.74641298978774 0.427062290160987 0.525635695051975 0.695652866220938 0.207677990346174 0.421873396331567 0.788837822662673 0.181250245680822 0.391710641497329 0.382174212664966 0.298559464581805
"27" 0.845936620961497 0.342360252023169 0.46817568973584 0.494723572085432 0.763642949964722 0.856145936622994 0.50710948955012 0.505640706101443 0.621935064546124 0.371688694308046 0.361332534069866 0.259439973752708 0.748740754945169 0.702997396298543 0.68844634192776 0.529867958145369 1.04018946769524 0.257516270398567 0.595269325958715 0.752600859079514 0.628351674327604 0.86393270183253 0.367125109867209 0.840865522401289 0.642120211178145 0.566743868320625 0 0.857498529411007 0.235515485026761 0.945507535071337 0.0485520539836951 0.778759386428568 0.705982286832217 0.219237190353227 0.606206999222576 0.465718964940184 0.829559109851108 0.636505996864389 0.743347496672672 0.628572240200074 0.565196105771579 0.777121895115439
"28" 0.056843139703883 0.531804077048031 0.554921437729467 0.911613089904254 0.231883247897676 0.15757149832871 0.779508871484497 0.377375892692896 0.349611817535554 1.04074862085166 0.761228788210596 0.870183516868763 0.377727747789826 0.773053588656645 0.265403690422788 0.478274669790146 0.643468368233379 0.600360883434022 0.538581440636055 0.167945129680664 1.04881223532602 0.624559194486901 0.957008672506046 0.0889708855581409 0.405590531959005 0.713772909565429 0.857498529411007 0 0.986098474118545 0.389672638906472 0.836012503843479 0.155724882415999 0.292780124429938 0.644965498560178 0.328814170542983 0.548822919446897 0.40761643449033 0.3986861678723 0.798726411833947 0.323723370572354 1.06903718386509 0.529334563392362
"29" 0.962610632103623 0.456269430769253 0.68651053325252 0.723553811066965 0.937159102186572 1.01620808030585 0.742619822646705 0.610001871313478 0.688948687127133 0.561602288072624 0.294255069049354 0.486791911076294 0.787377171487989 0.93787122172411 0.770471925405724 0.567574604644889 1.25737057152407 0.425654979087492 0.815029545400058 0.853011955712535 0.847510593755397 1.08739580132923 0.581931932545393 0.987947762236743 0.843163224792303 0.800823744350454 0.235515485026761 0.986098474118545 0 1.13835501487096 0.211018024358194 0.878043916915062 0.888845164787272 0.359563871026294 0.68672711179194 0.682848939811792 1.03064636134168 0.681623699576869 0.978442620236434 0.811586916012541 0.775141239946173 0.994321865945565
"30" 0.445239462867598 0.709511819381861 0.497274275770179 0.780691505013402 0.227985588800826 0.233719308729882 0.640412111842207 0.615096169085717 0.667093078406214 0.9845186910432 0.993241921985764 0.845317297480873 0.743381811224446 0.535520452231536 0.604499609480871 0.768090772991611 0.256294184592802 0.712713911493501 0.395739820667772 0.525739742960839 0.876961748210468 0.297398528303047 0.888489872661181 0.304251386745616 0.305200302720509 0.54821021790931 0.945507535071337 0.389672638906472 1.13835501487096 0 0.94387972176165 0.5255921030806 0.2534288394022 0.780571896767391 0.63215368759487 0.49657076398556 0.128360009174446 0.728131609560466 0.543377419701866 0.328418802727483 0.929135910267742 0.257435308355489
"31" 0.821630818877097 0.312151179354509 0.477882553480736 0.53389531886959 0.754479690971123 0.843083210081819 0.53709070897279 0.476149839633297 0.586690639151303 0.419766198848616 0.312780831910068 0.301087171146332 0.710129553267374 0.72895451415396 0.656274201986893 0.489523233901631 1.05004103551915 0.240940880405757 0.606175383093717 0.724353568499297 0.671100922481121 0.877603043323461 0.412087189668226 0.824044966917405 0.643150251567982 0.59110854370257 0.0485520539836951 0.836012503843479 0.211018024358194 0.94387972176165 0 0.750429854521714 0.69986219266985 0.191664351564808 0.57313174158041 0.474650350193908 0.831123066015931 0.598075036792103 0.769913493122779 0.622155798653913 0.610330553214868 0.786719485134111
"32" 0.104857667466366 0.438339221282402 0.563248347954545 0.917608663427735 0.327428915700801 0.293704623075765 0.796814526107771 0.27444471659604 0.205461658340917 1.01097326305728 0.631403916740216 0.836045207190229 0.223281720135041 0.829062704067413 0.117399841248109 0.338147113704828 0.771491065392362 0.529625315138624 0.5821675357288 0.026173297404297 1.06517597158579 0.723843585974553 0.935791516311495 0.224633127408117 0.460263080109816 0.74641298978774 0.778759386428568 0.155724882415999 0.878043916915062 0.5255921030806 0.750429854521714 0 0.365571131499474 0.559899382847699 0.19446309139979 0.555875233561229 0.516975385689413 0.247361734933565 0.860222373884796 0.363488129992355 1.07166963405237 0.618066881759959
"33" 0.329715535934766 0.456148268262095 0.297193720409042 0.638985426926898 0.0728311071050753 0.185063335496412 0.501108148157924 0.372051447799189 0.449272742336674 0.801727332659326 0.741067739763888 0.643801588001053 0.553651676488145 0.480312305367497 0.406079385909121 0.532252832174519 0.443628424772227 0.463771776463007 0.250033792415915 0.354452209498695 0.766739105849264 0.361302375880135 0.710376891298568 0.216606478961636 0.116030838778187 0.427062290160987 0.705982286832217 0.292780124429938 0.888845164787272 0.2534288394022 0.69986219266985 0.365571131499474 0 0.529722774072334 0.410569066095418 0.293344848118353 0.175794316421538 0.512226868158425 0.506653473286655 0.0777166137610645 0.796283180667213 0.252832750161694
"34" 0.629968597516463 0.123398316864435 0.362793777535128 0.548643475053694 0.577729696578753 0.659594737535991 0.501495490740458 0.286412439591923 0.406058043806523 0.520902603528065 0.277840729190074 0.357914736482881 0.538391270174049 0.66350923824115 0.469656392171477 0.327812830240877 0.916186174248292 0.0724681792428377 0.487006164342514 0.533763907284413 0.702810631711068 0.759089213286142 0.477943849471907 0.636260398591982 0.491692846827442 0.525635695051975 0.219237190353227 0.644965498560178 0.359563871026294 0.780571896767391 0.191664351564808 0.559899382847699 0.529722774072334 0 0.388090696705401 0.357060571673601 0.677000926804717 0.426645326097951 0.70562764888401 0.452771366261707 0.664838650948628 0.656823499475138
"35" 0.290589558254557 0.26485969526925 0.497275760936222 0.826583286902328 0.406470508404734 0.423628621236034 0.724409558517348 0.111658545266039 0.0402906606495775 0.878227474297273 0.437395103903713 0.703653566575637 0.178703452029675 0.803416953344812 0.0842218740178381 0.1496727351178 0.852594896358907 0.373520801586701 0.558184404586944 0.171288295199417 0.981575962286449 0.762618289395402 0.81387112155928 0.367177192780917 0.465732786941572 0.695652866220938 0.606206999222576 0.328814170542983 0.68672711179194 0.63215368759487 0.57313174158041 0.19446309139979 0.410569066095418 0.388090696705401 0 0.489130175060396 0.584950396628412 0.102513158053902 0.840266846817498 0.370376654638219 0.972137902518365 0.649256240418649
"36" 0.566988330974764 0.355841638537068 0.00818628301339121 0.364485108771299 0.364903478909338 0.475711251724036 0.241425747065672 0.39135720770584 0.527201249866125 0.508384535243548 0.627374131634662 0.353314048924144 0.666865386643973 0.329064186279512 0.533650925270173 0.540297689471709 0.575422134224559 0.285669520016942 0.132520740302403 0.534461698710412 0.509336366551681 0.405967125485468 0.4175445192906 0.492261066101153 0.194638715145928 0.207677990346174 0.465718964940184 0.548822919446897 0.682848939811792 0.49657076398556 0.474650350193908 0.555875233561229 0.293344848118353 0.357060571673601 0.489130175060396 0 0.372829294070806 0.58129298098353 0.369670978123396 0.231365175732766 0.521138510889484 0.312092194401109
"37" 0.457110897578197 0.618563130369294 0.372906960894818 0.653759379024235 0.189854572681768 0.255595617341999 0.513080518452547 0.547023494155467 0.62307540650568 0.856215739579756 0.906994197114654 0.71853963818731 0.720034436871691 0.421083257130641 0.574046616888776 0.707965633455155 0.267956103237722 0.606808470286219 0.267516585061383 0.510730746098235 0.754720411893512 0.218500256423157 0.760146714674828 0.318930208465085 0.187981356529931 0.421873396331567 0.829559109851108 0.40761643449033 1.03064636134168 0.128360009174446 0.831123066015931 0.516975385689413 0.175794316421538 0.677000926804717 0.584950396628412 0.372829294070806 0 0.685894197997309 0.434285054465344 0.236911596229315 0.803709084115569 0.142694940274986
"38" 0.351814063853252 0.309793602378648 0.5894781814716 0.906532964740436 0.504739942740131 0.511959257292279 0.811693756974405 0.19085019376308 0.0629679203548734 0.937453488914134 0.407458848791655 0.765476121644244 0.112246428178398 0.900666068516943 0.133435479154345 0.114084610539339 0.953130496442021 0.428383427272206 0.657309588454899 0.231014745728835 1.06293472758107 0.86513141509049 0.880050418353331 0.45055371183106 0.567909583348268 0.788837822662673 0.636505996864389 0.3986861678723 0.681623699576869 0.728131609560466 0.598075036792103 0.247361734933565 0.512226868158425 0.426645326097951 0.102513158053902 0.58129298098353 0.685894197997309 0 0.938227459286891 0.472862032667098 1.04737362094425 0.751756298585689
"39" 0.836100399099721 0.723853245654306 0.361908979961389 0.32946490302687 0.568412840624451 0.668676821981601 0.240868290301555 0.752654710918971 0.880027780070401 0.578327236493256 0.983049561092897 0.519347634157169 1.01227018582025 0.042124359360817 0.869268733108347 0.907632165163469 0.439275353075385 0.639506794786486 0.283178894431306 0.844276451984865 0.361569606542847 0.26343287744202 0.489151158940827 0.717736746311683 0.40047032812444 0.181250245680822 0.743347496672672 0.798726411833947 0.978442620236434 0.543377419701866 0.769913493122779 0.860222373884796 0.506653473286655 0.70562764888401 0.840266846817498 0.369670978123396 0.434285054465344 0.938227459286891 0 0.496833111908621 0.437090671219084 0.291598784690491
"40" 0.349971257771563 0.38350239881958 0.236456417353477 0.589387592631887 0.139484990052605 0.246408254421331 0.455875599825838 0.315148013146375 0.410387546600839 0.737302606904287 0.670806762817189 0.575185326405074 0.528132401119272 0.465655799272017 0.381025938095315 0.478766869643531 0.499815363844106 0.386278330253208 0.220304608173204 0.347521608107521 0.725089173511665 0.392474939848999 0.648118889264969 0.261354892505503 0.0989007563703194 0.391710641497329 0.628572240200074 0.323723370572354 0.811586916012541 0.328418802727483 0.622155798653913 0.363488129992355 0.0777166137610645 0.452771366261707 0.370376654638219 0.231365175732766 0.236911596229315 0.472862032667098 0.496833111908621 0 0.747046116261587 0.278915311872477
"41" 1.08810234927294 0.751024952274741 0.514655978980584 0.157682285151789 0.868929804792298 0.981026648941626 0.296185072303919 0.862110719329439 1.00494135151704 0.223409132583147 0.909875393818946 0.314552656067059 1.14883722926882 0.421346092134987 1.03254769067768 0.972224067467321 0.873203844878165 0.63169652426809 0.552318399621887 1.04880713555777 0.0949135680718357 0.688202178854812 0.198244956191113 1.00753327841381 0.681882801243075 0.382174212664966 0.565196105771579 1.06903718386509 0.775141239946173 0.929135910267742 0.610330553214868 1.07166963405237 0.796283180667213 0.664838650948628 0.972137902518365 0.521138510889484 0.803709084115569 1.04737362094425 0.437090671219084 0.747046116261587 0 0.675043022772789
"42" 0.573710132280028 0.623732887512506 0.309131390774472 0.530837666042329 0.298570590305291 0.386642269230567 0.393487962337315 0.588921804920125 0.689210517447697 0.749583381305767 0.911370891851497 0.62849453416326 0.80297807362255 0.279521276975801 0.655152019674341 0.753245064711115 0.263329943225099 0.58438151972065 0.182289028863584 0.607284830792284 0.619971306500422 0.113944793683519 0.652810291873039 0.443201654647687 0.187777931254027 0.298559464581805 0.777121895115439 0.529334563392362 0.994321865945565 0.257435308355489 0.786719485134111 0.618066881759959 0.252832750161694 0.656823499475138 0.649256240418649 0.312092194401109 0.142694940274986 0.751756298585689 0.291598784690491 0.278915311872477 0.675043022772789 0
