"V1" "V2" "V3" "V4" "V5" "V6" "V7" "V8" "V9" "V10" "V11" "V12" "V13" "V14" "V15" "V16" "V17" "V18" "V19" "V20" "V21"
"1" 0 0.124337579974678 0.0515054468271839 0.154221421301213 0.217790619598483 0.0938754049942311 0.181871337943468 0.0702668699766936 0.114810729155549 0.159981772301544 0.189897331765399 0.297601605014378 0.219680638802791 0.143822753467915 0.0837916225896353 0.191514335721657 0.0514072343935193 0.105737352559758 0.11254478429384 0.201080913949984 0.213850173446695
"2" 0.124337579974678 0 0.144273787917566 0.0365898759304944 0.16218339921153 0.0355794975084274 0.123615896418497 0.0729780621911322 0.0575957979633465 0.102083312164873 0.20012912124581 0.173433565226323 0.111432130345751 0.0553856404716132 0.128406319149204 0.0706513938971745 0.0793348123364894 0.0910966428975448 0.110936304009703 0.11210764759171 0.0989324249631475
"3" 0.0515054468271839 0.144273787917566 0 0.165496404143835 0.263537038582652 0.122795327803429 0.161942379154344 0.0729880115222088 0.112734299530088 0.202984075916921 0.241381054145389 0.314446150046275 0.250992813599552 0.178147933045096 0.135197191959464 0.214892605497882 0.091161702205039 0.151871897857153 0.085751307600608 0.191738634708588 0.217623981870966
"4" 0.154221421301213 0.0365898759304944 0.165496404143835 0 0.18409475999729 0.0716856103822274 0.101548423973663 0.0926169100812779 0.0586019355163068 0.128884109038403 0.23328698026824 0.149174309584848 0.11265355710649 0.0805231537980126 0.164990273277271 0.0627281803722056 0.113463577301186 0.12661689512695 0.112711119551341 0.0799778455017409 0.0626833611690778
"5" 0.217790619598483 0.16218339921153 0.263537038582652 0.18409475999729 0 0.154625465098224 0.284147555561944 0.214368396228794 0.218342370170034 0.0632097533120038 0.103744128221979 0.211387409679349 0.103632010644795 0.106808876447322 0.146934818711592 0.140069866485129 0.172561391838137 0.112147045640434 0.26682356487312 0.262371465094942 0.223452629922392
"6" 0.0938754049942311 0.0355794975084274 0.122795327803429 0.0716856103822274 0.154625465098224 0 0.145149069988149 0.0605601463402408 0.0695612920856995 0.0914564148058112 0.174573614735053 0.204889027775889 0.128438587329214 0.056075014305849 0.0939153677741036 0.0977133128033147 0.0451887608201004 0.0627196602744211 0.112532117287803 0.142143258188598 0.134313509168553
"7" 0.181871337943468 0.123615896418497 0.161942379154344 0.101548423973663 0.284147555561944 0.145149069988149 0 0.114189133938876 0.0771432637688355 0.225581878760613 0.319708487880142 0.212207640842957 0.211583439148952 0.177961604211497 0.231162317826526 0.160389524180843 0.166954056363177 0.207863251078891 0.0764319403062252 0.0464993504179692 0.100067958999777
"8" 0.0702668699766936 0.0729780621911322 0.0729880115222088 0.0926169100812779 0.214368396228794 0.0605601463402408 0.114189133938876 0 0.0447745406131214 0.151190998963116 0.220244155122605 0.241459286542458 0.183189881441499 0.115711698694775 0.121425756003861 0.143390629642311 0.0567854312831448 0.112094244669286 0.0573645598278451 0.130817314686485 0.147365610923564
"9" 0.114810729155549 0.0575957979633465 0.112734299530088 0.0586019355163068 0.218342370170034 0.0695612920856995 0.0771432637688355 0.0447745406131214 0 0.156557647867942 0.243684480026807 0.206011582882629 0.165613719118551 0.112141497959981 0.154285365499491 0.118819494964402 0.090779208253675 0.131808220119728 0.0551975693868037 0.0865144499063967 0.104890939516254
"10" 0.159981772301544 0.102083312164873 0.202984075916921 0.128884109038403 0.0632097533120038 0.0914564148058112 0.225581878760613 0.151190998963116 0.156557647867942 0 0.112627309155428 0.196158375182176 0.0872660051065538 0.0483838656779345 0.101461556828401 0.100161326234392 0.111881473705444 0.0559947815958411 0.203818045700787 0.208807182353585 0.177720053430952
"11" 0.189897331765399 0.20012912124581 0.241381054145389 0.23328698026824 0.103744128221979 0.174573614735053 0.319708487880142 0.220244155122605 0.243684480026807 0.112627309155428 0 0.304678584809681 0.193592930143346 0.15595861662011 0.106266937364482 0.21276667947527 0.164524232040804 0.11191302324674 0.277604645895577 0.312109036488638 0.28794403052878
"12" 0.297601605014378 0.173433565226323 0.314446150046275 0.149174309584848 0.211387409679349 0.204889027775889 0.212207640842957 0.241459286542458 0.206011582882629 0.196158375182176 0.304678584809681 0 0.111092173711444 0.169843721177422 0.281695382354434 0.108847814040806 0.250002263570728 0.232560529721261 0.256128208524871 0.166628173643534 0.112517966811332
"13" 0.219680638802791 0.111432130345751 0.250992813599552 0.11265355710649 0.103632010644795 0.128438587329214 0.211583439148952 0.183189881441499 0.165613719118551 0.0872660051065538 0.193592930143346 0.111092173711444 0 0.0761800565003873 0.182266186048922 0.051204352489344 0.168333521700099 0.132545382361705 0.220671060402974 0.178788625091181 0.130282999383557
"14" 0.143822753467915 0.0553856404716132 0.178147933045096 0.0805231537980126 0.106808876447322 0.056075014305849 0.177961604211497 0.115711698694775 0.112141497959981 0.0483838656779345 0.15595861662011 0.169843721177422 0.0761800565003873 0 0.111872049107426 0.0629526410014857 0.0924158688624571 0.0628885208855155 0.163050125099627 0.160479808826377 0.131985491945894
"15" 0.0837916225896353 0.128406319149204 0.135197191959464 0.164990273277271 0.146934818711592 0.0939153677741036 0.231162317826526 0.121425756003861 0.154285365499491 0.101461556828401 0.106266937364482 0.281695382354434 0.182266186048922 0.111872049107426 0 0.173818797050395 0.0649177552490678 0.0498612178114277 0.177546306259936 0.234885984739867 0.227121660668339
"16" 0.191514335721657 0.0706513938971745 0.214892605497882 0.0627281803722056 0.140069866485129 0.0977133128033147 0.160389524180843 0.143390629642311 0.118819494964402 0.100161326234392 0.21276667947527 0.108847814040806 0.051204352489344 0.0629526410014857 0.173818797050395 0 0.142295237111185 0.125642080007912 0.173934944377271 0.128410144612416 0.0836539309647953
"17" 0.0514072343935193 0.0793348123364894 0.091161702205039 0.113463577301186 0.172561391838137 0.0451887608201004 0.166954056363177 0.0567854312831448 0.090779208253675 0.111881473705444 0.164524232040804 0.250002263570728 0.168333521700099 0.0924158688624571 0.0649177552490678 0.142295237111185 0 0.0619210344062409 0.11368426600754 0.174596914919933 0.175786418173315
"18" 0.105737352559758 0.0910966428975448 0.151871897857153 0.12661689512695 0.112147045640434 0.0627196602744211 0.207863251078891 0.112094244669286 0.131808220119728 0.0559947815958411 0.11191302324674 0.232560529721261 0.132545382361705 0.0628885208855155 0.0498612178114277 0.125642080007912 0.0619210344062409 0 0.168910709233046 0.202796021025207 0.186337650430131
"19" 0.11254478429384 0.110936304009703 0.085751307600608 0.112711119551341 0.26682356487312 0.112532117287803 0.0764319403062252 0.0573645598278451 0.0551975693868037 0.203818045700787 0.277604645895577 0.256128208524871 0.220671060402974 0.163050125099627 0.177546306259936 0.173934944377271 0.11368426600754 0.168910709233046 0 0.110867648481038 0.148069978063433
"20" 0.201080913949984 0.11210764759171 0.191738634708588 0.0799778455017409 0.262371465094942 0.142143258188598 0.0464993504179692 0.130817314686485 0.0865144499063967 0.208807182353585 0.312109036488638 0.166628173643534 0.178788625091181 0.160479808826377 0.234885984739867 0.128410144612416 0.174596914919933 0.202796021025207 0.110867648481038 0 0.0559933996407934
"21" 0.213850173446695 0.0989324249631475 0.217623981870966 0.0626833611690778 0.223452629922392 0.134313509168553 0.100067958999777 0.147365610923564 0.104890939516254 0.177720053430952 0.28794403052878 0.112517966811332 0.130282999383557 0.131985491945894 0.227121660668339 0.0836539309647953 0.175786418173315 0.186337650430131 0.148069978063433 0.0559933996407934 0
