"V1" "V2" "V3" "V4" "V5" "V6" "V7" "V8" "V9" "V10" "V11" "V12" "V13" "V14" "V15" "V16" "V17" "V18" "V19" "V20" "V21"
"1" 0 0.217615154535941 0.786780695132951 0.758278013616683 0.958035551799653 0.732541249706014 0.688748767267738 0.465551293516764 0.681267415819313 0.661525304998534 0.46738142425622 0.799350988043344 0.928827015300319 0.691901447587762 0.658336595179355 0.390331187245186 0.598723023189943 0.46789587812848 0.730105003957737 0.639135737692478 0.9267426848704
"2" 0.217615154535941 0 0.993988307896368 0.744121538979476 1.08335126758597 0.917773855519939 0.748272583696433 0.683150302565762 0.836466753422011 0.85421644118911 0.67644104305273 0.912846414186942 1.05563547748013 0.827618788963398 0.622858134321803 0.539505421510616 0.741625105591026 0.477798025265836 0.94027896233225 0.709910914349359 1.09313689426385
"3" 0.786780695132951 0.993988307896368 0 1.01316282130691 0.617143333933825 0.215688161986566 0.77124365855403 0.389188287210355 0.399693240856148 0.193386440574576 0.319460040055503 0.606316528390648 0.59594910036817 0.490739340032555 1.01550161500499 0.532389524804614 0.467478629528996 0.847772550993238 0.0689653365182703 0.723976899545845 0.384568797632615
"4" 0.758278013616683 0.744121538979476 1.01316282130691 0 0.642697712126788 0.81360287659997 0.252291726169818 0.974017312683324 0.628112516478034 0.82029969804616 0.837340182458973 0.495656900845893 0.629903939633095 0.544890107055423 0.131209699856007 0.552585695185298 0.54599897693129 0.290672451359914 1.00479977085306 0.290765177646601 0.826526807087418
"5" 0.958035551799653 1.08335126758597 0.617143333933825 0.642697712126788 0 0.416482872691271 0.417797401207906 0.836689675819392 0.306812903779629 0.488332748153916 0.67491654469856 0.176142676437351 0.0297977006089051 0.267421470043696 0.722464850219634 0.568347351031616 0.362444823157722 0.676441328600969 0.65279979117683 0.419289430064565 0.259561223127484
"6" 0.732541249706014 0.917773855519939 0.215688161986566 0.81360287659997 0.416482872691271 0 0.565952701993785 0.45458417401007 0.188175024910054 0.0866210679283021 0.313287219454077 0.390674783976788 0.392361905995889 0.278109301673065 0.829695917484001 0.396539842388201 0.271314337663857 0.681530108418798 0.238598505206334 0.522838680839484 0.228717312846526
"7" 0.688748767267738 0.748272583696433 0.77124365855403 0.252291726169818 0.417797401207906 0.565952701993785 0 0.786655188272998 0.378620571944285 0.580642345926623 0.63445286843563 0.2533610750527 0.399590262346169 0.293235602532694 0.30695170701886 0.374528595445361 0.305495396220866 0.28383864869949 0.769197747890759 0.0583015062692535 0.576820990830024
"8" 0.465551293516764 0.683150302565762 0.389188287210355 0.974017312683324 0.836689675819392 0.45458417401007 0.786655188272998 0 0.534348558355859 0.368341293173115 0.164646070697709 0.742475776111888 0.808376225724621 0.603079378329036 0.925869741720895 0.422147278563672 0.523105287424515 0.723359362090941 0.321036625200635 0.728657717079754 0.68325463264009
"9" 0.681267415819313 0.836466753422011 0.399693240856148 0.628112516478034 0.306812903779629 0.188175024910054 0.378620571944285 0.534348558355859 0 0.220268460081095 0.370658483230293 0.219551753251442 0.277519357866794 0.0911111064729967 0.652804753246336 0.297424411360061 0.104858494653831 0.523966784279924 0.409443337174191 0.337929337140151 0.260618187550882
"10" 0.661525304998534 0.85421644118911 0.193386440574576 0.82029969804616 0.488332748153916 0.0866210679283021 0.580642345926623 0.368341293173115 0.220268460081095 0 0.227839768641998 0.437951453661173 0.462386355990028 0.310067740655519 0.822592367610218 0.352906346823657 0.275517924865484 0.658994590631021 0.190502755426721 0.531947736899094 0.315227921914666
"11" 0.46738142425622 0.67644104305273 0.319460040055503 0.837340182458973 0.67491654469856 0.313287219454077 0.63445286843563 0.164646070697709 0.370658483230293 0.227839768641998 0 0.57787772983275 0.6462522688061 0.438461167550212 0.803485293711309 0.288507647052663 0.359850915249421 0.609082358202273 0.263843645181902 0.577272265083356 0.539372937379385
"12" 0.799350988043344 0.912846414186942 0.606316528390648 0.495656900845893 0.176142676437351 0.390674783976788 0.2533610750527 0.742475776111888 0.219551753251442 0.437951453661173 0.57787772983275 0 0.152546001529933 0.139447160444227 0.560234189837185 0.415563052874414 0.225889948551564 0.500744059313548 0.624202077976525 0.246192497126046 0.334811306903469
"13" 0.928827015300319 1.05563547748013 0.59594910036817 0.629903939633095 0.0297977006089051 0.392361905995889 0.399590262346169 0.808376225724621 0.277519357866794 0.462386355990028 0.6462522688061 0.152546001529933 0 0.237836462334863 0.705621533193104 0.538980374248554 0.332785123624026 0.653243004265401 0.629702867755221 0.397909972097481 0.247972632912031
"14" 0.691901447587762 0.827618788963398 0.490739340032555 0.544890107055423 0.267421470043696 0.278109301673065 0.293235602532694 0.603079378329036 0.0911111064729967 0.310067740655519 0.438461167550212 0.139447160444227 0.237836462334863 0 0.579330681886682 0.301634825326705 0.0952368040960397 0.470103848959358 0.49995286886665 0.257851563550837 0.304233495716515
"15" 0.658336595179355 0.622858134321803 1.01550161500499 0.131209699856007 0.722464850219634 0.829695917484001 0.30695170701886 0.925869741720895 0.652804753246336 0.822592367610218 0.803485293711309 0.560234189837185 0.705621533193104 0.579330681886682 0 0.515105096001681 0.558491034859884 0.206121992716784 0.998317889302287 0.323882785081747 0.877000081959739
"16" 0.390331187245186 0.539505421510616 0.532389524804614 0.552585695185298 0.568347351031616 0.396539842388201 0.374528595445361 0.422147278563672 0.297424411360061 0.352906346823657 0.288507647052663 0.415563052874414 0.538980374248554 0.301634825326705 0.515105096001681 0 0.208585519690278 0.32460843733412 0.501166071744632 0.316397745098886 0.553902649553565
"17" 0.598723023189943 0.741625105591026 0.467478629528996 0.54599897693129 0.362444823157722 0.271314337663857 0.305495396220866 0.523105287424515 0.104858494653831 0.275517924865484 0.359850915249421 0.225889948551564 0.332785123624026 0.0952368040960397 0.558491034859884 0.208585519690278 0 0.420386338088331 0.463713790835484 0.256544829114073 0.363773123287271
"18" 0.46789587812848 0.477798025265836 0.847772550993238 0.290672451359914 0.676441328600969 0.681530108418798 0.28383864869949 0.723359362090941 0.523966784279924 0.658994590631021 0.609082358202273 0.500744059313548 0.653243004265401 0.470103848959358 0.206121992716784 0.32460843733412 0.420386338088331 0 0.822452806398406 0.260742569607346 0.77374973312696
"19" 0.730105003957737 0.94027896233225 0.0689653365182703 1.00479977085306 0.65279979117683 0.238598505206334 0.769197747890759 0.321036625200635 0.409443337174191 0.190502755426721 0.263843645181902 0.624202077976525 0.629702867755221 0.49995286886665 0.998317889302287 0.501166071744632 0.463713790835484 0.822452806398406 0 0.718982598975236 0.433766270646877
"20" 0.639135737692478 0.709910914349359 0.723976899545845 0.290765177646601 0.419289430064565 0.522838680839484 0.0583015062692535 0.728657717079754 0.337929337140151 0.531947736899094 0.577272265083356 0.246192497126046 0.397909972097481 0.257851563550837 0.323882785081747 0.316397745098886 0.256544829114073 0.260742569607346 0.718982598975236 0 0.553130241359288
"21" 0.9267426848704 1.09313689426385 0.384568797632615 0.826526807087418 0.259561223127484 0.228717312846526 0.576820990830024 0.68325463264009 0.260618187550882 0.315227921914666 0.539372937379385 0.334811306903469 0.247972632912031 0.304233495716515 0.877000081959739 0.553902649553565 0.363773123287271 0.77374973312696 0.433766270646877 0.553130241359288 0
