"V1" "V2" "V3" "V4" "V5" "V6" "V7" "V8" "V9" "V10" "V11" "V12" "V13" "V14" "V15" "V16" "V17" "V18" "V19" "V20" "V21" "V22" "V23" "V24" "V25" "V26" "V27" "V28" "V29" "V30" "V31" "V32" "V33" "V34" "V35" "V36" "V37" "V38" "V39" "V40" "V41" "V42" "V43" "V44" "V45" "V46" "V47" "V48" "V49" "V50" "V51" "V52" "V53" "V54" "V55" "V56" "V57" "V58" "V59" "V60" "V61" "V62" "V63" "V64" "V65" "V66" "V67" "V68" "V69" "V70" "V71" "V72" "V73" "V74" "V75" "V76" "V77" "V78" "V79" "V80" "V81" "V82" "V83" "V84"
"1" 0 0.129982412467197 0.0848093919904706 0.0188166480853931 0.0270022431129547 0.0292812897519025 0.0642508279083452 0.0847199246289428 0.0301711745759974 0.126637470624118 0.0762201908155486 0.105192243745666 0.0982161793004134 0.0651237751516043 0.0814287306977716 0.117195343127764 0.0493481344617792 0.127028462514623 0.0677537752488747 0.0556638402561145 0.0974322779020077 0.0275554580106101 0.13641463417922 0.156674551495365 0.100047577449716 0.127395776189993 0.0744733309635198 0.0577628924173802 0.128347232510167 0.0543558590359146 0.10646679901263 0.106722776543585 0.0439602513802788 0.113025809159748 0.13188299990947 0.166492688740963 0.0962896394625563 0.0804474060721386 0.0907576853691609 0.0746158298750245 0.0383866679410316 0.139443162437537 0.0230792456326813 0.0524477383036614 0.0402727101870304 0.157028210344317 0.0154561473006546 0.0986038796521845 0.146914478148517 0.079172964893971 0.045315966128429 0.0544168414141294 0.0993654456242182 0.0615604904630628 0.066794478517356 0.100293311044546 0.0534812199507619 0.0348087115205468 0.137955157175551 0.098202369525852 0.031498013874855 0.131015802475491 0.131446235316613 0.10906209923452 0.0745711925316483 0.125822996237109 0.0835301806336709 0.0954044329362588 0.1360516366476 0.110178743685685 0.0922725138143167 0.100160160095611 0.070152381384426 0.0841911300676911 0.0582787723373454 0.0392029218491579 0.0964634485069454 0.052253730638248 0.037304595889881 0.0233959039920736 0.0433364595219297 0.0853879455305849 0.15611508334943 0.0520485047063139
"2" 0.129982412467197 0 0.195444193383698 0.112105833289328 0.110156716159914 0.135460589374291 0.0707770175816436 0.0464219175856223 0.154238244124675 0.224620345807851 0.0818510667882527 0.118991598701805 0.0731798096700626 0.0651009798843015 0.163098666364983 0.0960846502876897 0.118233347761398 0.192259701864183 0.125162932177784 0.185271673529371 0.204504349704518 0.148476176241334 0.190659462895061 0.10144138780795 0.0419226854334445 0.158490542846853 0.173313791211753 0.106307298024198 0.136176507806182 0.129072097071022 0.140451945159861 0.179046888428465 0.0984233178437151 0.234623611418523 0.208733187128373 0.206463751828206 0.0580646573737223 0.100382207933544 0.133641521601295 0.0653321586499238 0.106328186149476 0.155235933816575 0.152134304869246 0.179193871056192 0.092930008339579 0.12678515249697 0.136121276466128 0.0320295032904079 0.186050552121936 0.131144224336863 0.150382829532875 0.17219768091517 0.225223483115331 0.090662755921553 0.14712071745725 0.199442837036199 0.144299525453747 0.143252506201233 0.0765486935443877 0.182499874488013 0.115786231420248 0.0434900010243444 0.120333649026992 0.166182354693324 0.204123857551371 0.0591101386649328 0.152579348553947 0.0930837493289728 0.0642876273524501 0.106084294543298 0.0897338938580483 0.152376845247294 0.18860501092675 0.113258264386722 0.101217010125473 0.169027909654434 0.0513341475069901 0.0791044960436493 0.0934482093525517 0.122849800891043 0.163022948712833 0.0848649126087564 0.156414523139517 0.0881980161895158
"3" 0.0848093919904706 0.195444193383698 0 0.101056299140982 0.0895615148222194 0.0632165058014026 0.142786063065004 0.149796633316315 0.0553350818407156 0.0440458136982818 0.117598885044415 0.110389594403949 0.136169856129974 0.134062250707955 0.0451560537541772 0.137803869140235 0.0775712880498168 0.0724496009696332 0.0766762485261283 0.0728654127324443 0.0131183674132231 0.0946378001311718 0.0876018081354078 0.177745328887226 0.156125475647004 0.10321930611981 0.0252799492322344 0.0905887861114832 0.121943093374461 0.0676617326707678 0.0942025635348663 0.0568061934723436 0.0974852304542254 0.0441117447530428 0.0645255374125007 0.118601649432513 0.144216699278047 0.105446893854941 0.0849338146283359 0.130332957426444 0.123084538596785 0.121007271719491 0.0790634170911522 0.0443604385890002 0.105859744270908 0.162788194505016 0.070427018227878 0.163930356685592 0.106494184337347 0.0779487615189645 0.0458530129963033 0.0307658820761568 0.0471021272117104 0.105621950367169 0.0531964657638528 0.0227056493791561 0.051553284911377 0.108482118405808 0.170233124058232 0.0408605270034786 0.0813638990969084 0.17939200908585 0.136725667263895 0.0733156510284627 0.0585355423341146 0.166954879604744 0.0594536177448582 0.120990884252937 0.216897361474243 0.124495850750987 0.176792261329022 0.0765019295310285 0.0191517280522818 0.0974633763273136 0.143072080304931 0.0708350952058892 0.175035125403937 0.119567665420008 0.115788629763001 0.107395855263372 0.0416932031675243 0.120044782888295 0.14163187401514 0.134671376701143
"4" 0.0188166480853931 0.112105833289328 0.101056299140982 0 0.0224952255946642 0.0401557652690004 0.0454346318842955 0.0677158629822487 0.048022345146239 0.141378858434373 0.0666035693747605 0.10245757598068 0.0875375512342465 0.0479288361830002 0.0910459657035044 0.109699083101228 0.0503681049193784 0.135685499125867 0.0695386262858755 0.0731730209167101 0.11326065257044 0.0385256153950879 0.143413984184327 0.147260117770406 0.0846040401830181 0.129702113250342 0.0877486460632439 0.0544028280139775 0.126598138063168 0.0586861620846303 0.107777253325407 0.115842887331364 0.0361640920207623 0.131401258698837 0.142890306543476 0.172082010122289 0.0830736925633825 0.0752448716612248 0.0923309294214001 0.0606858842484077 0.023521299753645 0.139763122479422 0.0400299100993517 0.0711590874316624 0.0274229314487556 0.151062115874274 0.0307290016260942 0.0811907810877976 0.15164581980788 0.0813777248379136 0.0581824097319842 0.0714184225366195 0.118118984348244 0.0532699302588866 0.0747244319973116 0.114637773015013 0.0627982400534901 0.0391708698945622 0.126648616837352 0.109398344398925 0.0318249552169343 0.116324940684844 0.126787714326756 0.115214544016796 0.0931974251121308 0.112919668833352 0.0903321600045684 0.0883106085015854 0.117635730007207 0.104746578549387 0.0759527899284755 0.10465862120372 0.087655827697289 0.0817705962009953 0.043390664293928 0.0570258359548006 0.0776821252896034 0.0365167968785389 0.0187672351152519 0.0184505059029756 0.06044937222431 0.0767561546668185 0.154750850652073 0.0338941992104028
"5" 0.0270022431129547 0.110156716159914 0.0895615148222194 0.0224952255946642 0 0.0264782026623765 0.0535718960761502 0.063763411784565 0.0442170813654178 0.126510788848058 0.0492553562114164 0.0805979697291022 0.0713349911030677 0.045728569582803 0.0717503480626226 0.0904423475614779 0.0280279090573756 0.115150849264115 0.0471383823350665 0.0800939282093626 0.100646756849916 0.0541709052949712 0.122008843849657 0.12968440056213 0.0761154151946657 0.107228559826114 0.0721402800602973 0.0324336025145329 0.104518120364602 0.0371930515468311 0.085282074678155 0.0957789953965249 0.0169874526812995 0.12533993311416 0.123925686454491 0.150096173104275 0.0704157806294726 0.0543254641513025 0.0698495530005682 0.0496995508189694 0.0443581027801806 0.11733531434588 0.0492576716572695 0.0692064341645848 0.017254352436265 0.130838038206399 0.026585727790415 0.0781383240174725 0.129484973899248 0.0589768628157515 0.0439201678656794 0.062932770140103 0.115083391331569 0.0345588718296555 0.0546791618147285 0.0996620976283509 0.0443639687801415 0.0588385107044808 0.111108308640024 0.0910257215458067 0.0102957856431168 0.105920953812987 0.105794824419494 0.0936262908758923 0.095257871895709 0.0995556590185668 0.0692833295421465 0.0686918289569883 0.127659895762735 0.084099333964385 0.0925556652320816 0.0825970463715511 0.0795935546830537 0.0597253562229793 0.062937890482576 0.0636225455377533 0.0855317168613405 0.0312316330112681 0.0279912275167757 0.0402582370481541 0.053131712289284 0.0583998474789302 0.132622911671764 0.048662806419483
"6" 0.0292812897519025 0.135460589374291 0.0632165058014026 0.0401557652690004 0.0264782026623765 0 0.0795892025669069 0.0890873553664318 0.0228733633603247 0.10161583928247 0.0657743974049771 0.0828538038192259 0.087623193694412 0.0718687735959335 0.0522508700344882 0.100496281535477 0.0277259266402001 0.0977789606992537 0.04263014528929 0.0644361033902589 0.0746156245526712 0.0530126399703018 0.107188889276765 0.141639668497754 0.099096945564969 0.100056885523823 0.0476468442353037 0.0405039778296855 0.104303404741115 0.0278713973796346 0.0801724926195905 0.077509137890259 0.0375620845890481 0.0992889726760086 0.103317261651743 0.137485785835596 0.090603967709234 0.0627501267578 0.0646692872176197 0.0723608478530774 0.063551630174568 0.113380793522003 0.0412073429102851 0.0463343898597076 0.0433222884707243 0.137121999719384 0.0150130977426719 0.103467482854224 0.118221460183988 0.0529826812863542 0.0182181610860001 0.036789257219721 0.0902111679900464 0.0511203256704624 0.0376129513382233 0.0747760774680006 0.0242000212858615 0.0631265428489374 0.126609039997788 0.069666313371379 0.0197365461950572 0.126798469392964 0.110506799194421 0.0800675448341435 0.074123530872996 0.117938098287254 0.0545001893267175 0.0792560847502267 0.15372093964825 0.0909275097489358 0.115742853441413 0.0718817522759307 0.0533535094477709 0.0625599977435315 0.0835340545039104 0.0494860645041074 0.111823643074785 0.0572917925614594 0.0528289453393842 0.0520196100638251 0.0277971214138026 0.0723787676164552 0.131260917399609 0.0724706830780794
"7" 0.0642508279083452 0.0707770175816436 0.142786063065004 0.0454346318842955 0.0535718960761502 0.0795892025669069 0 0.0349555604193733 0.0926641965806603 0.179957063384109 0.0631931166205705 0.109403118086246 0.075733881620315 0.0224892422241057 0.123119500712614 0.103772193126185 0.0752668862464793 0.163505397929218 0.0910812258578313 0.11720797488613 0.154132778271235 0.0785686471196802 0.167686699805331 0.132655754440504 0.0561456440315153 0.145183451200929 0.125602696063746 0.0702006582099456 0.133322145948717 0.0866288925038205 0.123017473112074 0.145489417132868 0.0518868186050217 0.176098096308231 0.174803640489218 0.192301238781513 0.0636347876673292 0.0810532236240935 0.109871384627994 0.0449165701886204 0.0355521647544768 0.150214247300983 0.0843463206181107 0.116457716008356 0.0394094655997922 0.145573446123989 0.0745479533162191 0.043891307515888 0.170933825320746 0.101670619239511 0.0974263223621247 0.114740745299488 0.163439614546886 0.0584821809293677 0.105664416258208 0.153144537629805 0.0971664522433368 0.0725176986477915 0.10796494215397 0.14295806914367 0.0629235927491626 0.0872896320325792 0.126476248959346 0.139449506294103 0.138415812148915 0.0903719177966304 0.117788684115331 0.0866480037762118 0.0741382888499504 0.104858519266195 0.0457209767485377 0.126582474029037 0.131341370726691 0.0925982905222878 0.0342062574000268 0.101604939764205 0.032566393858179 0.0293572556734255 0.027537481403678 0.0526635982145344 0.104143190843796 0.0733333163716801 0.160396833520407 0.0175806857078333
"8" 0.0847199246289428 0.0464219175856223 0.149796633316315 0.0677158629822487 0.063763411784565 0.0890873553664318 0.0349555604193733 0 0.107910428221861 0.181099752393629 0.043107397279057 0.0882075333914652 0.0465848577931831 0.0197908481985071 0.120262770571837 0.075137588951217 0.0734559767437701 0.154165753539614 0.0832438759897992 0.140356358499416 0.159363325461127 0.105577438527617 0.155138657355969 0.0991962463123517 0.0212347400237184 0.127117393773166 0.128497983362364 0.0628419498364696 0.110104430467725 0.084747702951062 0.106358401656387 0.138766760434609 0.0523663329832045 0.18832455143593 0.168758862702254 0.17562002485998 0.0316491514433283 0.063211665162091 0.0962379751680126 0.0226543559949389 0.0672339251062827 0.12844899952675 0.107399626147213 0.132888980862158 0.0465693593701274 0.11519081494852 0.0898886987877988 0.0143934726059326 0.154351603255968 0.0911964281887491 0.104368764880368 0.125855041253567 0.178807537318573 0.0473260754794683 0.103513426622332 0.155247659038998 0.0992116877458474 0.102532192728236 0.0738651041994414 0.140128790501203 0.0694596933342118 0.0525445084360264 0.0994768668827442 0.128448559517115 0.158215773243486 0.0557571036834846 0.111275417225692 0.0624671850175809 0.0803728233788795 0.0796697840659447 0.0741080725944627 0.114697223369962 0.142319794264019 0.0763215872942892 0.0691548101173953 0.123922634940664 0.0417826151038801 0.0329013851842789 0.0497795135379686 0.0809867867445774 0.116606412410125 0.0503756928484054 0.135234021127233 0.051347924966644
"9" 0.0301711745759974 0.154238244124675 0.0553350818407156 0.048022345146239 0.0442170813654178 0.0228733633603247 0.0926641965806603 0.107910428221861 0 0.0982953199617979 0.0883237854311166 0.104292530970349 0.110317800272992 0.0893805666071663 0.0620751846401936 0.123205413039893 0.0504330313693331 0.106909977926029 0.0635353508956271 0.042084433190569 0.0682377093143908 0.0417322345324148 0.118528155296194 0.164426213549742 0.119903032411445 0.117196407315677 0.049386475466861 0.0633772911478892 0.1245897116052 0.0486209255180517 0.0989883149458459 0.0866435779848208 0.058584202086481 0.0834794457974361 0.108198498709153 0.149978831834324 0.112546167649651 0.0855124958651619 0.0840638095082688 0.0932235072196016 0.0685018901642913 0.131916481241785 0.026531117356975 0.024990081566951 0.061341584487109 0.159039584898544 0.0183500082133078 0.122256710924022 0.132198171480165 0.0726549312439463 0.0251899148107798 0.0246014232392749 0.0713556494045331 0.0734930150722781 0.052109445120466 0.0727427779937906 0.0387472296875742 0.0548014751786907 0.149441077018516 0.0752434815068742 0.0408344530259628 0.148636669089488 0.132230462920461 0.0936026269459475 0.051755963267275 0.140413772592459 0.0688108495247906 0.102075509628787 0.165642758079339 0.113262797682866 0.122404428316832 0.0879285058495434 0.0399858819975389 0.0845468477757322 0.088247480389658 0.0284258833606757 0.125201180539406 0.0751407245047737 0.0651397766672226 0.0521128317002522 0.0136782139172092 0.0952059293494878 0.15070985893411 0.0818548505078451
"10" 0.126637470624118 0.224620345807851 0.0440458136982818 0.141378858434373 0.126510788848058 0.10161583928247 0.179957063384109 0.181099752393629 0.0982953199617979 0 0.143217706075223 0.121602800385429 0.157848861302937 0.167896531220534 0.0616298117513423 0.151589370547628 0.107845097558557 0.0555915197664239 0.0996685481730308 0.115559378429552 0.0310132193131516 0.138522283014331 0.0704629879892195 0.187337541692445 0.183333345967158 0.0995578403978613 0.054371114850226 0.118521933744045 0.124667907072581 0.0963939927137993 0.100285666872115 0.0529094337626612 0.130582853937864 0.0586336869539487 0.037347820204182 0.0955284944039146 0.169112193330616 0.126815180130298 0.0976321679934472 0.159664812874876 0.164279007644995 0.11698709098801 0.122911883240115 0.0881259867353376 0.141170783048792 0.166131863838554 0.111555640150303 0.194501811373613 0.0910207964937813 0.0956588952487585 0.0833987073888072 0.0741655696685839 0.074291344412759 0.134210377257584 0.0776479076212761 0.026872401590466 0.0831289915554146 0.152282829551638 0.185838346236606 0.0432234335704694 0.117047097100959 0.201629201510223 0.143154816717611 0.0719358883619191 0.0974126330634763 0.186876150099253 0.0736030715495196 0.139623698926867 0.25375260385589 0.13738681017358 0.217273781541875 0.0820651761380939 0.0628416786940266 0.115667024107063 0.184381386511672 0.114782567078803 0.211269042663221 0.153981858670679 0.154121615526466 0.149766856908024 0.0846544762282431 0.142641876283615 0.136565933136672 0.174073758981259
"11" 0.0762201908155486 0.0818510667882527 0.117598885044415 0.0666035693747605 0.0492553562114164 0.0657743974049771 0.0631931166205705 0.043107397279057 0.0883237854311166 0.143217706075223 0 0.0466549395580596 0.0222451615141995 0.0411063367499373 0.0815883081696215 0.0437252574282768 0.0409818085302148 0.111686643801679 0.043549280178299 0.128015016059486 0.125180295368451 0.102980964257215 0.112088985842838 0.0808122853376231 0.040161699700336 0.0844874592850252 0.0937960203610572 0.0272552382544257 0.0701975985160055 0.049943032095354 0.0633388251989479 0.0973885204704936 0.032269112154876 0.159642233614535 0.127237453191924 0.132821168255422 0.0266229689180187 0.0201049022561485 0.0533191948870305 0.0208436572662849 0.0798394935285789 0.0875242407368847 0.0983842706729147 0.112042875124237 0.0394342568242465 0.0858701625012578 0.0735281456445125 0.0539218689920875 0.111481236055456 0.0494256617798171 0.0756924199727345 0.0994091023972779 0.153917143643423 0.0150149743472061 0.066373929594787 0.118720672336185 0.0662043970862509 0.105732757831061 0.0619825027590744 0.100742900871647 0.0480624939090918 0.0622058289210112 0.0640789526440034 0.0857652901313144 0.139890955618442 0.0521689974870714 0.070728651014194 0.0238591622437077 0.123362621110578 0.0420039683020517 0.108745624603533 0.0719419995041278 0.114484189755227 0.0332293806943757 0.0914721264966429 0.111839417196384 0.0831685426937946 0.0370713175611437 0.0570082087959292 0.0847499753368136 0.0925982050660216 0.010728051617637 0.09722339719853 0.0720439649448137
"12" 0.105192243745666 0.118991598701805 0.110389594403949 0.10245757598068 0.0805979697291022 0.0828538038192259 0.109403118086246 0.0882075333914652 0.104292530970349 0.121602800385429 0.0466549395580596 0 0.0458562041377798 0.0876541551447553 0.0657237600712171 0.0301389034688013 0.0562949967903398 0.0768150585832823 0.0407959278694096 0.14633944285547 0.113273030640573 0.132561396050463 0.0724650880565597 0.0675033866335909 0.0785218339964139 0.0396649751549776 0.0852802179284342 0.0481685581850441 0.0244899013208222 0.0556731136070859 0.0229279782074934 0.0692300031128191 0.0668749323109201 0.154465820201174 0.0958679916617592 0.0881262685293157 0.061651278892057 0.0287656368508501 0.0255120140034498 0.06710738816268 0.120743484619466 0.040882923254884 0.12330979343229 0.122662200047882 0.0789568641009618 0.0550785188361958 0.0961316596610148 0.0965354696316416 0.0672659807564822 0.0336877593790321 0.0824292048330118 0.104387862901374 0.154835545018625 0.0524575211995397 0.0592841870374208 0.10247744276071 0.0683852392554014 0.139126030154946 0.0644871603465338 0.0792168612250106 0.0737504771776458 0.0852875714741929 0.0280980972836714 0.0518599481671694 0.150511491457412 0.068586442074162 0.0513363951267495 0.0263437506829288 0.168359767618911 0.0159353615398005 0.155103904420573 0.0397077005190844 0.115060805612675 0.0210082536973959 0.135206296760523 0.132174313679502 0.129368674388618 0.0815521009352111 0.098566333362234 0.120713116305684 0.102241231528295 0.0378669893926895 0.0525786470744362 0.116354063187986
"13" 0.0982161793004134 0.0731798096700626 0.136169856129974 0.0875375512342465 0.0713349911030677 0.087623193694412 0.075733881620315 0.0465848577931831 0.110317800272992 0.157848861302937 0.0222451615141995 0.0458562041377798 0 0.0534519271177857 0.0968143360086122 0.028622673627714 0.061721760580394 0.120089011082573 0.0598108285208726 0.150247503846484 0.14264220608264 0.12468134678399 0.117625383478737 0.0599700576796845 0.0330053883814466 0.085467335104055 0.111559967981206 0.0478825797026767 0.0649565718138076 0.0692504596677705 0.0673992921494928 0.10867621212316 0.054362019592578 0.179131532976136 0.137624483979959 0.13374208838964 0.0162557625744651 0.0312379495324683 0.0621177171980124 0.0311510905614697 0.0983060308759576 0.0838253718970524 0.120546050179206 0.133721978673949 0.0601153258149335 0.0698530156464739 0.0957637586409353 0.052055999167045 0.113066940091146 0.0621914701932443 0.0963189226588886 0.120188106653247 0.174545984660836 0.0372572639071911 0.0834670296400576 0.134803878049508 0.0856139529495767 0.126686290296948 0.0397804303840081 0.114684239101778 0.0702769585942484 0.0438564023174913 0.052920937451236 0.0941240195887748 0.161722030330625 0.0309946626146683 0.0842531871239851 0.0200000397939535 0.124563406783623 0.0341750636506288 0.119413580932272 0.0805281795603115 0.134693635065955 0.0424163831171967 0.107357019361541 0.134084074412256 0.0882745964540758 0.0545717426295267 0.0758164023954517 0.105287314727014 0.11397399033095 0.0161648925333573 0.0889090845360594 0.0878284093870122
"14" 0.0651237751516043 0.0651009798843015 0.134062250707955 0.0479288361830002 0.045728569582803 0.0718687735959335 0.0224892422241057 0.0197908481985071 0.0893805666071663 0.167896531220534 0.0411063367499373 0.0876541551447553 0.0534519271177857 0 0.108488726048886 0.0813175405918888 0.0603651805940492 0.146089680098352 0.0735747165231909 0.120697081588198 0.144356493700733 0.0858424072251734 0.148964761772857 0.111390256502972 0.0383656352165862 0.124440796330576 0.114201840095618 0.0523712723836391 0.11129930049383 0.0719701407223228 0.102562432075706 0.129142869838162 0.0373214879799352 0.171040345549629 0.15895711072368 0.172180268422313 0.0423919659542442 0.0597760072454359 0.0903086078149837 0.022456522891195 0.0489664734962517 0.128535385858413 0.0876827743724346 0.114264046759062 0.0285618983225051 0.123219573229987 0.0711502349758643 0.0334818357772622 0.150770455864766 0.0832149143116234 0.0882382849374102 0.108577616314856 0.160623560890192 0.0386061898504315 0.0911925445643221 0.141489121056169 0.084919615537094 0.0832253837966978 0.087402965981226 0.128518532809579 0.0527535766690818 0.0705481691948896 0.104008540913232 0.12117561145523 0.139029695763185 0.0707479568921578 0.101287458877769 0.0642905675108198 0.087274262137171 0.082477392757301 0.0676816693052443 0.107847976197804 0.125201526505565 0.0719375672583533 0.0544017741260762 0.10430587086079 0.0449828300931195 0.0145787601867763 0.0300899702255825 0.0615163061024429 0.0988590790986375 0.0510087869794941 0.138138150169891 0.0351735773899634
"15" 0.0814287306977716 0.163098666364983 0.0451560537541772 0.0910459657035044 0.0717503480626226 0.0522508700344882 0.123119500712614 0.120262770571837 0.0620751846401936 0.0616298117513423 0.0815883081696215 0.0657237600712171 0.0968143360086122 0.108488726048886 0 0.0941831814729924 0.0482317933278024 0.0456788702825159 0.0380390285825845 0.0983094876643753 0.0476539205708389 0.102463305694032 0.0564652573287277 0.133226538024517 0.12171347318139 0.0605838530051121 0.0211645462112972 0.0574243915789914 0.0769769415325591 0.0366514767027196 0.049137600901597 0.025309162857571 0.0717188122292736 0.0889786723402733 0.0521753911301145 0.087935894488959 0.107548659856035 0.0656020552892752 0.0402198244786383 0.0984179523745748 0.114526362497236 0.0777207754516927 0.0881574014397304 0.0694377877036613 0.083710253582479 0.117637536658516 0.0663852394273522 0.133345746880413 0.070819195194863 0.0351026006202008 0.0375679246927781 0.0487266331365871 0.0912997785802302 0.073034688656893 0.0174601208598395 0.0381024090746686 0.0283157254038259 0.114140330181634 0.127601217862193 0.0200298185435308 0.0615038198477693 0.140670639749655 0.091608132645746 0.032769655864771 0.0939657273642712 0.126596207996658 0.0144090822608367 0.0794644935896273 0.195517289044511 0.0804366191753003 0.164275752325981 0.0320306509350909 0.0536486334750036 0.0553436844998463 0.134052320150997 0.0888242174934655 0.152955329746984 0.0953044946461102 0.0996072033258575 0.104253366401533 0.0525533599832693 0.0812942978873751 0.0981515102844507 0.120380520844211
"16" 0.117195343127764 0.0960846502876897 0.137803869140235 0.109699083101228 0.0904423475614779 0.100496281535477 0.103772193126185 0.075137588951217 0.123205413039893 0.151589370547628 0.0437252574282768 0.0301389034688013 0.028622673627714 0.0813175405918888 0.0941831814729924 0 0.0727876989672003 0.106382120975363 0.0630081129287251 0.164901824132316 0.141812886298899 0.144593047720048 0.100626188275506 0.0414043433040791 0.059659067339319 0.0653394798096566 0.112523924151629 0.0605639506409904 0.040439449398222 0.0763803011783936 0.0527277837041367 0.0993592047943828 0.0740039224516997 0.181866726000787 0.125785550758498 0.111560793870557 0.0439723455038881 0.0377723814841467 0.0544146226203371 0.0588623944300987 0.123531008352555 0.0593965124008631 0.138044449463184 0.144330726894384 0.0829388111388974 0.0422843981197221 0.111527145726207 0.0794859183020094 0.0921122195352701 0.059856298144737 0.104519230218002 0.127859991894763 0.180493315544509 0.0564740024732755 0.0850603799727743 0.131695512595292 0.0915065895545497 0.148568113932376 0.0343485196291198 0.108925589648684 0.0865483235467715 0.0578587941866497 0.0248768450641146 0.0818833963977774 0.17259610853911 0.0404470182094002 0.080032611943034 0.0217970255132735 0.151807277579318 0.0142234457421226 0.147931553870324 0.0698352964624322 0.140288774840491 0.0409013992263128 0.134339541929751 0.149530220841288 0.116708354704525 0.0803241405366388 0.100709576930726 0.128038186257552 0.123848737047242 0.033127378562651 0.0612887920319342 0.114784877676527
"17" 0.0493481344617792 0.118233347761398 0.0775712880498168 0.0503681049193784 0.0280279090573756 0.0277259266402001 0.0752668862464793 0.0734559767437701 0.0504330313693331 0.107845097558557 0.0409818085302148 0.0562949967903398 0.061721760580394 0.0603651805940492 0.0482317933278024 0.0727876989672003 0 0.0887748330255011 0.0191833343797163 0.0921611818349682 0.0862713985791937 0.0764389292301128 0.09458082172239 0.113995759910644 0.0785595602642686 0.079427115147739 0.0551358687689958 0.0138592126576743 0.0790353672615973 0.0116089537200231 0.0577548732603245 0.0702742777724191 0.0235243685957565 0.118825722189744 0.0995497404817534 0.122154725672552 0.06729272855665 0.0350809496751652 0.0421422044346422 0.0529248376232852 0.0722667891811185 0.0903758085652063 0.0670939149406165 0.0724780658279132 0.0360341458533352 0.109786402555659 0.039935055993247 0.0871958950366469 0.10147241697764 0.0310156094047872 0.0347334858682547 0.058532818671291 0.113000866136639 0.028067726255991 0.0308499604401403 0.0818041401715253 0.0261026750427081 0.0838949299397236 0.0997996130948211 0.0682431075307629 0.0187873543436038 0.103174612485745 0.083419725465235 0.0661028415613304 0.100698245070553 0.092593157579691 0.0427663376716421 0.0516837448694811 0.147286302882875 0.0633291643163617 0.117954483847331 0.0546560348049355 0.0735069055141769 0.0354881490899292 0.0902953379426727 0.0770498998669656 0.104723812380725 0.047078873218499 0.053730737049548 0.0674227104779173 0.0523945854574191 0.0458801216901562 0.106767382702665 0.0744330084796296
"18" 0.127028462514623 0.192259701864183 0.0724496009696332 0.135685499125867 0.115150849264115 0.0977789606992537 0.163505397929218 0.154165753539614 0.106909977926029 0.0555915197664239 0.111686643801679 0.0768150585832823 0.120089011082573 0.146089680098352 0.0456788702825159 0.106382120975363 0.0887748330255011 0 0.0726173638918561 0.139671129086771 0.0659205097539021 0.147908564259502 0.0156828987020117 0.137288401007618 0.150435367272058 0.0459899671046473 0.0593212777631854 0.093799569045419 0.0730054045263621 0.0781335386062111 0.0538871284308792 0.0204024380364956 0.111699741786222 0.10764999612255 0.0205922070519265 0.0461953783700529 0.134259162897565 0.092122653964409 0.0586559357234983 0.131515070239126 0.158971352545218 0.0624260782592535 0.133306427180299 0.109881489133652 0.124703528060429 0.113186541913865 0.112055454760585 0.165608249842017 0.0360679153949684 0.0631227393301054 0.0830651529040377 0.0897440617090675 0.117674217259045 0.107879584800462 0.0609730209073046 0.0517220580115988 0.0736308350443883 0.159778491840334 0.140350847649526 0.0332729907759645 0.104879912614476 0.161826779449099 0.0927841088356551 0.0260774406507234 0.130135920435779 0.145361355961261 0.0460416985926435 0.100209134029429 0.233059501535302 0.0924980699066224 0.206725851526711 0.039901506493818 0.0885308386596788 0.0790658623638613 0.178059433419402 0.132298400778767 0.191060790377213 0.134470541947204 0.142309113586977 0.149666753297354 0.0960273836241606 0.107403629475365 0.0813426517023802 0.163100457369196
"19" 0.0677537752488747 0.125162932177784 0.0766762485261283 0.0695386262858755 0.0471383823350665 0.04263014528929 0.0910812258578313 0.0832438759897992 0.0635353508956271 0.0996685481730308 0.043549280178299 0.0407959278694096 0.0598108285208726 0.0735747165231909 0.0380390285825845 0.0630081129287251 0.0191833343797163 0.0726173638918561 0 0.105554415452029 0.0828325015051948 0.0942911267090353 0.0768341573102157 0.10422561307226 0.0836824941796988 0.0602590765234607 0.0518083278874907 0.0212084431758761 0.061678963876407 0.0149411905176828 0.0387687744818107 0.0557452073154281 0.0396752042142308 0.120212369329869 0.0857017474692725 0.103425115678772 0.0696268627033669 0.0287946358912477 0.0230772099685596 0.0609588917533478 0.0911900639017319 0.0716932931260765 0.0836886289438415 0.0822754967082683 0.0529943390560542 0.0957534209815401 0.0567081921848713 0.0958635765794893 0.0825561351922916 0.0118403902673305 0.0420430775556217 0.0649434303140477 0.1176318739172 0.0359941978799748 0.0236655068202829 0.0754293868185694 0.0285427440580414 0.102511330057063 0.0939466162587786 0.0573539863501967 0.0379363612583527 0.103489737322414 0.0688320470017958 0.0484395166496299 0.110360256988134 0.090372233959948 0.0280477793111606 0.0444926987098497 0.160755614175246 0.0511851491542975 0.135131500881592 0.0361162123162255 0.077394764636488 0.0222101691224895 0.108790680419433 0.0915724313646335 0.118555833087604 0.0619031152787593 0.0717908579776677 0.0865607074951353 0.0617638584016793 0.0438718796829494 0.0888452293559199 0.0921831212347029
"20" 0.0556638402561145 0.185271673529371 0.0728654127324443 0.0731730209167101 0.0800939282093626 0.0644361033902589 0.11720797488613 0.140356358499416 0.042084433190569 0.115559378429552 0.128015016059486 0.14633944285547 0.150247503846484 0.120697081588198 0.0983094876643753 0.164901824132316 0.0921611818349682 0.139671129086771 0.105554415452029 0 0.0850568083028251 0.0407499235028799 0.153124640687208 0.205939823211626 0.155456561325572 0.156927209124302 0.0804817644192941 0.104582361619978 0.166218360443972 0.0906702621269421 0.139998764302422 0.120479674679002 0.0965085932611171 0.0773720798039694 0.136048337913997 0.184989348084594 0.150501513501322 0.127134264580453 0.125493385600216 0.12954136205961 0.0845601399314774 0.172495981459267 0.0331460345293412 0.0298320490681666 0.0954784548956306 0.20112385019374 0.0544877178774269 0.154148334770045 0.169028950101275 0.114293169247223 0.0652680132488377 0.0500934751993755 0.0581650583497333 0.113001119894256 0.0920099210645506 0.0951967142508667 0.0795420904217231 0.0526296710765871 0.189841576167612 0.106439324672184 0.0799805040762519 0.185929828760178 0.174305301604456 0.131025604086159 0.0258034635649382 0.179435705645776 0.107759014040708 0.143534143473193 0.184103349913134 0.155269407816928 0.13414296286109 0.127394184192395 0.0538032838105273 0.126621504426828 0.100422913394235 0.0165486044372705 0.147955428250274 0.107896236890211 0.0918916604744068 0.0656563681452024 0.0463476029372355 0.135791386815237 0.191790493573428 0.102146051471506
"21" 0.0974322779020077 0.204504349704518 0.0131183674132231 0.11326065257044 0.100646756849916 0.0746156245526712 0.154132778271235 0.159363325461127 0.0682377093143908 0.0310132193131516 0.125180295368451 0.113273030640573 0.14264220608264 0.144356493700733 0.0476539205708389 0.141812886298899 0.0862713985791937 0.0659205097539021 0.0828325015051948 0.0850568083028251 0 0.107755826002887 0.081508175311028 0.180756695075612 0.164447017201163 0.101384854680063 0.0313938914263952 0.0986587333733684 0.122354259496375 0.0756504672519884 0.0951711383495319 0.0531309286543044 0.10734847672139 0.0433014896179048 0.0550499004991465 0.111457767076925 0.151754771329767 0.111525389797062 0.0878131180659416 0.139190784310158 0.135582169834242 0.119367860748549 0.0921790073594799 0.0571499074464877 0.116498157174338 0.163802810984708 0.0827964604205895 0.173321838798931 0.101283696916542 0.0823265005094794 0.0567271286742618 0.0437492952275569 0.0517903497498333 0.114065643333375 0.0591950699838237 0.0142195656671332 0.0602241544479823 0.121595497527476 0.175039267766617 0.0376203176029832 0.0919699965829777 0.186281543250194 0.138448054877243 0.0713199362809558 0.0687925328456557 0.173072259697762 0.0619613973965393 0.126363783804572 0.2282679706784 0.128090419028892 0.189144576518784 0.0768171289264951 0.0318547979049002 0.102395541047675 0.155622209866955 0.0837723858330528 0.186166912828511 0.129984619640798 0.127420982545796 0.120200319700446 0.054564716018093 0.126675936217183 0.139934109944365 0.146668004196013
"22" 0.0275554580106101 0.148476176241334 0.0946378001311718 0.0385256153950879 0.0541709052949712 0.0530126399703018 0.0785686471196802 0.105577438527617 0.0417322345324148 0.138522283014331 0.102980964257215 0.132561396050463 0.12468134678399 0.0858424072251734 0.102463305694032 0.144593047720048 0.0764389292301128 0.147908564259502 0.0942911267090353 0.0407499235028799 0.107755826002887 0 0.158735505253775 0.183709165019118 0.123078044345156 0.153010849832105 0.0911134907098362 0.0853135087271495 0.155452877733131 0.0802140027880427 0.132707973311252 0.127526996816021 0.0709115257818864 0.112771508810555 0.149917273899681 0.189683857058881 0.121347505252716 0.107994267712009 0.117050944870056 0.0990820547243732 0.0443815917038615 0.165860848927586 0.0156249347498418 0.0530693669764184 0.0651506530997088 0.184581264911955 0.0380552496312623 0.118536102460335 0.170909571209318 0.1053681438597 0.0648990631234541 0.0644783919221097 0.0955954742831454 0.0885991559381069 0.0899539844467749 0.113818383297909 0.0761775202298599 0.0140146257812656 0.164231988934845 0.116821134164914 0.059005687607801 0.154849754517458 0.158978103049355 0.132482173328995 0.0652709845092007 0.151152767104483 0.10700306086791 0.122820850538425 0.143405185375126 0.137733094139277 0.0935701302587567 0.124861574940575 0.0768071230815919 0.111584856445535 0.0596788768318531 0.0283663432183119 0.108120064021575 0.075037764567178 0.0558035151145407 0.0259318083125536 0.0546326247251774 0.112478062159631 0.183037215004113 0.0624770502438838
"23" 0.13641463417922 0.190659462895061 0.0876018081354078 0.143413984184327 0.122008843849657 0.107188889276765 0.167686699805331 0.155138657355969 0.118528155296194 0.0704629879892195 0.112088985842838 0.0724650880565597 0.117625383478737 0.148964761772857 0.0564652573287277 0.100626188275506 0.09458082172239 0.0156828987020117 0.0768341573102157 0.153124640687208 0.081508175311028 0.158735505253775 0 0.128089742907398 0.149277432171087 0.0363642690243161 0.0726698156381522 0.0974861729103376 0.0639646664731143 0.0848564821190875 0.0502278791119923 0.032645813522439 0.116507308209614 0.123331416170221 0.0337831309562869 0.0318648827960501 0.132669252556613 0.0920449541027034 0.0589836520032367 0.132579199155259 0.166299748000183 0.050606441357267 0.144599253483616 0.123486564986822 0.129802033613259 0.102186460844264 0.121898793791829 0.165672193369651 0.0205950197995339 0.0660226207932776 0.0939380236141709 0.103035038978748 0.13321227098278 0.1103674937915 0.069623656492236 0.0672938751306866 0.0830564796396789 0.170029751353296 0.133730727964687 0.0475015047854141 0.111905544441654 0.157609663193168 0.0841487910911804 0.0284873444242657 0.144764852005349 0.140627233530477 0.0531655545042167 0.0976363759751288 0.235025309764479 0.08737329010436 0.211964869404725 0.0411539379692076 0.103063314755447 0.0788696846829829 0.184810186631633 0.144856358666741 0.193652858204391 0.138362496403524 0.148267352343165 0.158431693778455 0.108469410815551 0.10644351525265 0.0681295984929057 0.168858669294391
"24" 0.156674551495365 0.10144138780795 0.177745328887226 0.147260117770406 0.12968440056213 0.141639668497754 0.132655754440504 0.0991962463123517 0.164426213549742 0.187337541692445 0.0808122853376231 0.0675033866335909 0.0599700576796845 0.111390256502972 0.133226538024517 0.0414043433040791 0.113995759910644 0.137288401007618 0.10422561307226 0.205939823211626 0.180756695075612 0.183709165019118 0.128089742907398 0 0.0788554889519662 0.091880160196874 0.152538032282678 0.101371700211963 0.0643595117284311 0.117775427452971 0.0871208264885714 0.134429246162494 0.112810892372368 0.221852762620334 0.157695103071844 0.129848099299974 0.069083781884955 0.0789148108910241 0.0930092712430343 0.0901063860200839 0.15805912101576 0.0788077325622137 0.178224336097277 0.185733851209015 0.119886093780692 0.030814235866136 0.152136483578192 0.0977080148789539 0.114295600022321 0.100099047335828 0.145899683854665 0.169154261893341 0.221368531465261 0.0951388926221705 0.125666037323389 0.169704919016968 0.132764460652729 0.186430117821675 0.0260714910138245 0.145995795403813 0.126831253854083 0.058024013725329 0.0445528127427477 0.115597571181873 0.214000326344736 0.0450907128377591 0.118838946624981 0.0624064818193447 0.16448649246995 0.0534537405229391 0.172961113933357 0.105580302127567 0.181247793845595 0.0820275136069042 0.165790582468704 0.190362971395247 0.137060556401198 0.114369599896732 0.135721684544617 0.165175461664177 0.165253029795141 0.0712866258398338 0.0688660449951211 0.146491737181317
"25" 0.100047577449716 0.0419226854334445 0.156125475647004 0.0846040401830181 0.0761154151946657 0.099096945564969 0.0561456440315153 0.0212347400237184 0.119903032411445 0.183333345967158 0.040161699700336 0.0785218339964139 0.0330053883814466 0.0383656352165862 0.12171347318139 0.059659067339319 0.0785595602642686 0.150435367272058 0.0836824941796988 0.155456561325572 0.164447017201163 0.123078044345156 0.149277432171087 0.0788554889519662 0 0.118186052471906 0.133080180897917 0.0657889045334115 0.0978662577132489 0.0888001013410385 0.0992054820901537 0.137138963764361 0.0615782373837768 0.196879687319163 0.166810533242196 0.166601180357874 0.0168765305433586 0.0584649144825231 0.0917876020051656 0.0267471102532263 0.0872431927894228 0.116792491697263 0.12310311278241 0.144743076014237 0.0599831294230154 0.0971602478322694 0.102694035099375 0.0200151322036481 0.145783695196161 0.0892681477974813 0.112213820312488 0.135112759952563 0.189245247254781 0.0505045151571513 0.106180338960044 0.158592930393837 0.104595994998847 0.121371772626254 0.0531453001840833 0.140902357831785 0.0795009566756665 0.0321867242988242 0.0845314501807125 0.124361190946166 0.171333992803629 0.0346797003177613 0.110822772049779 0.0522230261787419 0.0921519503199214 0.0671177557245958 0.094120967320954 0.110536765722837 0.151046562356542 0.0713860817095473 0.0903142235704799 0.138908816208951 0.0588363576654392 0.048139073092255 0.0679486925467212 0.0995462354247133 0.126878762971713 0.0430448300899541 0.120912388992127 0.0721778674379666
