"V1" "V2" "V3" "V4" "V5" "V6" "V7" "V8" "V9" "V10" "V11" "V12" "V13" "V14" "V15" "V16" "V17" "V18" "V19" "V20" "V21" "V22" "V23" "V24" "V25" "V26" "V27" "V28" "V29" "V30" "V31" "V32" "V33" "V34" "V35" "V36" "V37" "V38" "V39" "V40" "V41" "V42" "V43" "V44" "V45" "V46" "V47" "V48" "V49" "V50" "V51" "V52" "V53" "V54" "V55" "V56" "V57" "V58" "V59" "V60" "V61" "V62" "V63" "V64" "V65" "V66" "V67" "V68" "V69" "V70" "V71" "V72" "V73" "V74" "V75" "V76" "V77" "V78" "V79" "V80" "V81" "V82" "V83" "V84"
"1" 0 0.704778638400286 0.97447331769297 0.152887952688983 0.291089989574838 0.498353754448264 0.657595949221429 0.925256365871551 0.194894663538594 0.362605617972939 0.512801782730007 0.616311040594129 0.721171030493315 0.986393923832144 0.27027027027027 0.389789327077188 0.435797716124246 0.906111060229201 0.957840278198343 0.584683990615782 0.677295356007658 1.02560356546002 0.393519453474623 0.435797716124246 0.498353754448264 0.535107834411441 0.659813817066687 0.750942918348638 0.435797716124246 0.461838040287434 0.509944926057114 0.540540540540541 0.735214622093808 0.918918918918919 0.512801782730007 0.616311040594129 0.650897004259043 1.08781685391882 0.551245352820842 0.886552403613877 0.97447331769297 1.06611259044951 0.597046541469582 0.704778638400286 0.803571283638838 0.96240507106837 1.14027151944481 0.657595949221429 0.683735710306677 0.702702702702703 0.810810810810811 0.879936248437822 1.03834447093506 0.854669637883346 0.886552403613877 1.200194773577 0.823326822255558 0.96240507106837 1.03270125267799 1.19041705651596 0.854669637883346 0.97447331769297 1.18549795672764 1.26652697447135 0.871595432248492 0.879936248437822 0.992300527064098 1.11435287178856 1.26190459783014 0.920507371131157 0.925256365871551 0.993771692478391 1.19041705651596 1.29954759785636 1.33831550304216 0.97447331769297 0.986393923832144 0.996707508896528 1.02560356546002 1.11304109632292 1.200194773577 1.23262208118826 1.33831550304216 1.37599157420085
"2" 0.704778638400286 0 0.27027027027027 0.597046541469582 0.435797716124246 0.222870574357711 0.0764439763444916 0.222870574357711 0.604342696621565 0.393519453474623 0.241737078648626 0.152887952688983 0.108108108108108 0.291089989574838 0.564340892373543 0.411663411127779 0.362605617972939 0.27027027027027 0.305775905377967 0.346114823645019 0.291089989574838 0.382219881722458 0.677295356007658 0.584683990615782 0.498353754448264 0.45866385806695 0.362605617972939 0.328797974610715 0.750942918348638 0.659813817066687 0.574602476364035 0.535107834411441 0.393519453474623 0.393519453474623 0.692229647290038 0.54054054054054 0.509944926057114 0.509944926057114 0.768252454246048 0.486486486486486 0.498353754448264 0.532370691988979 0.844351316314233 0.630373177821114 0.564340892373543 0.543236520060589 0.604342696621565 0.840883739789408 0.768252454246048 0.735214622093808 0.63268648166052 0.604342696621565 0.604342696621565 0.683735710306677 0.668611723073134 0.702702702702703 0.7980985437964 0.710970077727887 0.702702702702703 0.735214622093808 0.871595432248492 0.773936273690614 0.773936273690614 0.803571283638838 1.00546352636423 0.97447331769297 0.839144578176217 0.810810810810811 0.839144578176217 1.08108108108108 1.04953988318636 0.923676080574868 0.866552407669265 0.891482297430846 0.906111060229201 1.1247920025235 1.06611259044951 1.03975048982007 0.993771692478391 0.933117648736869 0.918918918918919 0.920507371131157 0.944013470085026 0.957840278198343
"3" 0.97447331769297 0.27027027027027 0 0.866552407669265 0.704778638400286 0.489480277737158 0.328797974610715 0.0764439763444916 0.871595432248492 0.657595949221429 0.498353754448264 0.393519453474623 0.291089989574838 0.108108108108108 0.826868029231262 0.668611723073134 0.616311040594129 0.241737078648626 0.222870574357711 0.556520548161459 0.464990554975277 0.27027027027027 0.923676080574868 0.823326822255558 0.725211235945878 0.677295356007658 0.540540540540541 0.45866385806695 0.993771692478391 0.894753803094424 0.7980985437964 0.750942918348638 0.535107834411441 0.411663411127779 0.918918918918919 0.735214622093808 0.692229647290038 0.432432432432432 0.992300527064098 0.556520548161459 0.512801782730007 0.489480277737158 1.06611259044951 0.803571283638838 0.692229647290038 0.582179979149676 0.540540540540541 1.04953988318636 0.96240507106837 0.920507371131157 0.768252454246048 0.704778638400286 0.616311040594129 0.810810810810811 0.779578654154376 0.648648648648649 0.956313838538061 0.7980985437964 0.752885852820763 0.704778638400286 1.03270125267799 0.871595432248492 0.764439763444916 0.756756756756757 1.18549795672764 1.14665964516737 0.94555976673167 0.854669637883346 0.812610615047184 1.26190459783014 1.22310362151187 1.04953988318636 0.891482297430846 0.866552407669265 0.864864864864865 1.29954759785636 1.22549016743293 1.19041705651596 1.1247920025235 1.01558347178681 0.957840278198343 0.944013470085026 0.920507371131157 0.918918918918919
"4" 0.152887952688983 0.597046541469582 0.866552407669265 0 0.162162162162162 0.378378378378378 0.540540540540541 0.810810810810811 0.0540540540540541 0.222870574357711 0.382219881722458 0.489480277737158 0.597046541469582 0.866552407669265 0.120868539324313 0.241737078648626 0.291089989574838 0.773936273690614 0.826868029231262 0.435797716124246 0.532370691988979 0.891482297430846 0.27027027027027 0.291089989574838 0.346114823645019 0.382219881722458 0.509944926057114 0.604342696621565 0.328797974610715 0.328797974610715 0.362605617972939 0.389789327077188 0.584683990615782 0.773936273690614 0.382219881722458 0.464990554975277 0.498353754448264 0.944013470085026 0.432432432432432 0.735214622093808 0.825099325539121 0.918918918918919 0.489480277737158 0.556520548161459 0.650897004259043 0.810810810810811 0.992300527064098 0.540540540540541 0.551245352820842 0.564340892373543 0.659813817066687 0.727222921463444 0.886552403613877 0.704778638400286 0.735214622093808 1.04953988318636 0.683735710306677 0.810810810810811 0.879936248437822 1.03834447093506 0.721171030493315 0.825099325539121 1.03270125267799 1.11435287178856 0.756756756756757 0.758684802573957 0.846079775270191 0.96240507106837 1.1090964610099 0.812610615047184 0.810810810810811 0.854669637883346 1.03834447093506 1.14665964516737 1.18549795672764 0.866552407669265 0.866552407669265 0.871595432248492 0.891482297430846 0.966948314594504 1.04953988318636 1.08108108108108 1.18549795672764 1.22310362151187
"5" 0.291089989574838 0.435797716124246 0.704778638400286 0.162162162162162 0 0.216216216216216 0.378378378378378 0.648648648648649 0.170933927576669 0.0764439763444916 0.222870574357711 0.328797974610715 0.435797716124246 0.704778638400286 0.152887952688983 0.120868539324313 0.152887952688983 0.616311040594129 0.668611723073134 0.305775905377966 0.389789327077188 0.735214622093808 0.315186588910557 0.275622676410421 0.275622676410421 0.291089989574838 0.382219881722458 0.464990554975277 0.389789327077188 0.341867855153338 0.324324324324324 0.328797974610715 0.45866385806695 0.630373177821114 0.393519453474623 0.393519453474623 0.411663411127779 0.7980985437964 0.461838040287434 0.611551810755933 0.692229647290038 0.779578654154376 0.532370691988979 0.498353754448264 0.556520548161459 0.687995787100425 0.854669637883346 0.564340892373543 0.543236520060589 0.540540540540541 0.582179979149676 0.630373177821114 0.764439763444916 0.63268648166052 0.653137620194301 0.920507371131157 0.650897004259043 0.725211235945878 0.779578654154376 0.9173277161339 0.702702702702703 0.752885852820763 0.920507371131157 0.993771692478391 0.773936273690614 0.764439763444916 0.787038906949245 0.871595432248492 0.996707508896528 0.839144578176217 0.826868029231262 0.817986267590354 0.94555976673167 1.03834447093506 1.07294233736644 0.891482297430846 0.871595432248492 0.866552407669265 0.866552407669265 0.906111060229201 0.966948314594504 0.992300527064098 1.08108108108108 1.11435287178856
"6" 0.498353754448264 0.222870574357711 0.489480277737158 0.378378378378378 0.216216216216216 0 0.162162162162162 0.432432432432432 0.382219881722458 0.170933927576669 0.0540540540540541 0.120868539324313 0.222870574357711 0.489480277737158 0.341867855153338 0.194894663538594 0.152887952688983 0.411663411127779 0.461838040287434 0.216216216216216 0.241737078648626 0.532370691988979 0.464990554975277 0.382219881722458 0.315186588910557 0.291089989574838 0.275622676410421 0.315186588910557 0.540540540540541 0.45866385806695 0.389789327077188 0.362605617972939 0.341867855153338 0.45866385806695 0.498353754448264 0.393519453474623 0.382219881722458 0.616311040594129 0.574602476364035 0.483474157297252 0.540540540540541 0.611551810755933 0.650897004259043 0.498353754448264 0.489480277737158 0.556520548161459 0.687995787100425 0.659813817066687 0.604342696621565 0.582179979149676 0.540540540540541 0.551245352820842 0.630373177821114 0.594594594594595 0.597046541469582 0.768252454246048 0.668611723073134 0.657595949221429 0.683735710306677 0.779578654154376 0.735214622093808 0.704778638400286 0.7980985437964 0.854669637883346 0.846079775270191 0.823326822255558 0.756756756756757 0.787038906949245 0.871595432248492 0.918918918918919 0.894753803094424 0.817986267590354 0.854669637883346 0.918918918918919 0.94555976673167 0.966948314594504 0.923676080574868 0.906111060229201 0.879936248437822 0.866552407669265 0.891482297430846 0.906111060229201 0.966948314594504 0.992300527064098
"7" 0.657595949221429 0.0764439763444916 0.328797974610715 0.540540540540541 0.378378378378378 0.162162162162162 0 0.27027027027027 0.543236520060589 0.328797974610715 0.170933927576669 0.0764439763444916 0.0764439763444916 0.328797974610715 0.498353754448264 0.341867855153338 0.291089989574838 0.27027027027027 0.315186588910557 0.27027027027027 0.222870574357711 0.389789327077188 0.604342696621565 0.509944926057114 0.422175658157116 0.382219881722458 0.291089989574838 0.27027027027027 0.677295356007658 0.584683990615782 0.498353754448264 0.45866385806695 0.328797974610715 0.362605617972939 0.616311040594129 0.464990554975277 0.435797716124246 0.498353754448264 0.692229647290038 0.435797716124246 0.461838040287434 0.509944926057114 0.768252454246048 0.556520548161459 0.498353754448264 0.498353754448264 0.584683990615782 0.764439763444916 0.692229647290038 0.659813817066687 0.564340892373543 0.543236520060589 0.564340892373543 0.616311040594129 0.604342696621565 0.677295356007658 0.725211235945878 0.650897004259043 0.650897004259043 0.702702702702703 0.7980985437964 0.710970077727887 0.735214622093808 0.773936273690614 0.929981109950554 0.899638755518553 0.773936273690614 0.758684802573957 0.803571283638838 1.00546352636423 0.97447331769297 0.854669637883346 0.817986267590354 0.854669637883346 0.873269968724514 1.04953988318636 0.992300527064098 0.966948314594504 0.923676080574868 0.871595432248492 0.866552407669265 0.871595432248492 0.906111060229201 0.923676080574868
"8" 0.925256365871551 0.222870574357711 0.0764439763444916 0.810810810810811 0.648648648648649 0.432432432432432 0.27027027027027 0 0.812610615047184 0.597046541469582 0.435797716124246 0.328797974610715 0.222870574357711 0.0764439763444916 0.764439763444916 0.604342696621565 0.551245352820842 0.170933927576669 0.162162162162162 0.483474157297252 0.389789327077188 0.222870574357711 0.854669637883346 0.752885852820763 0.653137620194301 0.604342696621565 0.464990554975277 0.382219881722458 0.923676080574868 0.823326822255558 0.725211235945878 0.677295356007658 0.45866385806695 0.341867855153338 0.846079775270191 0.659813817066687 0.616311040594129 0.382219881722458 0.918918918918919 0.483474157297252 0.445741148715423 0.432432432432432 0.992300527064098 0.727222921463444 0.616311040594129 0.512801782730007 0.489480277737158 0.97447331769297 0.886552403613877 0.844351316314233 0.692229647290038 0.630373177821114 0.551245352820842 0.735214622093808 0.704778638400286 0.597046541469582 0.879936248437822 0.725211235945878 0.683735710306677 0.648648648648649 0.956313838538061 0.7980985437964 0.704778638400286 0.704778638400286 1.1090964610099 1.07021566882288 0.871595432248492 0.787038906949245 0.756756756756757 1.18549795672764 1.14665964516737 0.97447331769297 0.826868029231262 0.810810810810811 0.812610615047184 1.22310362151187 1.14920495272807 1.11435287178856 1.04953988318636 0.944013470085026 0.891482297430846 0.879936248437822 0.864864864864865 0.866552407669265
"9" 0.194894663538594 0.604342696621565 0.871595432248492 0.0540540540540541 0.170933927576669 0.382219881722458 0.543236520060589 0.812610615047184 0 0.216216216216216 0.378378378378378 0.486486486486486 0.594594594594595 0.864864864864865 0.0764439763444916 0.222870574357711 0.275622676410421 0.764439763444916 0.817986267590354 0.411663411127779 0.512801782730007 0.879936248437822 0.216216216216216 0.241737078648626 0.305775905377967 0.346114823645019 0.483474157297252 0.582179979149676 0.275622676410421 0.275622676410421 0.315186588910557 0.346114823645019 0.556520548161459 0.752885852820763 0.328797974610715 0.422175658157116 0.45866385806695 0.923676080574868 0.378378378378378 0.704778638400286 0.7980985437964 0.894753803094424 0.435797716124246 0.509944926057114 0.611551810755933 0.779578654154376 0.966948314594504 0.486486486486486 0.498353754448264 0.512801782730007 0.616311040594129 0.687995787100425 0.854669637883346 0.659813817066687 0.692229647290038 1.01988985211423 0.63268648166052 0.768252454246048 0.840883739789408 1.00546352636423 0.668611723073134 0.779578654154376 0.996707508896528 1.08108108108108 0.702702702702703 0.704778638400286 0.7980985437964 0.920507371131157 1.07294233736644 0.758684802573957 0.756756756756757 0.803571283638838 0.996707508896528 1.1090964610099 1.14920495272807 0.812610615047184 0.812610615047184 0.817986267590354 0.839144578176217 0.918918918918919 1.00546352636423 1.03834447093506 1.14665964516737 1.18549795672764
"10" 0.362605617972939 0.393519453474623 0.657595949221429 0.222870574357711 0.0764439763444916 0.170933927576669 0.328797974610715 0.597046541469582 0.216216216216216 0 0.162162162162162 0.27027027027027 0.378378378378378 0.648648648648649 0.170933927576669 0.0540540540540541 0.0764439763444916 0.551245352820842 0.604342696621565 0.229331929033475 0.315186588910557 0.668611723073134 0.305775905377967 0.241737078648626 0.216216216216216 0.222870574357711 0.305775905377966 0.389789327077188 0.382219881722458 0.315186588910557 0.275622676410421 0.27027027027027 0.382219881722458 0.556520548161459 0.362605617972939 0.328797974610715 0.341867855153338 0.725211235945878 0.435797716124246 0.535107834411441 0.616311040594129 0.704778638400286 0.509944926057114 0.435797716124246 0.483474157297252 0.611551810755933 0.779578654154376 0.532370691988979 0.498353754448264 0.489480277737158 0.512801782730007 0.556520548161459 0.687995787100425 0.564340892373543 0.582179979149676 0.844351316314233 0.594594594594595 0.653137620194301 0.704778638400286 0.840883739789408 0.650897004259043 0.683735710306677 0.844351316314233 0.9173277161339 0.735214622093808 0.721171030493315 0.721171030493315 0.7980985437964 0.920507371131157 0.803571283638838 0.787038906949245 0.758684802573957 0.871595432248492 0.96240507106837 0.996707508896528 0.854669637883346 0.826868029231262 0.817986267590354 0.810810810810811 0.839144578176217 0.894753803094424 0.918918918918919 1.00546352636423 1.03834447093506
"11" 0.512801782730007 0.241737078648626 0.498353754448264 0.382219881722458 0.222870574357711 0.0540540540540541 0.170933927576669 0.435797716124246 0.378378378378378 0.162162162162162 0 0.108108108108108 0.216216216216216 0.486486486486487 0.328797974610715 0.170933927576669 0.120868539324313 0.393519453474623 0.445741148715423 0.162162162162162 0.194894663538594 0.512801782730008 0.435797716124246 0.346114823645019 0.27027027027027 0.241737078648626 0.222870574357711 0.27027027027027 0.509944926057114 0.422175658157116 0.346114823645019 0.315186588910557 0.291089989574838 0.422175658157116 0.45866385806695 0.341867855153338 0.328797974610715 0.584683990615782 0.535107834411441 0.435797716124246 0.498353754448264 0.574602476364035 0.611551810755933 0.445741148715423 0.435797716124246 0.509944926057114 0.650897004259043 0.616311040594129 0.556520548161459 0.532370691988979 0.486486486486486 0.498353754448264 0.584683990615782 0.540540540540541 0.543236520060589 0.727222921463444 0.616311040594129 0.604342696621565 0.63268648166052 0.735214622093808 0.683735710306677 0.650897004259043 0.750942918348638 0.810810810810811 0.7980985437964 0.773936273690614 0.702702702702703 0.735214622093808 0.825099325539121 0.871595432248492 0.846079775270191 0.764439763444916 0.803571283638838 0.871595432248492 0.899638755518553 0.918918918918919 0.873269968724514 0.854669637883346 0.826868029231262 0.812610615047184 0.839144578176217 0.854669637883346 0.918918918918919 0.94555976673167
"12" 0.616311040594129 0.152887952688983 0.393519453474623 0.489480277737158 0.328797974610715 0.120868539324313 0.0764439763444916 0.328797974610715 0.486486486486486 0.27027027027027 0.108108108108108 0 0.108108108108108 0.378378378378378 0.435797716124246 0.275622676410421 0.222870574357711 0.291089989574838 0.341867855153338 0.194894663538594 0.162162162162162 0.411663411127779 0.532370691988979 0.435797716124246 0.346114823645019 0.305775905377966 0.222870574357711 0.222870574357711 0.604342696621565 0.509944926057114 0.422175658157116 0.382219881722458 0.27027027027027 0.346114823645019 0.54054054054054 0.389789327077188 0.362605617972939 0.498353754448264 0.616311040594129 0.393519453474623 0.435797716124246 0.498353754448264 0.692229647290038 0.483474157297252 0.435797716124246 0.461838040287434 0.574602476364035 0.687995787100425 0.616311040594129 0.584683990615782 0.498353754448264 0.486486486486486 0.532370691988979 0.551245352820842 0.543236520060589 0.659813817066687 0.653137620194301 0.594594594594595 0.604342696621565 0.677295356007658 0.725211235945878 0.650897004259043 0.702702702702703 0.750942918348638 0.854669637883346 0.825099325539121 0.710970077727887 0.710970077727887 0.773936273690614 0.929981109950554 0.899638755518553 0.787038906949245 0.773936273690614 0.823326822255558 0.846079775270191 0.97447331769297 0.918918918918919 0.894753803094424 0.854669637883346 0.812610615047184 0.817986267590354 0.826868029231262 0.873269968724514 0.894753803094424
"13" 0.721171030493315 0.108108108108108 0.291089989574838 0.597046541469582 0.435797716124246 0.222870574357711 0.0764439763444916 0.222870574357711 0.594594594594595 0.378378378378378 0.216216216216216 0.108108108108108 0 0.27027027027027 0.543236520060589 0.382219881722458 0.328797974610715 0.194894663538594 0.241737078648626 0.27027027027027 0.194894663538594 0.315186588910557 0.63268648166052 0.532370691988979 0.435797716124246 0.389789327077188 0.27027027027027 0.222870574357711 0.702702702702703 0.604342696621565 0.509944926057114 0.464990554975277 0.291089989574838 0.291089989574838 0.630373177821114 0.45866385806695 0.422175658157116 0.422175658157116 0.704778638400286 0.378378378378378 0.393519453474623 0.435797716124246 0.779578654154376 0.54054054054054 0.461838040287434 0.435797716124246 0.509944926057114 0.768252454246048 0.687995787100425 0.650897004259043 0.532370691988979 0.498353754448264 0.498353754448264 0.582179979149676 0.564340892373543 0.604342696621565 0.704778638400286 0.604342696621565 0.594594594594595 0.63268648166052 0.779578654154376 0.668611723073134 0.668611723073134 0.702702702702703 0.920507371131157 0.886552403613877 0.735214622093808 0.702702702702703 0.735214622093808 0.996707508896528 0.96240507106837 0.823326822255558 0.758684802573957 0.787038906949245 0.803571283638838 1.03834447093506 0.97447331769297 0.94555976673167 0.894753803094424 0.826868029231262 0.810810810810811 0.812610615047184 0.839144578176217 0.854669637883346
"14" 0.986393923832144 0.291089989574838 0.108108108108108 0.866552407669265 0.704778638400286 0.489480277737158 0.328797974610715 0.0764439763444916 0.864864864864865 0.648648648648649 0.486486486486487 0.378378378378378 0.27027027027027 0 0.812610615047184 0.650897004259043 0.597046541469582 0.152887952688983 0.120868539324313 0.512801782730008 0.411663411127779 0.162162162162162 0.891482297430846 0.787038906949245 0.683735710306677 0.63268648166052 0.483474157297252 0.389789327077188 0.957840278198343 0.854669637883346 0.752885852820763 0.702702702702703 0.464990554975277 0.315186588910557 0.873269968724514 0.677295356007658 0.630373177821114 0.324324324324324 0.944013470085026 0.464990554975277 0.411663411127779 0.382219881722458 1.01558347178681 0.735214622093808 0.611551810755933 0.483474157297252 0.432432432432432 0.992300527064098 0.899638755518553 0.854669637883346 0.687995787100425 0.616311040594129 0.512801782730007 0.727222921463444 0.692229647290038 0.540540540540541 0.879936248437822 0.704778638400286 0.653137620194301 0.597046541469582 0.956313838538061 0.779578654154376 0.657595949221429 0.648648648648649 1.11435287178856 1.07294233736644 0.854669637883346 0.752885852820763 0.704778638400286 1.19041705651596 1.14920495272807 0.96240507106837 0.787038906949245 0.758684802573957 0.756756756756757 1.22549016743293 1.14665964516737 1.1090964610099 1.03834447093506 0.918918918918919 0.854669637883346 0.839144578176217 0.812610615047184 0.810810810810811
"15" 0.27027027027027 0.564340892373543 0.826868029231262 0.120868539324313 0.152887952688983 0.341867855153338 0.498353754448264 0.764439763444916 0.0764439763444916 0.170933927576669 0.328797974610715 0.435797716124246 0.543236520060589 0.812610615047184 0 0.162162162162162 0.216216216216216 0.704778638400286 0.758684802573957 0.341867855153338 0.445741148715423 0.817986267590354 0.170933927576669 0.170933927576669 0.229331929033475 0.27027027027027 0.411663411127779 0.512801782730007 0.241737078648626 0.216216216216216 0.241737078648626 0.27027027027027 0.483474157297252 0.683735710306677 0.27027027027027 0.346114823645019 0.382219881722458 0.854669637883346 0.328797974610715 0.630373177821114 0.725211235945878 0.823326822255558 0.393519453474623 0.435797716124246 0.535107834411441 0.704778638400286 0.894753803094424 0.435797716124246 0.435797716124246 0.445741148715423 0.54054054054054 0.611551810755933 0.779578654154376 0.584683990615782 0.616311040594129 0.94555976673167 0.564340892373543 0.692229647290038 0.764439763444916 0.929981109950554 0.604342696621565 0.704778638400286 0.920507371131157 1.00546352636423 0.650897004259043 0.648648648648649 0.725211235945878 0.844351316314233 0.996707508896528 0.710970077727887 0.704778638400286 0.735214622093808 0.920507371131157 1.03270125267799 1.07294233736644 0.764439763444916 0.756756756756757 0.758684802573957 0.773936273690614 0.846079775270191 0.929981109950554 0.96240507106837 1.07021566882288 1.1090964610099
"16" 0.389789327077188 0.411663411127779 0.668611723073134 0.241737078648626 0.120868539324313 0.194894663538594 0.341867855153338 0.604342696621565 0.222870574357711 0.0540540540540541 0.170933927576669 0.275622676410421 0.382219881722458 0.650897004259043 0.162162162162162 0 0.0540540540540541 0.543236520060589 0.597046541469582 0.194894663538594 0.291089989574838 0.657595949221429 0.27027027027027 0.194894663538594 0.162162162162162 0.170933927576669 0.27027027027027 0.362605617972939 0.346114823645019 0.27027027027027 0.222870574357711 0.216216216216216 0.346114823645019 0.532370691988979 0.315186588910557 0.275622676410421 0.291089989574838 0.702702702702703 0.389789327077188 0.498353754448264 0.584683990615782 0.677295356007658 0.464990554975277 0.382219881722458 0.435797716124246 0.574602476364035 0.750942918348638 0.483474157297252 0.445741148715423 0.435797716124246 0.461838040287434 0.509944926057114 0.650897004259043 0.512801782730007 0.532370691988979 0.810810810810811 0.540540540540541 0.604342696621565 0.659813817066687 0.803571283638838 0.597046541469582 0.63268648166052 0.803571283638838 0.879936248437822 0.683735710306677 0.668611723073134 0.668611723073134 0.750942918348638 0.879936248437822 0.752885852820763 0.735214622093808 0.704778638400286 0.825099325539121 0.920507371131157 0.956313838538061 0.803571283638838 0.773936273690614 0.764439763444916 0.756756756756757 0.787038906949245 0.846079775270191 0.871595432248492 0.96240507106837 0.996707508896528
"17" 0.435797716124246 0.362605617972939 0.616311040594129 0.291089989574838 0.152887952688983 0.152887952688983 0.291089989574838 0.551245352820842 0.275622676410421 0.0764439763444916 0.120868539324313 0.222870574357711 0.328797974610715 0.597046541469582 0.216216216216216 0.0540540540540541 0 0.489480277737158 0.543236520060589 0.152887952688983 0.241737078648626 0.604342696621565 0.315186588910557 0.229331929033475 0.170933927576669 0.162162162162162 0.229331929033475 0.315186588910557 0.389789327077188 0.305775905377967 0.241737078648626 0.222870574357711 0.305775905377966 0.483474157297252 0.346114823645019 0.27027027027027 0.275622676410421 0.653137620194301 0.422175658157116 0.45866385806695 0.54054054054054 0.630373177821114 0.498353754448264 0.378378378378378 0.411663411127779 0.535107834411441 0.704778638400286 0.509944926057114 0.461838040287434 0.445741148715423 0.445741148715423 0.483474157297252 0.611551810755933 0.498353754448264 0.512801782730007 0.768252454246048 0.543236520060589 0.582179979149676 0.630373177821114 0.764439763444916 0.604342696621565 0.616311040594129 0.768252454246048 0.840883739789408 0.702702702702703 0.683735710306677 0.657595949221429 0.725211235945878 0.844351316314233 0.773936273690614 0.752885852820763 0.702702702702703 0.7980985437964 0.886552403613877 0.920507371131157 0.823326822255558 0.787038906949245 0.773936273690614 0.758684802573957 0.773936273690614 0.823326822255558 0.846079775270191 0.929981109950554 0.96240507106837
"18" 0.906111060229201 0.27027027027027 0.241737078648626 0.773936273690614 0.616311040594129 0.411663411127779 0.27027027027027 0.170933927576669 0.764439763444916 0.551245352820842 0.393519453474623 0.291089989574838 0.194894663538594 0.152887952688983 0.704778638400286 0.543236520060589 0.489480277737158 0 0.0540540540540541 0.382219881722458 0.275622676410421 0.120868539324313 0.764439763444916 0.657595949221429 0.551245352820842 0.498353754448264 0.341867855153338 0.241737078648626 0.826868029231262 0.721171030493315 0.616311040594129 0.564340892373543 0.315186588910557 0.170933927576669 0.735214622093808 0.532370691988979 0.483474157297252 0.241737078648626 0.803571283638838 0.315186588910557 0.275622676410421 0.275622676410421 0.873269968724514 0.584683990615782 0.45866385806695 0.341867855153338 0.341867855153338 0.846079775270191 0.750942918348638 0.704778638400286 0.535107834411441 0.464990554975277 0.382219881722458 0.574602476364035 0.540540540540541 0.445741148715423 0.727222921463444 0.556520548161459 0.512801782730007 0.489480277737158 0.803571283638838 0.630373177821114 0.540540540540541 0.551245352820842 0.96240507106837 0.920507371131157 0.704778638400286 0.616311040594129 0.597046541469582 1.03834447093506 0.996707508896528 0.810810810810811 0.657595949221429 0.650897004259043 0.657595949221429 1.07294233736644 0.993771692478391 0.956313838538061 0.886552403613877 0.773936273690614 0.721171030493315 0.710970077727887 0.704778638400286 0.710970077727887
"19" 0.957840278198343 0.305775905377967 0.222870574357711 0.826868029231262 0.668611723073134 0.461838040287434 0.315186588910557 0.162162162162162 0.817986267590354 0.604342696621565 0.445741148715423 0.341867855153338 0.241737078648626 0.120868539324313 0.758684802573957 0.597046541469582 0.543236520060589 0.0540540540540541 0 0.435797716124246 0.328797974610715 0.0764439763444916 0.817986267590354 0.710970077727887 0.604342696621565 0.551245352820842 0.393519453474623 0.291089989574838 0.879936248437822 0.773936273690614 0.668611723073134 0.616311040594129 0.362605617972939 0.194894663538594 0.787038906949245 0.582179979149676 0.532370691988979 0.222870574357711 0.854669637883346 0.346114823645019 0.291089989574838 0.27027027027027 0.923676080574868 0.630373177821114 0.498353754448264 0.362605617972939 0.328797974610715 0.894753803094424 0.7980985437964 0.750942918348638 0.574602476364035 0.498353754448264 0.393519453474623 0.611551810755933 0.574602476364035 0.435797716124246 0.768252454246048 0.584683990615782 0.532370691988979 0.486486486486486 0.844351316314233 0.659813817066687 0.543236520060589 0.543236520060589 1.00546352636423 0.96240507106837 0.735214622093808 0.63268648166052 0.594594594594595 1.08108108108108 1.03834447093506 0.844351316314233 0.668611723073134 0.648648648648649 0.650897004259043 1.11435287178856 1.03270125267799 0.993771692478391 0.920507371131157 0.7980985437964 0.735214622093808 0.721171030493315 0.702702702702703 0.704778638400286
"20" 0.584683990615782 0.346114823645019 0.556520548161459 0.435797716124246 0.305775905377966 0.216216216216216 0.27027027027027 0.483474157297252 0.411663411127779 0.229331929033475 0.162162162162162 0.194894663538594 0.27027027027027 0.512801782730008 0.341867855153338 0.194894663538594 0.152887952688983 0.382219881722458 0.435797716124246 0 0.108108108108108 0.486486486486487 0.382219881722458 0.275622676410421 0.170933927576669 0.120868539324313 0.0764439763444916 0.170933927576669 0.445741148715423 0.341867855153338 0.241737078648626 0.194894663538594 0.152887952688983 0.341867855153338 0.362605617972939 0.194894663538594 0.170933927576669 0.512801782730007 0.435797716124246 0.305775905377966 0.389789327077188 0.483474157297252 0.509944926057114 0.291089989574838 0.275622676410421 0.382219881722458 0.556520548161459 0.498353754448264 0.422175658157116 0.389789327077188 0.324324324324324 0.341867855153338 0.45866385806695 0.378378378378378 0.382219881722458 0.616311040594129 0.461838040287434 0.445741148715423 0.483474157297252 0.611551810755933 0.532370691988979 0.489480277737158 0.616311040594129 0.687995787100425 0.659813817066687 0.630373177821114 0.540540540540541 0.582179979149676 0.692229647290038 0.735214622093808 0.704778638400286 0.604342696621565 0.653137620194301 0.735214622093808 0.768252454246048 0.779578654154376 0.725211235945878 0.702702702702703 0.668611723073134 0.650897004259043 0.683735710306677 0.702702702702703 0.779578654154376 0.810810810810811
"21" 0.677295356007658 0.291089989574838 0.464990554975277 0.532370691988979 0.389789327077188 0.241737078648626 0.222870574357711 0.389789327077188 0.512801782730007 0.315186588910557 0.194894663538594 0.162162162162162 0.194894663538594 0.411663411127779 0.445741148715423 0.291089989574838 0.241737078648626 0.275622676410421 0.328797974610715 0.108108108108108 0 0.378378378378378 0.489480277737158 0.382219881722458 0.275622676410421 0.222870574357711 0.0764439763444916 0.0764439763444916 0.551245352820842 0.445741148715423 0.341867855153338 0.291089989574838 0.108108108108108 0.241737078648626 0.461838040287434 0.27027027027027 0.229331929033475 0.411663411127779 0.532370691988979 0.241737078648626 0.305775905377966 0.389789327077188 0.604342696621565 0.346114823645019 0.275622676410421 0.315186588910557 0.464990554975277 0.584683990615782 0.498353754448264 0.45866385806695 0.341867855153338 0.324324324324324 0.389789327077188 0.393519453474623 0.382219881722458 0.535107834411441 0.509944926057114 0.432432432432432 0.445741148715423 0.540540540540541 0.584683990615782 0.489480277737158 0.556520548161459 0.616311040594129 0.727222921463444 0.692229647290038 0.551245352820842 0.551245352820842 0.630373177821114 0.803571283638838 0.768252454246048 0.63268648166052 0.616311040594129 0.677295356007658 0.704778638400286 0.844351316314233 0.779578654154376 0.750942918348638 0.702702702702703 0.650897004259043 0.657595949221429 0.668611723073134 0.725211235945878 0.750942918348638
"22" 1.02560356546002 0.382219881722458 0.27027027027027 0.891482297430846 0.735214622093808 0.532370691988979 0.389789327077188 0.222870574357711 0.879936248437822 0.668611723073134 0.512801782730008 0.411663411127779 0.315186588910557 0.162162162162162 0.817986267590354 0.657595949221429 0.604342696621565 0.120868539324313 0.0764439763444916 0.486486486486487 0.378378378378378 0 0.866552407669265 0.758684802573957 0.650897004259043 0.597046541469582 0.435797716124246 0.328797974610715 0.925256365871551 0.817986267590354 0.710970077727887 0.657595949221429 0.393519453474623 0.194894663538594 0.826868029231262 0.616311040594129 0.564340892373543 0.162162162162162 0.891482297430846 0.346114823645019 0.27027027027027 0.222870574357711 0.957840278198343 0.653137620194301 0.509944926057114 0.346114823645019 0.27027027027027 0.923676080574868 0.823326822255558 0.773936273690614 0.584683990615782 0.498353754448264 0.362605617972939 0.616311040594129 0.574602476364035 0.378378378378378 0.779578654154376 0.574602476364035 0.509944926057114 0.435797716124246 0.854669637883346 0.650897004259043 0.498353754448264 0.486486486486486 1.01988985211423 0.97447331769297 0.727222921463444 0.604342696621565 0.543236520060589 1.09451117466576 1.04953988318636 0.840883739789408 0.63268648166052 0.597046541469582 0.594594594594595 1.1247920025235 1.03834447093506 0.996707508896528 0.9173277161339 0.779578654154376 0.702702702702703 0.683735710306677 0.650897004259043 0.648648648648649
"23" 0.393519453474623 0.677295356007658 0.923676080574868 0.27027027027027 0.315186588910557 0.464990554975277 0.604342696621565 0.854669637883346 0.216216216216216 0.305775905377967 0.435797716124246 0.532370691988979 0.63268648166052 0.891482297430846 0.170933927576669 0.27027027027027 0.315186588910557 0.764439763444916 0.817986267590354 0.382219881722458 0.489480277737158 0.866552407669265 0 0.108108108108108 0.216216216216216 0.27027027027027 0.432432432432432 0.540540540540541 0.0764439763444916 0.0764439763444916 0.170933927576669 0.222870574357711 0.489480277737158 0.704778638400286 0.120868539324313 0.291089989574838 0.341867855153338 0.871595432248492 0.162162162162162 0.616311040594129 0.721171030493315 0.826868029231262 0.222870574357711 0.346114823645019 0.483474157297252 0.683735710306677 0.891482297430846 0.27027027027027 0.291089989574838 0.315186588910557 0.464990554975277 0.556520548161459 0.752885852820763 0.498353754448264 0.54054054054054 0.923676080574868 0.435797716124246 0.616311040594129 0.704778638400286 0.894753803094424 0.461838040287434 0.611551810755933 0.871595432248492 0.966948314594504 0.486486486486486 0.489480277737158 0.616311040594129 0.768252454246048 0.94555976673167 0.543236520060589 0.540540540540541 0.604342696621565 0.844351316314233 0.97447331769297 1.01988985211423 0.597046541469582 0.597046541469582 0.604342696621565 0.63268648166052 0.735214622093808 0.840883739789408 0.879936248437822 1.00546352636423 1.04953988318636
"24" 0.435797716124246 0.584683990615782 0.823326822255558 0.291089989574838 0.275622676410421 0.382219881722458 0.509944926057114 0.752885852820763 0.241737078648626 0.241737078648626 0.346114823645019 0.435797716124246 0.532370691988979 0.787038906949245 0.170933927576669 0.194894663538594 0.229331929033475 0.657595949221429 0.710970077727887 0.275622676410421 0.382219881722458 0.758684802573957 0.108108108108108 0 0.108108108108108 0.162162162162162 0.324324324324324 0.432432432432432 0.170933927576669 0.0764439763444916 0.0764439763444916 0.120868539324313 0.382219881722458 0.597046541469582 0.120868539324313 0.194894663538594 0.241737078648626 0.764439763444916 0.194894663538594 0.512801782730007 0.616311040594129 0.721171030493315 0.27027027027027 0.27027027027027 0.389789327077188 0.582179979149676 0.787038906949245 0.291089989574838 0.27027027027027 0.275622676410421 0.382219881722458 0.464990554975277 0.653137620194301 0.422175658157116 0.45866385806695 0.823326822255558 0.393519453474623 0.535107834411441 0.616311040594129 0.7980985437964 0.435797716124246 0.54054054054054 0.779578654154376 0.871595432248492 0.498353754448264 0.489480277737158 0.556520548161459 0.687995787100425 0.854669637883346 0.564340892373543 0.551245352820842 0.564340892373543 0.764439763444916 0.886552403613877 0.929981109950554 0.616311040594129 0.597046541469582 0.594594594594595 0.604342696621565 0.677295356007658 0.768252454246048 0.803571283638838 0.920507371131157 0.96240507106837
"25" 0.498353754448264 0.498353754448264 0.725211235945878 0.346114823645019 0.275622676410421 0.315186588910557 0.422175658157116 0.653137620194301 0.305775905377967 0.216216216216216 0.27027027027027 0.346114823645019 0.435797716124246 0.683735710306677 0.229331929033475 0.162162162162162 0.170933927576669 0.551245352820842 0.604342696621565 0.170933927576669 0.275622676410421 0.650897004259043 0.216216216216216 0.108108108108108 0 0.0540540540540541 0.216216216216216 0.324324324324324 0.275622676410421 0.170933927576669 0.0764439763444916 0.0540540540540541 0.275622676410421 0.489480277737158 0.194894663538594 0.120868539324313 0.152887952688983 0.657595949221429 0.27027027027027 0.411663411127779 0.512801782730007 0.616311040594129 0.346114823645019 0.222870574357711 0.305775905377966 0.483474157297252 0.683735710306677 0.346114823645019 0.291089989574838 0.275622676410421 0.315186588910557 0.382219881722458 0.556520548161459 0.362605617972939 0.389789327077188 0.725211235945878 0.378378378378378 0.464990554975277 0.535107834411441 0.704778638400286 0.435797716124246 0.483474157297252 0.692229647290038 0.779578654154376 0.532370691988979 0.512801782730007 0.512801782730007 0.616311040594129 0.768252454246048 0.604342696621565 0.582179979149676 0.543236520060589 0.692229647290038 0.803571283638838 0.844351316314233 0.653137620194301 0.616311040594129 0.604342696621565 0.594594594594595 0.63268648166052 0.704778638400286 0.735214622093808 0.840883739789408 0.879936248437822
"26" 0.535107834411441 0.45866385806695 0.677295356007658 0.382219881722458 0.291089989574838 0.291089989574838 0.382219881722458 0.604342696621565 0.346114823645019 0.222870574357711 0.241737078648626 0.305775905377966 0.389789327077188 0.63268648166052 0.27027027027027 0.170933927576669 0.162162162162162 0.498353754448264 0.551245352820842 0.120868539324313 0.222870574357711 0.597046541469582 0.27027027027027 0.162162162162162 0.0540540540540541 0 0.162162162162162 0.27027027027027 0.328797974610715 0.222870574357711 0.120868539324313 0.0764439763444916 0.222870574357711 0.435797716124246 0.241737078648626 0.108108108108108 0.120868539324313 0.604342696621565 0.315186588910557 0.362605617972939 0.461838040287434 0.564340892373543 0.389789327077188 0.216216216216216 0.27027027027027 0.435797716124246 0.63268648166052 0.382219881722458 0.315186588910557 0.291089989574838 0.291089989574838 0.346114823645019 0.509944926057114 0.341867855153338 0.362605617972939 0.677295356007658 0.382219881722458 0.435797716124246 0.498353754448264 0.659813817066687 0.445741148715423 0.461838040287434 0.650897004259043 0.735214622093808 0.556520548161459 0.532370691988979 0.498353754448264 0.584683990615782 0.727222921463444 0.630373177821114 0.604342696621565 0.540540540540541 0.659813817066687 0.764439763444916 0.803571283638838 0.677295356007658 0.63268648166052 0.616311040594129 0.597046541469582 0.616311040594129 0.677295356007658 0.704778638400286 0.803571283638838 0.840883739789408
