"V1" "V2" "V3" "V4" "V5" "V6" "V7" "V8" "V9" "V10" "V11" "V12" "V13" "V14" "V15" "V16" "V17" "V18" "V19" "V20" "V21" "V22" "V23" "V24" "V25" "V26" "V27" "V28" "V29" "V30" "V31" "V32" "V33" "V34" "V35" "V36" "V37" "V38" "V39" "V40" "V41" "V42"
"1" 0 0.330092732143175 0.175906138260081 0.210623594958444 0.0945431417968352 0.185414204003735 0.228440036031199 0.366817881932804 0.152106190974785 0.255322583092136 0.193802954093774 0.173800512610354 0.244705600557468 0.514157742855455 0.365055738814888 0.252068002148998 0.0996001574077891 0.258202700077172 0.156953921203228 0.319929191914354 0.354058946011812 0.422038393846851 0.256838691522552 0.322943377721474 0.0677247787304883 0.398154252850692 0.316775396546604 0.40605063056688 0.367407897804904 0.373371164680313 0.230629068564812 0.466872138851501 0.0870951010126927 0.169379685311549 0.37217403463126 0.537475668256496 0.241372748437817 0.525605042805852 0.181144774317071 0.190059806292046 0.364067369201586 0.150003492719993
"2" 0.330092732143175 0 0.491817003155421 0.376210086411947 0.284385902755013 0.165755396098314 0.305648849376287 0.386175679091616 0.239011631292429 0.457901451023715 0.177078973584839 0.228750886497737 0.28310241912799 0.241753936937056 0.191684816160606 0.240263042112444 0.388339791720278 0.110867065115955 0.175277065398897 0.114693180627676 0.250587439709265 0.0995597040708197 0.083263671957849 0.12187171381767 0.266127843815467 0.265524300660734 0.173467248620755 0.241165212938978 0.319482208916389 0.0728657056395495 0.210972079352396 0.156048614190869 0.357857504938187 0.339193321538589 0.472526636359894 0.264530212765479 0.121266590545269 0.195855827073976 0.295691117824543 0.407161322965881 0.0827064737145647 0.468627812672701
"3" 0.175906138260081 0.491817003155421 0 0.21331007218109 0.210706435411914 0.330871583906336 0.386229527168786 0.390912099059187 0.325874775448229 0.193655506012826 0.369602783582616 0.287523006227677 0.312901250606433 0.689181835714341 0.477768307087446 0.422977760511573 0.201438133390836 0.431832390824575 0.326926041313024 0.455407120630472 0.44281590800436 0.588234787265419 0.41190021162552 0.497974300855454 0.242658443424634 0.570981965750771 0.492578778872378 0.506126851222337 0.426816880069481 0.523101249974711 0.338442309675466 0.612815203060116 0.137034075245237 0.313251989130316 0.34415711029817 0.662314382264899 0.385754228981989 0.6834181640427 0.249054475988218 0.298211668940108 0.535305845660069 0.153941338832495
"4" 0.210623594958444 0.376210086411947 0.21331007218109 0 0.139106386414862 0.217644908919079 0.422557467222037 0.178947738795233 0.325449076143473 0.0819380852151612 0.333365548689248 0.148968486305299 0.116613124880776 0.610155623597473 0.294015455519845 0.422257848767562 0.304230899688336 0.36496079004784 0.267052484820742 0.29920676212915 0.243890840100041 0.474956136183743 0.294311590854353 0.433065919156813 0.234558772104323 0.550348175745424 0.451152231148837 0.310414349604405 0.215863294805373 0.380187047205913 0.172436637954515 0.456769200165525 0.129440948678421 0.376106449245319 0.161596219210903 0.478787491146215 0.254990262188715 0.543799006100548 0.0806648423347332 0.40035719973861 0.444132903202004 0.316739415157807
"5" 0.0945431417968352 0.284385902755013 0.210706435411914 0.139106386414862 0 0.12052977910341 0.284056689115625 0.275743169808288 0.186391823685218 0.205351353714134 0.199463566189634 0.0842546533952565 0.150385347539626 0.499032821597405 0.279740612821964 0.284186493465578 0.193745908533009 0.243105195104958 0.13767710064302 0.246519437130852 0.261800426172481 0.382791709720227 0.202633237652911 0.312283501651514 0.0964662343870267 0.417287359004499 0.32200803395817 0.316961258378176 0.272871387164743 0.312397575865457 0.14090239396576 0.402447537657621 0.0740995339408799 0.242982668153462 0.294893162191638 0.45916009644308 0.175048176888123 0.473330008429709 0.0891940844940821 0.277692828144917 0.337043191875172 0.238372870463796
"6" 0.185414204003735 0.165755396098314 0.330871583906336 0.217644908919079 0.12052977910341 0 0.273807032739584 0.279899727290974 0.172507103880382 0.297657700671865 0.144249374097214 0.0694681188561131 0.150456952451332 0.39280426104473 0.188613780335409 0.242336155863047 0.26774689107647 0.151784402431118 0.0810211821275259 0.134652101478043 0.19942100791668 0.265122021853952 0.0828175666295473 0.217548671817045 0.136520772830023 0.345985621280542 0.242832398841355 0.236093062033787 0.241426552822656 0.192676551774734 0.0866453172710992 0.284316661732075 0.194626543987759 0.266261435460071 0.34018714782445 0.352639710753949 0.0564325083970958 0.352802616833226 0.137833473940498 0.322378298994866 0.227096722399955 0.334549669279566
"7" 0.228440036031199 0.305648849376287 0.386229527168786 0.422557467222037 0.284056689115625 0.273807032739584 0 0.543423600324022 0.103500038015944 0.479897417554378 0.139589206677146 0.319022640886277 0.40987048072379 0.374558511748742 0.446612029112917 0.0744633993664891 0.191003379845883 0.19478217429681 0.19281965281503 0.371690197520474 0.471621318833009 0.355755936728208 0.283129445270352 0.215766408663125 0.187998846543954 0.204638321345428 0.173750702481415 0.498471507573787 0.51451829869197 0.376053745106907 0.358584477427943 0.460891808003593 0.313341473256131 0.0783166532968189 0.578248158308597 0.568396793589981 0.302645949972049 0.476047822197132 0.366035977264361 0.134965439293521 0.282250950648969 0.2723521285139
"8" 0.366817881932804 0.386175679091616 0.390912099059187 0.178947738795233 0.275743169808288 0.279899727290974 0.543423600324022 0 0.439988466253416 0.215646414809404 0.423419155150478 0.224506201288843 0.133561634514204 0.626324108230236 0.223482426668578 0.521248438652528 0.465973027748912 0.424714641453272 0.356829239736235 0.276188838527302 0.152040557300512 0.470915339663202 0.322841639354447 0.482489903140675 0.366233548274937 0.621188339751805 0.517283550535664 0.207605051839554 0.0822251314921931 0.355970982701384 0.194613670548916 0.401739468944121 0.299127366946945 0.515298169527794 0.111193578201009 0.377587158748279 0.281980196517969 0.500700976945943 0.186581158940387 0.553435993215559 0.467600061799836 0.491343858816347
"9" 0.152106190974785 0.239011631292429 0.325874775448229 0.325449076143473 0.186391823685218 0.172507103880382 0.103500038015944 0.439988466253416 0 0.388665216820982 0.0631451984757185 0.215540670548542 0.306427344171266 0.374570803929801 0.352586537498928 0.101237742467171 0.16253486816326 0.136614586504608 0.0926135619645973 0.282358869383425 0.371706501958963 0.311726530399842 0.195851690075021 0.187737095390039 0.0947839754925722 0.24605027843422 0.169663718294244 0.403260512071099 0.411856021136088 0.302486506557642 0.255902926859791 0.393710619731727 0.227932807936496 0.102362302143388 0.477791335168909 0.490733673808898 0.207558891849984 0.427817988332091 0.264410706139177 0.168641606509844 0.242935714362717 0.249255623624352
"10" 0.255322583092136 0.457901451023715 0.193655506012826 0.0819380852151612 0.205351353714134 0.297657700671865 0.479897417554378 0.215646414809404 0.388665216820982 0 0.404562726674433 0.22988678421869 0.193476830869007 0.690460139096588 0.36976933504632 0.488413547945141 0.336704461202062 0.441988199610944 0.340545873442634 0.380234081407065 0.313751424257008 0.556786220667928 0.375701928001442 0.510725477929712 0.294460468120936 0.62243159904991 0.525590353728157 0.380593757336307 0.273043552578203 0.461739259047956 0.253910703597928 0.536742670471135 0.168235053101341 0.424698290392328 0.150893871658151 0.552193560771109 0.33675500171085 0.625050794840083 0.162210580751463 0.437621575051081 0.524674224858616 0.327786572677923
"11" 0.193802954093774 0.177078973584839 0.369602783582616 0.333365548689248 0.199463566189634 0.144249374097214 0.139589206677146 0.423419155150478 0.0631451984757185 0.404562726674433 0 0.202626322034833 0.291732585011746 0.321073351625863 0.307325255175708 0.0980868332114465 0.222816942286073 0.0737335905756315 0.0682386681304197 0.232144343001027 0.335994696523029 0.248842088081476 0.143629470194518 0.130531396861397 0.1272657846065 0.217871141353095 0.125005341606188 0.359418818485983 0.384569393724476 0.242920694602045 0.230879477273274 0.33263245509392 0.256204465056028 0.162150428566053 0.475219261182335 0.433456281315377 0.16441020596079 0.364673936828582 0.262499256450922 0.230136587406135 0.181103086470182 0.30838389453327
"12" 0.173800512610354 0.228750886497737 0.287523006227677 0.148968486305299 0.0842546533952565 0.0694681188561131 0.319022640886277 0.224506201288843 0.215540670548542 0.22988678421869 0.202626322034833 0 0.090975288550443 0.461213706287156 0.19557650335511 0.299124955942836 0.269501715829028 0.220377985546189 0.134591423478419 0.168644593795421 0.180462101458124 0.32813222485382 0.145993298364102 0.286876406492434 0.149345450965742 0.412466570774565 0.310205102931213 0.233136275774245 0.202372441892823 0.242158414464008 0.0570403334552482 0.327715005764438 0.151639905815805 0.295935858981957 0.273744261820639 0.376483380031949 0.108641339959091 0.406104477598003 0.0685943428764196 0.342293716411114 0.29516682585575 0.321504211448161
"13" 0.244705600557468 0.28310241912799 0.312901250606433 0.116613124880776 0.150385347539626 0.150456952451332 0.40987048072379 0.133561634514204 0.306427344171266 0.193476830869007 0.291732585011746 0.090975288550443 0 0.52405900112901 0.177438112040046 0.389059972817354 0.344110851304068 0.300472385188979 0.224344585099405 0.190508455922613 0.130528087902506 0.377927000898613 0.207903603079606 0.363023355524338 0.235044245272638 0.496054846479147 0.392514362435745 0.195797752759114 0.123396965397421 0.273766467881776 0.0728004770358554 0.343983484790795 0.192998165889168 0.383703528798545 0.19247908427876 0.362278391283955 0.165715436370747 0.434721922342182 0.067608304455684 0.425566518001929 0.359329481094494 0.382388451263433
"14" 0.514157742855455 0.241753936937056 0.689181835714341 0.610155623597473 0.499032821597405 0.39280426104473 0.374558511748742 0.626324108230236 0.374570803929801 0.690460139096588 0.321073351625863 0.461213706287156 0.52405900112901 0 0.417117100581737 0.303247876782984 0.535692468813907 0.258170735776991 0.364877477155922 0.350592618176375 0.484006806003498 0.15949511946127 0.317756262488427 0.191241886959689 0.44670480148459 0.192384880387058 0.207489248757769 0.458498177630391 0.555695173898765 0.276466050421592 0.45144348011806 0.281578649347655 0.566882133426732 0.443489577258651 0.714256972492902 0.398055087328579 0.359315701664218 0.212271036308011 0.529744949583366 0.508318460292925 0.16613601474017 0.622873834618758
"15" 0.365055738814888 0.191684816160606 0.477768307087446 0.294015455519845 0.279740612821964 0.188613780335409 0.446612029112917 0.223482426668578 0.352586537498928 0.36976933504632 0.307325255175708 0.19557650335511 0.177438112040046 0.417117100581737 0 0.397764531170994 0.454432707162147 0.272209844138271 0.260894557180616 0.0808030611908926 0.0715775446061851 0.257852381846704 0.165941751993228 0.309172869007694 0.324321259306544 0.454562411964841 0.356244771642113 0.0526975471895798 0.14415966047295 0.140657948088554 0.14025181483938 0.17888643360623 0.345187541801932 0.451590174628631 0.328127254701889 0.18596185779054 0.145037730323976 0.277273837979054 0.230818530052843 0.510314268741245 0.273079783916714 0.514746854100289
"16" 0.252068002148998 0.240263042112444 0.422977760511573 0.422257848767562 0.284186493465578 0.242336155863047 0.0744633993664891 0.521248438652528 0.101237742467171 0.488413547945141 0.0980868332114465 0.299124955942836 0.389059972817354 0.303247876782984 0.397764531170994 0 0.241842781026008 0.131220109624216 0.164724384066014 0.319287610184142 0.43169837474896 0.282734750238485 0.231824463643248 0.142054968449093 0.195793749277911 0.148608962851513 0.0994972575598862 0.450390863635568 0.482270344410175 0.312429942324228 0.328962712185079 0.393204593094723 0.329147532057857 0.140607061461019 0.569657824212755 0.504747314566865 0.25884576241483 0.403060187358574 0.355860397169024 0.205258557030348 0.209176537257571 0.327889650236521
"17" 0.0996001574077891 0.388339791720278 0.201438133390836 0.304230899688336 0.193745908533009 0.26774689107647 0.191003379845883 0.465973027748912 0.16253486816326 0.336704461202062 0.222816942286073 0.269501715829028 0.344110851304068 0.535692468813907 0.454432707162147 0.241842781026008 0 0.296067405060225 0.215300675044549 0.400733262870333 0.449770854467627 0.470247880685753 0.326441615273504 0.350271311914851 0.131488103210171 0.389098363685947 0.328773659251449 0.498385511120405 0.466464466858039 0.442441157499081 0.325332975923546 0.536380881701447 0.175152910815124 0.114160505551321 0.465268744307265 0.618567407382895 0.320473366216432 0.582704959678926 0.280704938865669 0.101815568844016 0.403900560883547 0.0871950337223819
"18" 0.258202700077172 0.110867065115955 0.431832390824575 0.36496079004784 0.243105195104958 0.151784402431118 0.19478217429681 0.424714641453272 0.136614586504608 0.441988199610944 0.0737335905756315 0.220377985546189 0.300472385188979 0.258170735776991 0.272209844138271 0.131220109624216 0.296067405060225 0 0.106871052342985 0.191968916461411 0.314636408189416 0.175135913920939 0.10892370887597 0.0692044291439786 0.19048175578198 0.196486703967318 0.092576735990251 0.324826212369376 0.373275917668439 0.181863663095626 0.230892411004251 0.266427139476275 0.309015304760425 0.23219579030092 0.491691193309066 0.374389247334161 0.144723581945684 0.291733393165562 0.287382872979042 0.301018537109752 0.108150967581216 0.380975305466662
"19" 0.156953921203228 0.175277065398897 0.326926041313024 0.267052484820742 0.13767710064302 0.0810211821275259 0.19281965281503 0.356829239736235 0.0926135619645973 0.340545873442634 0.0682386681304197 0.134591423478419 0.224344585099405 0.364877477155922 0.260894557180616 0.164724384066014 0.215300675044549 0.106871052342985 0 0.193918133213493 0.279390586839091 0.265123328883658 0.112272319978113 0.1755740382605 0.0911181799220544 0.283312537847176 0.185052941013677 0.311060152514603 0.32224696991154 0.227234955339148 0.166706384545351 0.321104315085118 0.202144255794192 0.19084795002391 0.406993321037129 0.40799942873298 0.116297825764382 0.371083661588006 0.194572395665208 0.251959747332329 0.20843204973405 0.293563550225142
"20" 0.319929191914354 0.114693180627676 0.455407120630472 0.29920676212915 0.246519437130852 0.134652101478043 0.371690197520474 0.276188838527302 0.282358869383425 0.380234081407065 0.232144343001027 0.168644593795421 0.190508455922613 0.350592618176375 0.0808030611908926 0.319287610184142 0.400733262870333 0.191968916461411 0.193918133213493 0 0.135937552192084 0.194903359639502 0.0885805179181339 0.228948755409581 0.269282029621289 0.37434612516828 0.275476441756606 0.133094259339526 0.205768306230962 0.0835814467266599 0.127080628465102 0.159659469207579 0.318615646914256 0.383702741597488 0.369940779646884 0.218147066584687 0.0802740514989671 0.24488089483863 0.223657281693536 0.445877629388305 0.197345142900082 0.469200362431613
"21" 0.354058946011812 0.250587439709265 0.44281590800436 0.243890840100041 0.261800426172481 0.19942100791668 0.471621318833009 0.152040557300512 0.371706501958963 0.313751424257008 0.335994696523029 0.180462101458124 0.130528087902506 0.484006806003498 0.0715775446061851 0.43169837474896 0.449770854467627 0.314636408189416 0.279390586839091 0.135937552192084 0 0.325673595646937 0.205766317110526 0.361062763549639 0.325455884079389 0.505626667359091 0.403957803817099 0.0668821514847762 0.0729287721818302 0.208729177543896 0.124578882237425 0.249782492517757 0.3177382727138 0.464823282789631 0.258187227977413 0.239384890514939 0.17301235135736 0.34866631004236 0.19435528184063 0.517637317894849 0.333270577078942 0.500124736862428
"22" 0.422038393846851 0.0995597040708197 0.588234787265419 0.474956136183743 0.382791709720227 0.265122021853952 0.355755936728208 0.470915339663202 0.311726530399842 0.556786220667928 0.248842088081476 0.32813222485382 0.377927000898613 0.15949511946127 0.257852381846704 0.282734750238485 0.470247880685753 0.175135913920939 0.265123328883658 0.194903359639502 0.325673595646937 0 0.182817340678851 0.140980451644879 0.355868949743752 0.251737792983203 0.190907005705281 0.299131182657322 0.397935833146225 0.11724494296528 0.307099018047612 0.137542456850906 0.455748509865423 0.404669761521425 0.56373797852622 0.260240984813564 0.220067104314672 0.120334973304528 0.394628620856838 0.473703884920835 0.0735636183604477 0.553927635977663
"23" 0.256838691522552 0.083263671957849 0.41190021162552 0.294311590854353 0.202633237652911 0.0828175666295473 0.283129445270352 0.322841639354447 0.195851690075021 0.375701928001442 0.143629470194518 0.145993298364102 0.207903603079606 0.317756262488427 0.165941751993228 0.231824463643248 0.326441615273504 0.10892370887597 0.112272319978113 0.0885805179181339 0.205766317110526 0.182817340678851 0 0.159842884582148 0.197505153838949 0.301670166298661 0.198820951810578 0.218585458456184 0.266119129696907 0.116930507875996 0.135154817567624 0.210913714307738 0.276557264864851 0.297978599101127 0.40003368232622 0.296275469103683 0.0422075321355818 0.271688066378175 0.213650472016778 0.362081570036724 0.151965793809521 0.401476400756891
"24" 0.322943377721474 0.12187171381767 0.497974300855454 0.433065919156813 0.312283501651514 0.217548671817045 0.215766408663125 0.482489903140675 0.187737095390039 0.510725477929712 0.130531396861397 0.286876406492434 0.363023355524338 0.191241886959689 0.309172869007694 0.142054968449093 0.350271311914851 0.0692044291439786 0.1755740382605 0.228948755409581 0.361062763549639 0.140980451644879 0.159842884582148 0 0.255463020589063 0.145409236302164 0.0535913454884938 0.360322874884205 0.424940114797721 0.192625170151798 0.29154630180429 0.260412419735301 0.37754333079621 0.27052280014439 0.555298593860313 0.378520151280461 0.200586729853794 0.261193439174746 0.354666514381421 0.339015607525962 0.067663596800092 0.436901582111312
"25" 0.0677247787304883 0.266127843815467 0.242658443424634 0.234558772104323 0.0964662343870267 0.136520772830023 0.187998846543954 0.366233548274937 0.0947839754925722 0.294460468120936 0.1272657846065 0.149345450965742 0.235044245272638 0.44670480148459 0.324321259306544 0.195793749277911 0.131488103210171 0.19048175578198 0.0911181799220544 0.269282029621289 0.325455884079389 0.355868949743752 0.197505153838949 0.255463020589063 0 0.337590871208738 0.251552225765786 0.369877172627371 0.351651515991213 0.314359465905451 0.201392857222708 0.408394660732376 0.133555758535118 0.149069280253976 0.391339050635347 0.487232721899635 0.189047441473373 0.461983664840392 0.182180867793984 0.193084227401059 0.296617298741023 0.204058586477612
"26" 0.398154252850692 0.265524300660734 0.570981965750771 0.550348175745424 0.417287359004499 0.345985621280542 0.204638321345428 0.621188339751805 0.24605027843422 0.62243159904991 0.217871141353095 0.412466570774565 0.496054846479147 0.192384880387058 0.454562411964841 0.148608962851513 0.389098363685947 0.196486703967318 0.283312537847176 0.37434612516828 0.505626667359091 0.251737792983203 0.301670166298661 0.145409236302164 0.337590871208738 0 0.103909984610154 0.505558231027394 0.567788614227555 0.333142782862734 0.427285122084215 0.387134735156154 0.470650138182354 0.281650000103603 0.685890308500051 0.509321180655056 0.340287200751141 0.359116183436269 0.476757955128774 0.338410392780214 0.193510471134487 0.473990677872308
"27" 0.316775396546604 0.173467248620755 0.492578778872378 0.451152231148837 0.32200803395817 0.242832398841355 0.173750702481415 0.517283550535664 0.169663718294244 0.525590353728157 0.125005341606188 0.310205102931213 0.392514362435745 0.207489248757769 0.356244771642113 0.0994972575598862 0.328773659251449 0.092576735990251 0.185052941013677 0.275476441756606 0.403957803817099 0.190907005705281 0.198820951810578 0.0535913454884938 0.251552225765786 0.103909984610154 0 0.408154376655169 0.464710049585922 0.245255893405786 0.323411842096257 0.313868930807754 0.381135486857943 0.237248463460458 0.583005260981896 0.432092461466663 0.236671308260774 0.310045867150335 0.375710602425243 0.303779194440764 0.119167484136 0.415958085157758
"28" 0.40605063056688 0.241165212938978 0.506126851222337 0.310414349604405 0.316961258378176 0.236093062033787 0.498471507573787 0.207605051839554 0.403260512071099 0.380593757336307 0.359418818485983 0.233136275774245 0.195797752759114 0.458498177630391 0.0526975471895798 0.450390863635568 0.498385511120405 0.324826212369376 0.311060152514603 0.133094259339526 0.0668821514847762 0.299131182657322 0.218585458456184 0.360322874884205 0.369877172627371 0.505558231027394 0.408154376655169 0 0.125410208313754 0.183755079514768 0.176139870659624 0.201238739924497 0.377764220292918 0.501202641911498 0.31753072904103 0.173624215966961 0.196128001595075 0.30131823416952 0.257072382170375 0.558471175462181 0.321153693379305 0.554605695849864
"29" 0.367407897804904 0.319482208916389 0.426816880069481 0.215863294805373 0.272871387164743 0.241426552822656 0.51451829869197 0.0822251314921931 0.411856021136088 0.273043552578203 0.384569393724476 0.202372441892823 0.123396965397421 0.555695173898765 0.14415966047295 0.482270344410175 0.466464466858039 0.373275917668439 0.32224696991154 0.205768306230962 0.0729287721818302 0.397935833146225 0.266119129696907 0.424940114797721 0.351651515991213 0.567788614227555 0.464710049585922 0.125410208313754 0 0.281285220929573 0.155968283353853 0.320876446336629 0.314983739159929 0.497826415616456 0.19239402580708 0.296501685795109 0.228634225247049 0.420358518905167 0.190396898652448 0.544342477237435 0.402081355803352 0.505589799528035
"30" 0.373371164680313 0.0728657056395495 0.523101249974711 0.380187047205913 0.312397575865457 0.192676551774734 0.376053745106907 0.355970982701384 0.302486506557642 0.461739259047956 0.242920694602045 0.242158414464008 0.273766467881776 0.276466050421592 0.140657948088554 0.312429942324228 0.442441157499081 0.181863663095626 0.227234955339148 0.0835814467266599 0.208729177543896 0.11724494296528 0.116930507875996 0.192625170151798 0.314359465905451 0.333142782862734 0.245255893405786 0.183755079514768 0.281285220929573 0 0.207828599973342 0.0940572719107495 0.386305850601397 0.404354324465328 0.45267639755626 0.192526473839428 0.13736719939568 0.164252934200329 0.302588877485708 0.471067671174231 0.141421957433773 0.51838005967608
"31" 0.230629068564812 0.210972079352396 0.338442309675466 0.172436637954515 0.14090239396576 0.0866453172710992 0.358584477427943 0.194613670548916 0.255902926859791 0.253910703597928 0.230879477273274 0.0570403334552482 0.0728004770358554 0.45144348011806 0.14025181483938 0.328962712185079 0.325332975923546 0.230892411004251 0.166706384545351 0.127080628465102 0.124578882237425 0.307099018047612 0.135154817567624 0.29154630180429 0.201392857222708 0.427285122084215 0.323411842096257 0.176139870659624 0.155968283353853 0.207828599973342 0 0.285967902130236 0.204950881513117 0.343881686577208 0.264936731302537 0.323872244990148 0.0929507865387654 0.371374051497927 0.0970414768354062 0.394178450434016 0.286541353522687 0.378541385239883
"32" 0.466872138851501 0.156048614190869 0.612815203060116 0.456769200165525 0.402447537657621 0.284316661732075 0.460891808003593 0.401739468944121 0.393710619731727 0.536742670471135 0.33263245509392 0.327715005764438 0.343983484790795 0.281578649347655 0.17888643360623 0.393204593094723 0.536380881701447 0.266427139476275 0.321104315085118 0.159659469207579 0.249782492517757 0.137542456850906 0.210913714307738 0.260412419735301 0.408394660732376 0.387134735156154 0.313868930807754 0.201238739924497 0.320876446336629 0.0940572719107495 0.285967902130236 0 0.475781186179487 0.494756535813376 0.5069734254953 0.122735331309648 0.228096832451836 0.10009476028557 0.382926920632089 0.562287980719261 0.196692074469462 0.61239009123907
"33" 0.0870951010126927 0.357857504938187 0.137034075245237 0.129440948678421 0.0740995339408799 0.194626543987759 0.313341473256131 0.299127366946945 0.227932807936496 0.168235053101341 0.256204465056028 0.151639905815805 0.192998165889168 0.566882133426732 0.345187541801932 0.329147532057857 0.175152910815124 0.309015304760425 0.202144255794192 0.318615646914256 0.3177382727138 0.455748509865423 0.276557264864851 0.37754333079621 0.133555758535118 0.470650138182354 0.381135486857943 0.377764220292918 0.314983739159929 0.386305850601397 0.204950881513117 0.475781186179487 0 0.256474686424721 0.29012138844433 0.527933858534169 0.248939787584013 0.547428555008821 0.125427151841516 0.273141429907817 0.407388459780899 0.192599693838597
"34" 0.169379685311549 0.339193321538589 0.313251989130316 0.376106449245319 0.242982668153462 0.266261435460071 0.0783166532968189 0.515298169527794 0.102362302143388 0.424698290392328 0.162150428566053 0.295935858981957 0.383703528798545 0.443489577258651 0.451590174628631 0.140607061461019 0.114160505551321 0.23219579030092 0.19084795002391 0.383702741597488 0.464823282789631 0.404669761521425 0.297978599101127 0.27052280014439 0.149069280253976 0.281650000103603 0.237248463460458 0.501202641911498 0.497826415616456 0.404354324465328 0.343881686577208 0.494756535813376 0.256474686424721 0 0.536255609935961 0.593092605729761 0.307140294547922 0.523291665875836 0.330761399760419 0.0690368210549352 0.332839478518963 0.19404325774073
"35" 0.37217403463126 0.472526636359894 0.34415711029817 0.161596219210903 0.294893162191638 0.34018714782445 0.578248158308597 0.111193578201009 0.477791335168909 0.150893871658151 0.475219261182335 0.273744261820639 0.19247908427876 0.714256972492902 0.328127254701889 0.569657824212755 0.465268744307265 0.491691193309066 0.406993321037129 0.369940779646884 0.258187227977413 0.56373797852622 0.40003368232622 0.555298593860313 0.391339050635347 0.685890308500051 0.583005260981896 0.31753072904103 0.19239402580708 0.45267639755626 0.264936731302537 0.5069734254953 0.29012138844433 0.536255609935961 0 0.488622057781489 0.357830218702962 0.604507677667585 0.213932930746705 0.561950843567652 0.550743309885033 0.470568985875032
"36" 0.537475668256496 0.264530212765479 0.662314382264899 0.478787491146215 0.45916009644308 0.352639710753949 0.568396793589981 0.377587158748279 0.490733673808898 0.552193560771109 0.433456281315377 0.376483380031949 0.362278391283955 0.398055087328579 0.18596185779054 0.504747314566865 0.618567407382895 0.374389247334161 0.40799942873298 0.218147066584687 0.239384890514939 0.260240984813564 0.296275469103683 0.378520151280461 0.487232721899635 0.509321180655056 0.432092461466663 0.173624215966961 0.296501685795109 0.192526473839428 0.323872244990148 0.122735331309648 0.527933858534169 0.593092605729761 0.488622057781489 0 0.298217279691267 0.193057883747705 0.416660968516412 0.658176948196508 0.317378393343795 0.687096716683527
"37" 0.241372748437817 0.121266590545269 0.385754228981989 0.254990262188715 0.175048176888123 0.0564325083970958 0.302645949972049 0.281980196517969 0.207558891849984 0.33675500171085 0.16441020596079 0.108641339959091 0.165715436370747 0.359315701664218 0.145037730323976 0.25884576241483 0.320473366216432 0.144723581945684 0.116297825764382 0.0802740514989671 0.17301235135736 0.220067104314672 0.0422075321355818 0.200586729853794 0.189047441473373 0.340287200751141 0.236671308260774 0.196128001595075 0.228634225247049 0.13736719939568 0.0929507865387654 0.228096832451836 0.248939787584013 0.307140294547922 0.357830218702962 0.298217279691267 0 0.299530062972794 0.174568243833254 0.367540671025318 0.193859195675114 0.389891519961442
"38" 0.525605042805852 0.195855827073976 0.6834181640427 0.543799006100548 0.473330008429709 0.352802616833226 0.476047822197132 0.500700976945943 0.427817988332091 0.625050794840083 0.364673936828582 0.406104477598003 0.434721922342182 0.212271036308011 0.277273837979054 0.403060187358574 0.582704959678926 0.291733393165562 0.371083661588006 0.24488089483863 0.34866631004236 0.120334973304528 0.271688066378175 0.261193439174746 0.461983664840392 0.359116183436269 0.310045867150335 0.30131823416952 0.420358518905167 0.164252934200329 0.371374051497927 0.10009476028557 0.547428555008821 0.523291665875836 0.604507677667585 0.193057883747705 0.299530062972794 0 0.466753320145366 0.592292390788415 0.19389810767086 0.664129406811374
"39" 0.181144774317071 0.295691117824543 0.249054475988218 0.0806648423347332 0.0891940844940821 0.137833473940498 0.366035977264361 0.186581158940387 0.264410706139177 0.162210580751463 0.262499256450922 0.0685943428764196 0.067608304455684 0.529744949583366 0.230818530052843 0.355860397169024 0.280704938865669 0.287382872979042 0.194572395665208 0.223657281693536 0.19435528184063 0.394628620856838 0.213650472016778 0.354666514381421 0.182180867793984 0.476757955128774 0.375710602425243 0.257072382170375 0.190396898652448 0.302588877485708 0.0970414768354062 0.382926920632089 0.125427151841516 0.330761399760419 0.213932930746705 0.416660968516412 0.174568243833254 0.466753320145366 0 0.366870874638032 0.363658571416753 0.315208416152113
"40" 0.190059806292046 0.407161322965881 0.298211668940108 0.40035719973861 0.277692828144917 0.322378298994866 0.134965439293521 0.553435993215559 0.168641606509844 0.437621575051081 0.230136587406135 0.342293716411114 0.425566518001929 0.508318460292925 0.510314268741245 0.205258557030348 0.101815568844016 0.301018537109752 0.251959747332329 0.445877629388305 0.517637317894849 0.473703884920835 0.362081570036724 0.339015607525962 0.193084227401059 0.338410392780214 0.303779194440764 0.558471175462181 0.544342477237435 0.471067671174231 0.394178450434016 0.562287980719261 0.273141429907817 0.0690368210549352 0.561950843567652 0.658176948196508 0.367540671025318 0.592292390788415 0.366870874638032 0 0.401796536812078 0.156920382979884
"41" 0.364067369201586 0.0827064737145647 0.535305845660069 0.444132903202004 0.337043191875172 0.227096722399955 0.282250950648969 0.467600061799836 0.242935714362717 0.524674224858616 0.181103086470182 0.29516682585575 0.359329481094494 0.16613601474017 0.273079783916714 0.209176537257571 0.403900560883547 0.108150967581216 0.20843204973405 0.197345142900082 0.333270577078942 0.0735636183604477 0.151965793809521 0.067663596800092 0.296617298741023 0.193510471134487 0.119167484136 0.321153693379305 0.402081355803352 0.141421957433773 0.286541353522687 0.196692074469462 0.407388459780899 0.332839478518963 0.550743309885033 0.317378393343795 0.193859195675114 0.19389810767086 0.363658571416753 0.401796536812078 0 0.489087075522741
"42" 0.150003492719993 0.468627812672701 0.153941338832495 0.316739415157807 0.238372870463796 0.334549669279566 0.2723521285139 0.491343858816347 0.249255623624352 0.327786572677923 0.30838389453327 0.321504211448161 0.382388451263433 0.622873834618758 0.514746854100289 0.327889650236521 0.0871950337223819 0.380975305466662 0.293563550225142 0.469200362431613 0.500124736862428 0.553927635977663 0.401476400756891 0.436901582111312 0.204058586477612 0.473990677872308 0.415958085157758 0.554605695849864 0.505589799528035 0.51838005967608 0.378541385239883 0.61239009123907 0.192599693838597 0.19404325774073 0.470568985875032 0.687096716683527 0.389891519961442 0.664129406811374 0.315208416152113 0.156920382979884 0.489087075522741 0
