"V1" "V2" "V3" "V4" "V5" "V6" "V7" "V8" "V9" "V10" "V11" "V12" "V13" "V14" "V15" "V16" "V17" "V18" "V19" "V20" "V21" "V22" "V23" "V24" "V25" "V26" "V27" "V28" "V29" "V30" "V31" "V32" "V33" "V34" "V35" "V36" "V37" "V38" "V39" "V40" "V41" "V42" "V43" "V44" "V45" "V46" "V47" "V48" "V49" "V50" "V51" "V52" "V53" "V54" "V55" "V56" "V57" "V58" "V59" "V60" "V61" "V62" "V63" "V64" "V65" "V66" "V67" "V68" "V69" "V70" "V71" "V72" "V73" "V74" "V75" "V76" "V77" "V78" "V79" "V80" "V81" "V82" "V83" "V84"
"1" 0 0.484162570421067 0.172583879592523 0.133359807971941 0.196213859218282 0.193161366563834 0.285639909261528 0.256546418364953 0.152456758360077 0.209809426783567 0.454842349307935 0.121742055415969 0.223331835260278 0.308002537842368 0.167569553876207 0.28520084246254 0.130465655193581 0.41478138313441 0.474603546386258 0.289900281152216 0.311938136091355 0.391725682318771 0.252164025553736 0.244110870913379 0.321934598100417 0.180410753480415 0.0962535876709658 0.397770379806614 0.37746928657315 0.192714633668212 0.154671215829919 0.21449690528642 0.266624949225355 0.382242420003954 0.109945915435812 0.233989159896105 0.263918464141478 0.299445058932751 0.298539333486416 0.16470720475941 0.307072652623814 0.199436293082736 0.341557587325043 0.0578863054891407 0.315256662592679 0.417623560482472 0.194260906935099 0.390079031432818 0.425846450567039 0.251316398740974 0.329033791987218 0.164621878156689 0.413640089190307 0.349951129968998 0.288182149418899 0.276004732048495 0.223584419532897 0.443261475516401 0.489259638860246 0.307740094304013 0.125862593368748 0.431822689062016 0.445888061171165 0.216386699819318 0.428683176860432 0.369932668432667 0.255318345751753 0.377256561293625 0.441281966973216 0.334891362297603 0.327106171130996 0.249313268282091 0.422648717908421 0.116671256895799 0.0978239494666154 0.263220752424859 0.369427419461332 0.229872547840579 0.226708957613929 0.245307761531962 0.317026634403941 0.356523416500987 0.467116499581639 0.348633125022513
"2" 0.484162570421067 0 0.323878040650875 0.410410205118965 0.338786782737268 0.3087711724971 0.212036678472285 0.241365766599952 0.350930729540814 0.328121056206335 0.117909897217162 0.402289412195045 0.273064114740144 0.363852457083351 0.382916080417038 0.199485597685304 0.353809798763292 0.364754449235026 0.233843479355621 0.365806632111086 0.257560925192128 0.10515151757024 0.347504394826029 0.279920626643759 0.293261332059182 0.519633816871043 0.391067281812979 0.112347178116152 0.177603449933069 0.364281633374694 0.39614465392236 0.275604905356132 0.227079169698165 0.186393944821868 0.37520105148745 0.304022404187807 0.270445795847791 0.229353625225191 0.274018205940463 0.326920765006433 0.190992514749381 0.410880873497529 0.165873032680504 0.429364911385188 0.410140702474329 0.119193453962881 0.291629331365754 0.231310239737324 0.0584252892162949 0.337561941141879 0.195238093051544 0.319542482730881 0.123074285094744 0.141065471426469 0.25194117482713 0.232633132467446 0.28012769012717 0.33288114393609 0.0593528706745046 0.177661719758881 0.368938651220709 0.227196112673342 0.151660834829936 0.361539575651358 0.171132841048548 0.30650813960483 0.229213149910191 0.108407308874228 0.0586891658195066 0.163938294124589 0.161870277627692 0.456942544105965 0.210186877679176 0.398385639771919 0.469441352950706 0.29947404667986 0.235884533837778 0.254723606447598 0.258984359113509 0.460736745823796 0.225931307088999 0.249727371631664 0.118155172492052 0.176319077392129
"3" 0.172583879592523 0.323878040650875 0 0.172330089019412 0.160931181499225 0.117762975166882 0.11549588055141 0.0855790616493774 0.11781772563734 0.0626282971010762 0.320790056028206 0.07991527665919 0.118669883767963 0.286155247372581 0.175306007301469 0.136066176753156 0.0585086808784655 0.374999551774947 0.37527614043959 0.168250246377158 0.229040402924124 0.224732548045722 0.226367164740559 0.0753102377173233 0.259894823553819 0.286688661990664 0.0769685698236503 0.256225119428972 0.260419887672665 0.0794498060916126 0.0858907896358045 0.0488216721278553 0.140038984718967 0.210182367236458 0.0854221438618639 0.172618457790264 0.181014895446214 0.195403194772469 0.136264428524021 0.0924942751755177 0.17521606099347 0.226262055731652 0.209494133633883 0.114697642738598 0.317077632220019 0.24614125649297 0.0777106467741507 0.296592426747675 0.265840752974229 0.115525741744639 0.211293896793285 0.0515379193012087 0.279117317783673 0.203952377536093 0.118654470747791 0.164059368004197 0.0510176837528641 0.385115574414247 0.339940614031393 0.147113778440069 0.0473263905948393 0.263909213800508 0.322053350318876 0.202891917477316 0.256463066342813 0.219038962108256 0.109583732498257 0.223038094654144 0.275464317472549 0.165683195155079 0.162244868599546 0.194649977497401 0.319658065703477 0.14318871739862 0.203018183563473 0.203138329258894 0.202308898867257 0.0774604385987261 0.094144474708424 0.293255120421512 0.145755357271313 0.271674218605917 0.295034009625115 0.176220388859933
"4" 0.133359807971941 0.410410205118965 0.172330089019412 0 0.0771507804812838 0.102642313282925 0.250011000426581 0.228382257806833 0.0651203399981495 0.233168771789855 0.354969730564063 0.183238646403954 0.138324929147925 0.174670053427127 0.0367326803887509 0.218106424914002 0.114852088986649 0.281602978577831 0.353743737999143 0.336402564733178 0.193476996138754 0.336228952966843 0.120397639311206 0.243188573055918 0.194777455518532 0.119420810919697 0.123680010000316 0.308125562463781 0.271053326439593 0.237177591034681 0.21609545633492 0.186876721857573 0.183665799824419 0.360275520470587 0.0914375684813059 0.117575003292295 0.152415935455185 0.19389160375331 0.305782454338144 0.0954890724285744 0.219893379947625 0.0693249236444345 0.249542679081874 0.123121735703536 0.183910858021849 0.374463535879788 0.134251762271057 0.270353330487288 0.355160738287331 0.28568755349769 0.228071255580839 0.128576465278684 0.316755846124812 0.269367598580779 0.282291111695715 0.179952255429737 0.212111932988567 0.311654065021814 0.40136788630841 0.250431860424215 0.148970562747643 0.423567681121655 0.339232118022909 0.0846021415772063 0.403118627230965 0.390671537848716 0.19213426625494 0.302782886719123 0.379758882911007 0.290212000557914 0.273856048637775 0.333777066684019 0.305526899210714 0.0305953069294889 0.0624887109360675 0.140757493986828 0.365216843376722 0.181588682529991 0.161862536294239 0.128617802283976 0.303431445686885 0.235209830518232 0.425145375122946 0.317068093291944
"5" 0.196213859218282 0.338786782737268 0.160931181499225 0.0771507804812838 0 0.0483191868744805 0.202605503320067 0.187964422633759 0.0520078521214345 0.222807231439112 0.278065233193788 0.203994265607212 0.0760668386639685 0.128951101835554 0.0444795181395837 0.156032320487934 0.118086837094293 0.228530894019328 0.279899293527404 0.328272556387914 0.117827993532327 0.273207181633232 0.0676230492143955 0.217019977457214 0.12615425888451 0.181219649429191 0.148105371440367 0.233298410319498 0.193911080937588 0.238351658090939 0.230171679329427 0.154109593095062 0.116034195362744 0.312473998303871 0.11007143966108 0.0405247718999647 0.0752917249130145 0.117102675713479 0.277525888533336 0.0686501585331365 0.14793413682929 0.07985809152446 0.175009368934805 0.16630154702992 0.156273947473045 0.315693185010867 0.0936218710990859 0.195688913292798 0.285461120939028 0.274951326213267 0.151696722683492 0.109396736843488 0.240365551511734 0.198190230325123 0.248686294173173 0.106220137187673 0.184499279316424 0.250547248575293 0.32610697734254 0.190970009555772 0.159503414965657 0.380115281723297 0.262095189956901 0.0424959329734777 0.351714324568158 0.364345854711749 0.135274969755832 0.232939111278751 0.312975943521155 0.234602420571508 0.214882268746436 0.34867199746784 0.229965481723942 0.080275047490234 0.139636041512439 0.067076006781278 0.326533372250463 0.13623915725006 0.109245249610917 0.144417034482327 0.263638039841299 0.161228172409 0.365419881225562 0.266621370820399
"6" 0.193161366563834 0.3087711724971 0.117762975166882 0.102642313282925 0.0483191868744805 0 0.155707994959322 0.139842995249539 0.0432746924623154 0.178026683580714 0.263197963878145 0.172491121061696 0.035799524490259 0.168412742283521 0.0819676279574191 0.11577066997218 0.0861916188917578 0.25967898264503 0.285230191921878 0.282765311380863 0.124990080728317 0.23405525685286 0.10917741517723 0.169173086354273 0.147556236920949 0.218683537778841 0.12352979657413 0.210289450060904 0.184313978968468 0.196878798896022 0.194202376173521 0.106044134730325 0.0816985585971261 0.266191709042712 0.0892284885630721 0.0559008039961845 0.074510601235569 0.10638993719525 0.229304709548332 0.0328969330609947 0.119871045690429 0.126334353008218 0.152129210963409 0.151081898163465 0.200887140523394 0.27384396949713 0.0455857265236849 0.201278593155683 0.252886796431684 0.229317666005154 0.136266805507367 0.0672231820509773 0.22279158379165 0.168095201152469 0.200369392234345 0.0837798326050533 0.136729866341129 0.274601320248627 0.303533845349116 0.149042482406901 0.126028596841242 0.333012880176212 0.252809403953058 0.0902949010136452 0.30665542820404 0.316114179269883 0.0912916355376688 0.200692875288027 0.277118782263609 0.190808968231414 0.17278424734223 0.310322702806224 0.231582464598816 0.0902045655814647 0.160689148036097 0.0877606226944319 0.27861740997159 0.0883542618538347 0.0627892791692862 0.192198555970977 0.215704890811873 0.170281279247087 0.324233865621507 0.220947087310399
"7" 0.285639909261528 0.212036678472285 0.11549588055141 0.250011000426581 0.202605503320067 0.155707994959322 0 0.0300448741644152 0.18500361608188 0.118077342190588 0.232145073290425 0.191264816003582 0.128137745690991 0.298271972154683 0.236723958469434 0.0682008773510861 0.158405257839825 0.360774636141031 0.313448602869196 0.184457117739649 0.20598950238984 0.109869156879264 0.249910276418511 0.0715931992380725 0.24714291642841 0.369381600338205 0.189450076575837 0.1658323700954 0.196183963773699 0.154259821987718 0.184195928893084 0.071386767237562 0.106535760865173 0.110758965173346 0.184460971986112 0.189254562740748 0.174953100165756 0.162124571507914 0.0984956770389585 0.15453067496933 0.115736150109514 0.281919569693488 0.138736943768183 0.228173562079895 0.339706152428821 0.132159558079653 0.11593066705495 0.249277509884112 0.155448040632573 0.140761320062131 0.15741937325358 0.128302420331395 0.193785372521502 0.115911782746555 0.0648832656773333 0.135391442873944 0.0683191827055344 0.355868260477082 0.236314521825553 0.0486623290086403 0.162541882922523 0.177510948961937 0.243048221952938 0.241923999383735 0.153162184480054 0.177356052978908 0.070834393286564 0.121285488334194 0.160805369649558 0.0502427902932092 0.0518968191435104 0.257992918174377 0.26040960853694 0.227378646386802 0.297148394819558 0.208382144227867 0.126223991194369 0.0686054100955979 0.0933614847980584 0.346954608610449 0.0651144464410175 0.236652225377118 0.182247416381531 0.0672631581912046
"8" 0.256546418364953 0.241365766599952 0.0855790616493774 0.228382257806833 0.187964422633759 0.139842995249539 0.0300448741644152 0 0.16412522615494 0.0921776979262559 0.254699924740421 0.161369588271942 0.117368539623982 0.293142096260014 0.218445422318598 0.0775558485110018 0.130906302602635 0.363367466648841 0.328791256665628 0.170876299687339 0.208460666628596 0.139855484067668 0.240976944388343 0.0499436287576812 0.247730062559049 0.347696853582009 0.160293117713976 0.188254665527583 0.210744421691996 0.127814844044732 0.155502301106874 0.0437517069026312 0.106924880185274 0.132748932967737 0.157599077896231 0.180302954655282 0.171504189172653 0.166090629802294 0.0947817611322562 0.133374265626845 0.125984499093671 0.265747795733371 0.153949132980247 0.19889876845398 0.332418450138525 0.161098284565467 0.0965096843217106 0.259694468707593 0.184260291146668 0.122669096722047 0.167673187139954 0.102814312464477 0.214936781533493 0.136536536163504 0.0625423862007483 0.136524318237608 0.0387925399219057 0.362483710473315 0.263377770927904 0.0707596507228977 0.132748805732807 0.19536943160842 0.262784786096142 0.228981996782615 0.177358219816531 0.179833213594759 0.0677157424079599 0.146986936060076 0.190772502492273 0.0802826178468251 0.0799470454218812 0.236000043390501 0.27446818117359 0.204032713279342 0.272404937455328 0.203096488630612 0.138946732583526 0.0519455015301391 0.0809340280012206 0.332017620917234 0.0761042696658782 0.243288838261063 0.210663630312901 0.0931549611381941
"9" 0.152456758360077 0.350930729540814 0.11781772563734 0.0651203399981495 0.0520078521214345 0.0432746924623154 0.18500361608188 0.16412522615494 0 0.180429001010829 0.306103573077749 0.152506223179916 0.0781322970219289 0.180405575384001 0.0577697095519903 0.15497788709241 0.0680135690602962 0.280463871093963 0.322658362155069 0.28593072710374 0.160275246020864 0.272479740479615 0.119087155797179 0.183109016704264 0.175396157968187 0.18438565172277 0.0960975405743348 0.253547745078598 0.226072231555825 0.191644928706327 0.179941174144568 0.123830791184924 0.124213364349522 0.295445386927157 0.0580959134238173 0.0834501343296799 0.111519072634896 0.147660342634119 0.245498819737747 0.0307509852848771 0.162998866958433 0.108552158830366 0.195402346494166 0.116096257866682 0.204544386372031 0.309697008651136 0.0691481430004201 0.238171827778262 0.294464397485543 0.233343467203741 0.178840870406398 0.0684757175942716 0.265904416429989 0.210704382619684 0.220060527267449 0.126824617170512 0.151080169765893 0.301293296971819 0.346762347483009 0.186221571233646 0.109016917775631 0.359493743679488 0.294769804828166 0.0892358148197691 0.338053727645065 0.331604992872573 0.12791948236925 0.242609553289212 0.317246478823018 0.225249178308172 0.209408963456012 0.299010469161379 0.2702560969892 0.047455026885172 0.118883097013505 0.114723965019912 0.302027469976722 0.116505770237726 0.0973112324093632 0.175739880660407 0.239736086982749 0.205333218562738 0.360441398659478 0.251989647653256
"10" 0.209809426783567 0.328121056206335 0.0626282971010762 0.233168771789855 0.222807231439112 0.178026683580714 0.118077342190588 0.0921776979262559 0.180429001010829 0 0.346698844044928 0.0918397674112116 0.172878474117587 0.346061250597322 0.237826108884553 0.165414511839206 0.118318120919751 0.430746700017291 0.415638476119327 0.105679887178894 0.280226277078228 0.223575739341743 0.287183814644777 0.0483256810770182 0.314507050513655 0.344509046001753 0.123438384421406 0.280304083036407 0.298011778109281 0.0362539983353992 0.0716331247288126 0.083523221446238 0.183178736528108 0.182155376073779 0.143299356923613 0.231291947050075 0.235068633998056 0.242312691935588 0.0891834298449163 0.154764784241881 0.211574817254264 0.288806484581891 0.242718691473636 0.15467204321991 0.378547361682665 0.232247963327406 0.134770357505689 0.341589603926678 0.272777559213204 0.0529546555815481 0.251627680840663 0.113643602053947 0.306571764974525 0.228306875370662 0.0861297943705829 0.210770883225323 0.0575520771537754 0.43708397250297 0.354385065246668 0.162927034447274 0.0908556067111129 0.223452202684059 0.353585451379345 0.265013576538202 0.228159368331631 0.163180799968596 0.146152997031893 0.238755552520011 0.273863441590103 0.164185402232468 0.169973886978298 0.146322357280396 0.360433653898531 0.203324290264956 0.25792642876473 0.260477415721003 0.161171730175652 0.116346864161971 0.141815218551797 0.355700066463509 0.117014733279883 0.320327346203303 0.27664342279025 0.160254551475292
"11" 0.454842349307935 0.117909897217162 0.320790056028206 0.354969730564063 0.278065233193788 0.263197963878145 0.232145073290425 0.254699924740421 0.306103573077749 0.346698844044928 0 0.399977600954048 0.231511799604338 0.267246233084361 0.321800201706119 0.184974305883492 0.331401518704523 0.250820372540196 0.116799894182266 0.413019582535876 0.171820821979536 0.163454659641879 0.266041835251619 0.303067956103748 0.197784948371552 0.450088061300721 0.371818949524976 0.0664700823485707 0.0858316872234394 0.381750485271821 0.404194675732361 0.273473119692812 0.189468893993291 0.260261346336727 0.346047269015177 0.238283246228616 0.202918327923666 0.161082471449473 0.321012526358353 0.290136045406011 0.149360363028735 0.337455329565228 0.11413388728338 0.406697019151264 0.311639085245269 0.203988125508814 0.263904958744819 0.122394526517011 0.114281029819242 0.372673684814548 0.127539492325594 0.297994715677868 0.0419437392901806 0.118516236272727 0.290896838619073 0.179430243343627 0.290351696358399 0.216037253243177 0.0671890655383442 0.184385175245262 0.358285669074401 0.318184904857777 0.0341526914618025 0.288799105908843 0.262805039560496 0.377332936800615 0.211584455836559 0.113976502526806 0.14810119248387 0.199851953289963 0.183294092151475 0.489956778658876 0.0949420106225461 0.351244652697483 0.417267214664116 0.22282867203022 0.307147170909789 0.243421600383767 0.233771105066704 0.376106554037125 0.274079837445937 0.148897416547944 0.224144786222996 0.230434110765811
"12" 0.121742055415969 0.402289412195045 0.07991527665919 0.183238646403954 0.203994265607212 0.172491121061696 0.191264816003582 0.161369588271942 0.152506223179916 0.0918397674112116 0.399977600954048 0 0.185747745951893 0.332843931091203 0.201169185302163 0.21570481460525 0.0868827910862708 0.430747630545459 0.448590925252698 0.169594222501688 0.294954567628422 0.30111824577965 0.271492225429359 0.133699538261955 0.320046794949728 0.278233299480781 0.0598304782315048 0.335861037601801 0.336340148017332 0.0709752540020682 0.0352326338824827 0.128643536218155 0.215492089882783 0.272376122099739 0.0964951301478983 0.227735371189997 0.244740681580305 0.266588805271435 0.180811946077047 0.140311802845338 0.252797849410622 0.249527922180088 0.287626787962254 0.0731115101715022 0.355831825282446 0.317412268699987 0.144759669639155 0.367362199259108 0.344602255624216 0.129620881940497 0.286531733088434 0.110015254385255 0.358169160177558 0.283713940680891 0.176115863779295 0.236374090661441 0.1230675548959 0.447088089515941 0.419792033586186 0.226556591965295 0.04662795184452 0.315197320281941 0.399857993762675 0.241204978082983 0.318744453732231 0.24841974908266 0.188398479750126 0.30281474360969 0.352062453956095 0.241245293829194 0.240421822820252 0.150551679708045 0.393200461933589 0.153159848262357 0.188334243729648 0.259942322386471 0.252980883163569 0.156641001665532 0.169063365673607 0.311853492519887 0.206613357520375 0.339465379852698 0.364175343285942 0.245589836386477
"13" 0.223331835260278 0.273064114740144 0.118669883767963 0.138324929147925 0.0760668386639685 0.035799524490259 0.128137745690991 0.117368539623982 0.0781322970219289 0.172878474117587 0.231511799604338 0.185747745951893 0 0.177372144714363 0.115514393879756 0.0809980410906014 0.104523480427885 0.257895602863418 0.263663847947978 0.274063886508373 0.110613320286691 0.199169003856337 0.123613360850503 0.15456309755859 0.141867673909074 0.25326123901473 0.144711280782139 0.176164250060122 0.156205370710547 0.197303976013516 0.20208344399353 0.0923624398753155 0.0460946576857727 0.236981712683145 0.115160331956259 0.0630443436113062 0.0625361659459727 0.0814856219546175 0.210916954455871 0.0586246458012928 0.0852308610209256 0.155912880934327 0.118682815769716 0.176773649704405 0.215259474637559 0.240215078105588 0.0416016488112034 0.181653558933778 0.21708817976513 0.221045398490391 0.106627409982214 0.0757368417751061 0.190410450538773 0.132588452188083 0.179753190307241 0.0535422758920339 0.123543815903533 0.266451910331834 0.269105544358884 0.115287505602629 0.139523713640499 0.30533821703197 0.223673744607782 0.113861366429719 0.275695684638837 0.296955473789889 0.0592849056610567 0.164918078095547 0.24153099316097 0.158548541507846 0.139187007448255 0.313163951016629 0.208691655296018 0.125504066533754 0.196379072720269 0.0885990229811205 0.253676493916805 0.0660107179912806 0.0364576313422106 0.219459641199736 0.191156773555179 0.154187990303125 0.290282911733706 0.190844584455816
"14" 0.308002537842368 0.363852457083351 0.286155247372581 0.174670053427127 0.128951101835554 0.168412742283521 0.298271972154683 0.293142096260014 0.180405575384001 0.346061250597322 0.267246233084361 0.332843931091203 0.177372144714363 0 0.141442801498163 0.234910208118244 0.247004390007105 0.107237813088964 0.21500935386534 0.44989073492949 0.108569247554562 0.333010142358838 0.0613551270663042 0.331883986247873 0.0707228908026559 0.212685362899933 0.276018161329943 0.251942782217835 0.187378803140118 0.3650556239784 0.358982791623304 0.269192187983723 0.19245193411802 0.398566774307889 0.237853550148375 0.115276054823111 0.123408346135981 0.147807176860934 0.387641429516977 0.196051022860351 0.200468055266553 0.11426702568546 0.207116662947572 0.289677879532589 0.0465567586138123 0.381824027690842 0.211539273940217 0.148397377444203 0.323403500746935 0.396508565537461 0.174668561546273 0.235179950697262 0.243232508006086 0.242381818208028 0.355642750248239 0.165579034782254 0.300502851356218 0.142402032683112 0.33059364790989 0.268946307676408 0.288429089950736 0.469041831821996 0.238863535287732 0.0939393185225905 0.429738230046864 0.472862991863568 0.227878635572492 0.27670638640581 0.35847058591071 0.314243752314376 0.290466795784859 0.477098134986794 0.184041566890857 0.19470618170385 0.225135636809398 0.090139394810845 0.423955681663235 0.24301129293076 0.213322562932654 0.11833389615832 0.363306378701797 0.118350243702416 0.426122305551747 0.351909515122916
"15" 0.167569553876207 0.382916080417038 0.175306007301469 0.0367326803887509 0.0444795181395837 0.0819676279574191 0.236723958469434 0.218445422318598 0.0577697095519903 0.237826108884553 0.321800201706119 0.201169185302163 0.115514393879756 0.141442801498163 0 0.196510103082259 0.1224181551258 0.24751621868417 0.317177714322828 0.343104715579895 0.157618558773456 0.314583956240401 0.0846665133748817 0.240474629195559 0.158057289652185 0.138065818304346 0.14167444602216 0.277777621100559 0.23707612816889 0.247204134375689 0.231616713403342 0.180023036883465 0.158479009299059 0.347454692735435 0.104912546402889 0.0835208489438534 0.118897088182235 0.161155241675416 0.302668639624495 0.0868891286880791 0.191941927921364 0.0509949858414741 0.21947731370907 0.149503758136333 0.156218776559921 0.355499129722162 0.1219465848663 0.234006400694741 0.329091500601725 0.290777278669032 0.195955641797073 0.126213178704395 0.28454670717774 0.242095763214528 0.276339396670041 0.150529436732997 0.208243429291116 0.275980770446429 0.370553401676923 0.230567530562768 0.161448660203621 0.413305790769674 0.30476662045305 0.0488312831955011 0.388466794489035 0.389013206080741 0.173183094541841 0.276541928477583 0.355762456884181 0.272764456006236 0.254406136015117 0.350762134813167 0.269428125272777 0.0534350334812258 0.0979156110315598 0.104551706539712 0.357224841812582 0.1684167237511 0.144591483109615 0.118003665655653 0.29451724770425 0.198759090320196 0.405717679497826 0.302615671782752
"16" 0.28520084246254 0.199485597685304 0.136066176753156 0.218106424914002 0.156032320487934 0.11577066997218 0.0682008773510861 0.0775558485110018 0.15497788709241 0.165414511839206 0.184974305883492 0.21570481460525 0.0809980410906014 0.234910208118244 0.196510103082259 0 0.155399748478352 0.29276639091121 0.251469036216834 0.248074606644134 0.138326652966383 0.118292790450852 0.191712885006494 0.127329014109556 0.180052233458095 0.334197291309976 0.19410775959261 0.120170846181675 0.133421206923132 0.199006041155384 0.21931139645898 0.0885117778637551 0.0434718590283083 0.164137733343039 0.1758107889513 0.133100720953175 0.112069854805081 0.0942258621381685 0.1661506645502 0.128602151261092 0.0486326475219126 0.23534853854805 0.0773240299392757 0.231607197456885 0.278187197104814 0.159675951572961 0.0921987601402596 0.182678485475567 0.141585726014665 0.200179279196089 0.0905103581930096 0.120932886803899 0.143559813208109 0.0680908310493068 0.132416784432794 0.0695168359186401 0.107912473805047 0.287864104380258 0.206382080181411 0.0356249546941382 0.175998454580054 0.234407891927124 0.188694427032724 0.19032442057969 0.198803013036106 0.245253515911581 0.0298869256709708 0.0920616617172763 0.162308731479445 0.0810123468802005 0.0592791016298504 0.311418121585137 0.196955088434419 0.201979420297808 0.273701610104655 0.146571076133441 0.190072908944359 0.0593055473277314 0.0596501658503117 0.29658684292303 0.13201721149409 0.168564039042634 0.209447351319571 0.117316826236766
"17" 0.130465655193581 0.353809798763292 0.0585086808784655 0.114852088986649 0.118086837094293 0.0861916188917578 0.158405257839825 0.130906302602635 0.0680135690602962 0.118318120919751 0.331401518704523 0.0868827910862708 0.104523480427885 0.247004390007105 0.1224181551258 0.155399748478352 0 0.343882128782437 0.367820222827141 0.2220689119586 0.210339215154549 0.261878633765071 0.185705981834873 0.132705776262452 0.233545680572162 0.228180111871388 0.0405595056329312 0.271124351003814 0.260093825534835 0.124794617985318 0.112161883588403 0.0872853772804855 0.142029289550413 0.262198928862019 0.0275267953373767 0.140957671588792 0.159798726664007 0.185894078764552 0.194483205779597 0.0535923057277654 0.182057602367944 0.173124718068597 0.217268492281681 0.0763286083084026 0.272531882548983 0.290370993707776 0.0675162566148955 0.284947376700799 0.295452929852183 0.170884969246338 0.210153555154089 0.0344720880921447 0.28957751964711 0.221544123129386 0.174828025736027 0.157647009795469 0.104472084964976 0.360616318416029 0.360979123231069 0.177314095698378 0.0414255665242986 0.319641456099787 0.326579994045576 0.157177849084158 0.307687483203811 0.277522874844256 0.125552286626953 0.247390837266647 0.311058553994768 0.206303547960801 0.197069752403012 0.231055513980886 0.313077063006658 0.0851129465150303 0.145300335970852 0.173203708265628 0.258810541991835 0.0994190421264593 0.0984448053686532 0.239093735870924 0.199903440433573 0.255379391409114 0.340638906182675 0.224054961897647
"18" 0.41478138313441 0.364754449235026 0.374999551774947 0.281602978577831 0.228530894019328 0.25967898264503 0.360774636141031 0.363367466648841 0.280463871093963 0.430746700017291 0.250820372540196 0.430747630545459 0.257895602863418 0.107237813088964 0.24751621868417 0.29276639091121 0.343882128782437 0 0.157413915432405 0.530191088028412 0.15508175792215 0.364826269380304 0.163910111248364 0.408193042186733 0.116509691864375 0.311061614586384 0.376481298274212 0.263100130009511 0.194928152990305 0.454365412165317 0.453870506952537 0.348913411464727 0.256495182441637 0.44650533216193 0.338559784272196 0.203782280046562 0.195769670910121 0.198652436361917 0.457186296019883 0.290758254422164 0.247879756432844 0.220918817721572 0.238754275816786 0.393599386193008 0.11798278500256 0.414481401277013 0.297458052694388 0.134767151839627 0.339044617982288 0.477846845291088 0.209680941082282 0.326435499030378 0.243299785587227 0.274916790217173 0.423688111886413 0.226888852970734 0.379306709072163 0.0489470707532619 0.317981019150274 0.321503568053829 0.384887001074808 0.516024656631217 0.217059836942836 0.199022273515432 0.469161826693153 0.53801919447669 0.295657483598127 0.30310420421903 0.376482198082989 0.363169236911961 0.338769749995825 0.569339386179979 0.155879231790885 0.300253312665492 0.332077399262527 0.172177558951164 0.480393013727304 0.318467352149641 0.290165053227353 0.210674886789087 0.424655931416432 0.128679091442158 0.451316822710693 0.40216699743553
"19" 0.474603546386258 0.233843479355621 0.37527614043959 0.353743737999143 0.279899293527404 0.285230191921878 0.313448602869196 0.328791256665628 0.322658362155069 0.415638476119327 0.116799894182266 0.448590925252698 0.263663847947978 0.21500935386534 0.317177714322828 0.251469036216834 0.367820222827141 0.157413915432405 0 0.497772477319755 0.162679393025856 0.270931716633983 0.2406346995682 0.378703468868104 0.161742311975702 0.423672356440075 0.407412248568618 0.161545377219435 0.118058364836872 0.447457923260183 0.461140414929215 0.334018260859024 0.235337813806663 0.36586425200073 0.374448461253467 0.240778571284876 0.211417974688042 0.182225015164717 0.410168546922006 0.317385314165802 0.204102914736199 0.314660654018596 0.175092916888726 0.436284920458534 0.250519695751796 0.315825073549224 0.303918716390038 0.0845261245530062 0.227830130363418 0.451434548752076 0.164515615569564 0.339015228360312 0.13258026030035 0.200198000796973 0.37744204490007 0.212248018853854 0.358213384610374 0.11279408227488 0.17826272252576 0.265353274694238 0.402860318357248 0.428544804786482 0.0854626665178722 0.272950769282635 0.374632532496828 0.477095672494164 0.269787108294545 0.212539999524936 0.263444749321164 0.294027371125617 0.272760125930523 0.561959621447299 0.0556199239477931 0.360070211931487 0.41462730806499 0.213348518744402 0.409580431261778 0.300990158680811 0.2811969254712 0.333272676537716 0.366999925935568 0.118730820020727 0.340108787462588 0.32970249247658
"20" 0.289900281152216 0.365806632111086 0.168250246377158 0.336402564733178 0.328272556387914 0.282765311380863 0.184457117739649 0.170876299687339 0.28593072710374 0.105679887178894 0.413019582535876 0.169594222501688 0.274063886508373 0.44989073492949 0.343104715579895 0.248074606644134 0.2220689119586 0.530191088028412 0.497772477319755 0 0.376689738892098 0.263503931736145 0.391885105885272 0.12264849115439 0.413702171448232 0.443365525081945 0.219029204193554 0.347758149607869 0.380136639216202 0.101322857330512 0.135340652395675 0.181790665311711 0.275940997249447 0.185515811738723 0.245223391544104 0.334670029784902 0.334844840668007 0.335760334503912 0.0930876002673972 0.260419536919717 0.296679152274582 0.394098946715873 0.322771756551434 0.242254344240567 0.483614586257579 0.251334816411372 0.238428745842483 0.430556093761211 0.31863563573329 0.0534512991712651 0.338475198733021 0.219294536006822 0.376640061137736 0.299830789529697 0.122181198530706 0.305146160778292 0.150964847681967 0.532388161341156 0.405120230150544 0.232954459532918 0.18883523972581 0.191314961799429 0.426648380421926 0.370570752088574 0.221766392036911 0.0970019646722152 0.236747918009961 0.299249676361592 0.307286200173848 0.213911099774475 0.229893676288167 0.100994943361842 0.444254202814763 0.306075308230484 0.354525843613302 0.362596106996537 0.141800611743563 0.21174618594826 0.24018186488099 0.460756306457164 0.14157946626784 0.41357307368592 0.282327492955957 0.190367982889594
"21" 0.311938136091355 0.257560925192128 0.229040402924124 0.193476996138754 0.117827993532327 0.124990080728317 0.20598950238984 0.208460666628596 0.160275246020864 0.280226277078228 0.171820821979536 0.294954567628422 0.110613320286691 0.108569247554562 0.157618558773456 0.138326652966383 0.210339215154549 0.15508175792215 0.162679393025856 0.376689738892098 0 0.225551444049602 0.0942540339558621 0.2541935918679 0.0427343248527153 0.278992783871779 0.248495278683532 0.145213876765208 0.0863924999950389 0.306937489479124 0.312638903102295 0.197024586716277 0.101535804638305 0.297180609064676 0.213769030906739 0.0781578336320246 0.0505676584721331 0.0442328773271903 0.302105530154694 0.157812138244636 0.0963331163823042 0.166244712401805 0.0986240820233729 0.275058053956042 0.155071084629373 0.274848477324912 0.152177287669127 0.0781764213462611 0.215031877681666 0.325060784267654 0.0661537575946657 0.185361939467217 0.140833683986789 0.134292477732392 0.268610962084614 0.0719442311386414 0.226470843251695 0.156865255448791 0.229794234412656 0.168974152950019 0.248368548899853 0.367585164186136 0.149913833272038 0.118622547898164 0.32497043598113 0.383342400532242 0.140819317564488 0.168225155817675 0.249909398527407 0.2126792054506 0.188315630031065 0.423060021281984 0.11218201840286 0.197666959739557 0.255506451184147 0.0533881279550496 0.327658605172238 0.165294759416719 0.138411124471173 0.20573026682156 0.270334003483255 0.0453358281875747 0.318060731029986 0.251402468681165
"22" 0.391725682318771 0.10515151757024 0.224732548045722 0.336228952966843 0.273207181633232 0.23405525685286 0.109869156879264 0.139855484067668 0.272479740479615 0.223575739341743 0.163454659641879 0.30111824577965 0.199169003856337 0.333010142358838 0.314583956240401 0.118292790450852 0.261878633765071 0.364826269380304 0.270931716633983 0.263503931736145 0.225551444049602 0 0.300328636236033 0.175269129074285 0.267514354407527 0.452429840451913 0.296315507236087 0.109940247771633 0.171736339065802 0.259615301123574 0.292615109789891 0.178127583933715 0.157405447631391 0.0968110671773326 0.285878258566251 0.24602663838725 0.21835611936605 0.185456830231976 0.170731619337552 0.244724184954598 0.134084604759736 0.351547152548949 0.128175009914621 0.335099941958025 0.378937529452853 0.0497997728559031 0.206428678617417 0.233403206397369 0.0555225017429013 0.232764377181509 0.160099802366926 0.228856093891357 0.138356925445079 0.0916356353718266 0.147026701768165 0.174592165104159 0.17808764841376 0.345334988697646 0.142138222173091 0.086604042824445 0.271260009884229 0.157782123384349 0.1872825394311 0.304700043817849 0.105639745071596 0.215256030342423 0.144627952087858 0.0620890072985359 0.0509471072537691 0.060030464476474 0.0648940279069724 0.352353787016409 0.228247672864533 0.318918504365411 0.390605607549408 0.252182876902305 0.144347290336831 0.163234023842359 0.175421356880182 0.410102818964098 0.122213021742571 0.236930777799637 0.0939937514056051 0.0731822561136502
"23" 0.252164025553736 0.347504394826029 0.226367164740559 0.120397639311206 0.0676230492143955 0.10917741517723 0.249910276418511 0.240976944388343 0.119087155797179 0.287183814644777 0.266041835251619 0.271492225429359 0.123613360850503 0.0613551270663042 0.0846665133748817 0.191712885006494 0.185705981834873 0.163910111248364 0.2406346995682 0.391885105885272 0.0942540339558621 0.300328636236033 0 0.276277852051082 0.0788972083591003 0.18632557356751 0.214863476266045 0.235874805448815 0.180618464169889 0.304788649646978 0.297755614405529 0.213039448247602 0.148243931802304 0.355355171748476 0.176700082663225 0.0608031100078298 0.0819829905790484 0.11886465082752 0.334254928643889 0.135262044031133 0.166509625826965 0.0744944140901826 0.182689029338101 0.229867045935106 0.0921926439492814 0.347099837090557 0.153733135199216 0.161271671438129 0.300342350516432 0.338433807194451 0.152271332784595 0.175041651542655 0.234460999828314 0.214159317945482 0.303355036694745 0.126002160397042 0.244259228764454 0.191348922572934 0.323410477471276 0.227136747367507 0.227125237174222 0.42513074971041 0.243053089619039 0.0358664480708645 0.390301699705608 0.420507239189386 0.179158418229982 0.249844559299243 0.332623356158807 0.272698486762559 0.250156167644175 0.416085129311165 0.198129162611052 0.136560985130041 0.177109123246915 0.0486984484141118 0.376101383743399 0.189500742244186 0.160067046917591 0.113232446375822 0.314062840144103 0.125985982514444 0.394319348211534 0.308543770612989
"24" 0.244110870913379 0.279920626643759 0.0753102377173233 0.243188573055918 0.217019977457214 0.169173086354273 0.0715931992380725 0.0499436287576812 0.183109016704264 0.0483256810770182 0.303067956103748 0.133699538261955 0.15456309755859 0.331883986247873 0.240474629195559 0.127329014109556 0.132705776262452 0.408193042186733 0.378703468868104 0.12264849115439 0.2541935918679 0.175269129074285 0.276277852051082 0 0.291839670641231 0.360014405667985 0.150739014741149 0.236617194799983 0.260648368589688 0.0843704356045187 0.118789788440868 0.0633021784340516 0.153292864178783 0.139229913559106 0.160095490327989 0.216923362284324 0.213604517810618 0.21311558974505 0.0626066865674329 0.153675658488321 0.175520857221344 0.290374008176983 0.203892521083987 0.186713338621207 0.368464545765543 0.185025770489982 0.123587684080394 0.308760816767827 0.22494011190878 0.072887696811571 0.216995236084675 0.115078445026189 0.2639179949309 0.185546159566436 0.0440924907389874 0.182533048146633 0.032545777449416 0.409739902565744 0.307438746547584 0.118698765081428 0.118774137193736 0.188946035917702 0.31227621284357 0.259368250227601 0.185754302642794 0.14853858031497 0.114116623265362 0.192878647822897 0.225539707458915 0.116029775181902 0.123161826692211 0.186915422554415 0.324283899915481 0.215418437752651 0.277925175064644 0.242936263254591 0.127083943022794 0.0900039136107758 0.119234773203447 0.357649353475834 0.0734381084850782 0.290982881048354 0.230722506152423 0.112913275004468
"25" 0.321934598100417 0.293261332059182 0.259894823553819 0.194777455518532 0.12615425888451 0.147556236920949 0.24714291642841 0.247730062559049 0.175396157968187 0.314507050513655 0.197784948371552 0.320046794949728 0.141867673909074 0.0707228908026559 0.158057289652185 0.180052233458095 0.233545680572162 0.116509691864375 0.161742311975702 0.413702171448232 0.0427343248527153 0.267514354407527 0.0788972083591003 0.291839670641231 0 0.26361143707203 0.269153779026427 0.181595826557379 0.116682938568204 0.338987293393421 0.340840862859274 0.232423528331257 0.141316121538038 0.339877488556494 0.232365761862231 0.0929844993526871 0.0794418615260785 0.0865950793455534 0.342076556353826 0.179957239678556 0.139048272122659 0.153118966026414 0.139768246160554 0.291432711556979 0.116879412198441 0.316990668787843 0.182184229158213 0.0838454521428898 0.254103313866581 0.361338943131731 0.107476867544742 0.212785583505886 0.172547119757499 0.175974189099768 0.308816666070164 0.11190395698499 0.262799740810762 0.12707131696684 0.260211248883489 0.211420411562965 0.273567083324345 0.410300181474639 0.170940310536377 0.111835618457846 0.36759734587511 0.424403919695536 0.180073585994718 0.209113131485042 0.289802855249129 0.255347193354732 0.231004391383443 0.454537067101192 0.120801721263647 0.205345352713264 0.254215634555096 0.0608551821609136 0.369846905577578 0.202011382600316 0.173658172150883 0.179950885514885 0.311851904491591 0.0499869951204176 0.35943182582044 0.294016827984033
"26" 0.180410753480415 0.519633816871043 0.286688661990664 0.119420810919697 0.181219649429191 0.218683537778841 0.369381600338205 0.347696853582009 0.18438565172277 0.344509046001753 0.450088061300721 0.278233299480781 0.25326123901473 0.212685362899933 0.138065818304346 0.334197291309976 0.228180111871388 0.311061614586384 0.423672356440075 0.443365525081945 0.278992783871779 0.452429840451913 0.18632557356751 0.360014405667985 0.26361143707203 0 0.224344494670287 0.412117967347033 0.364257078088555 0.34211450512082 0.313364096001695 0.305781407195169 0.296525729361194 0.479696323597023 0.201654065725164 0.216118206037837 0.2508426878064 0.293315416959799 0.42231947406969 0.214893815677312 0.329064561501968 0.112750397484879 0.354666032247431 0.206358892995875 0.193561337597137 0.492407519206771 0.253519279620282 0.347142230230225 0.466680374699198 0.395479978284782 0.328530852578361 0.246805874507227 0.415658605055878 0.379351569746679 0.400398510304293 0.2870437380866 0.329814187189353 0.352951390842701 0.503571730653689 0.36771660792635 0.255057620985729 0.542695608475568 0.428800761516922 0.161392896778142 0.522432753311588 0.505653126437917 0.30974483274593 0.414157972898602 0.493804224683872 0.408716943960566 0.39141702704662 0.423161885478869 0.384100239581107 0.144799995173906 0.0899641690391722 0.22727445237234 0.483810330322073 0.300885134290655 0.28006585109308 0.101218160703144 0.422423695760664 0.312111813572922 0.542884854105167 0.436362732113298
