"V1" "V2" "V3" "V4" "V5" "V6" "V7" "V8" "V9" "V10" "V11" "V12" "V13" "V14" "V15" "V16" "V17" "V18" "V19" "V20" "V21"
"1" 0 0.686986828200811 0.627149313702367 0.570934825325401 0.630400340849615 0.557117596584973 0.60145710997619 0.764022867961113 0.444251689555481 0.24083183870391 0.927656354903586 0.237865374038318 0.138569631088271 0.380234640258025 0.540726385266553 0.626100472342074 0.660159499727953 0.389676070976931 0.189547154284013 0.22535036945868 0.19854127567148
"2" 0.686986828200811 0 0.602337735393583 0.894382191905593 1.19855180491118 1.05524947163295 0.759700326972868 0.969116800984083 1.03211549694876 0.447981083454514 0.928464782570363 0.642676638155288 0.789222231896967 0.730120923672607 0.489891143117776 0.347943230647089 0.62949802677889 0.642016190484307 0.518337758611921 0.907436528654332 0.735425389625249
"3" 0.627149313702367 0.602337735393583 0 0.372258207298347 0.779192846752393 0.606806503416908 0.189484913726048 0.375919635170925 0.675965356160316 0.501691334746946 0.35342871073457 0.402086318844048 0.616992650652965 0.333155849438982 0.12741605752443 0.261114554455287 0.0362900981904009 0.260335044866997 0.615052348527569 0.811718250307096 0.805949078234781
"4" 0.570934825325401 0.894382191905593 0.372258207298347 0 0.42205082777426 0.2492568599248 0.188185094724529 0.207175093012362 0.369352386335014 0.597812569307961 0.450608108047684 0.358757898771805 0.480249366224125 0.205231839908511 0.426663774865726 0.599222616861271 0.374616522876917 0.263693956709393 0.669321180391776 0.661381212920295 0.768571659951949
"5" 0.630400340849615 1.19855180491118 0.779192846752393 0.42205082777426 0 0.173657503157516 0.607047694525851 0.572359214528059 0.186197771632129 0.794029398293094 0.847991933831471 0.557986314297017 0.492053419964456 0.484205924534881 0.799889530443632 0.966939144831428 0.78807237410215 0.579066708898018 0.805289217722493 0.564504531597221 0.779224222453424
"6" 0.557117596584973 1.05524947163295 0.606806503416908 0.2492568599248 0.173657503157516 0 0.433398838127348 0.415032205422269 0.17078774782534 0.678172050541452 0.685534770108543 0.428912156447 0.427613254136828 0.327402942051182 0.633996096007733 0.803708409395546 0.614840806150174 0.420615309390562 0.711013874803197 0.556400619871488 0.733297159097631
"7" 0.60145710997619 0.759700326972868 0.189484913726048 0.188185094724529 0.607047694525851 0.433398838127348 0 0.213477738132303 0.529266052201341 0.550392273809776 0.329508328387886 0.363999221942816 0.549857989797411 0.233324344775529 0.271253761783623 0.436861020889054 0.187437765671708 0.216277840619146 0.646816164731658 0.745430810689454 0.796793405921725
"8" 0.764022867961113 0.969116800984083 0.375919635170925 0.207175093012362 0.572359214528059 0.415032205422269 0.213477738132303 0 0.562598041622051 0.751536084135076 0.277386582615369 0.536787528719404 0.683553135835727 0.384703963410131 0.479228685708693 0.63611076083276 0.35846458617039 0.407282844491446 0.839025858383288 0.867853368624246 0.962563471994944
"9" 0.444251689555481 1.03211549694876 0.675965356160316 0.369352386335014 0.186197771632129 0.17078774782534 0.529266052201341 0.562598041622051 0 0.614265915754855 0.819917183076162 0.389773024297174 0.306022498670708 0.350901322960087 0.671313401550249 0.829168954486155 0.692157146777881 0.442641071823403 0.61993157068383 0.397881342696958 0.598229715139011
"10" 0.24083183870391 0.447981083454514 0.501691334746946 0.597812569307961 0.794029398293094 0.678172050541452 0.550392273809776 0.751536084135076 0.614265915754855 0 0.844532575014772 0.252302276405799 0.344046304744495 0.394371813134 0.386225091632371 0.419250666985381 0.537894420960181 0.344852514503187 0.118607346482109 0.465022012578338 0.342250362465178
"11" 0.927656354903586 0.928464782570363 0.35342871073457 0.450608108047684 0.847991933831471 0.685534770108543 0.329508328387886 0.277386582615369 0.819917183076162 0.844532575014772 0 0.689836358256235 0.879131871322027 0.562413604886767 0.480679642665023 0.58132426045091 0.318375644695848 0.538248989311494 0.952101830117629 1.07414754239548 1.12026753931627
"12" 0.237865374038318 0.642676638155288 0.402086318844048 0.358757898771805 0.557986314297017 0.428912156447 0.363999221942816 0.536787528719404 0.389773024297174 0.252302276405799 0.689836358256235 0 0.217649073170803 0.154604746120745 0.338117842984791 0.466034013016568 0.432641969817506 0.152431078930224 0.310799068875419 0.409944286953323 0.432950252924956
"13" 0.138569631088271 0.789222231896967 0.616992650652965 0.480249366224125 0.492053419964456 0.427613254136828 0.549857989797411 0.683553135835727 0.306022498670708 0.344046304744495 0.879131871322027 0.217649073170803 0 0.316723706802681 0.55506758711087 0.672085467466731 0.645982691983585 0.359096508983095 0.3217288194976 0.196891860882172 0.306599971047478
"14" 0.380234640258025 0.730120923672607 0.333155849438982 0.205231839908511 0.484205924534881 0.327402942051182 0.233324344775529 0.384703963410131 0.350901322960087 0.394371813134 0.562413604886767 0.154604746120745 0.316723706802681 0 0.32097965128294 0.48364170354412 0.354818535568787 0.0948873346568987 0.464356528293381 0.512110560344606 0.578598612165313
"15" 0.540726385266553 0.489891143117776 0.12741605752443 0.426663774865726 0.799889530443632 0.633996096007733 0.271253761783623 0.479228685708693 0.671313401550249 0.386225091632371 0.480679642665023 0.338117842984791 0.55506758711087 0.32097965128294 0 0.172746157552431 0.162374998003991 0.228992116474922 0.502852451560549 0.742530580348178 0.706684154766904
"16" 0.626100472342074 0.347943230647089 0.261114554455287 0.599222616861271 0.966939144831428 0.803708409395546 0.436861020889054 0.63611076083276 0.829168954486155 0.419250666985381 0.58132426045091 0.466034013016568 0.672085467466731 0.48364170354412 0.172746157552431 0 0.284655969976604 0.388972373677642 0.535715775621638 0.844603945213796 0.761080910080933
"17" 0.660159499727953 0.62949802677889 0.0362900981904009 0.374616522876917 0.78807237410215 0.614840806150174 0.187437765671708 0.35846458617039 0.692157146777881 0.537894420960181 0.318375644695848 0.432641969817506 0.645982691983585 0.354818535568787 0.162374998003991 0.284655969976604 0 0.287563802502054 0.651032726977859 0.841482396708448 0.840487345812871
"18" 0.389676070976931 0.642016190484307 0.260335044866997 0.263693956709393 0.579066708898018 0.420615309390562 0.216277840619146 0.407282844491446 0.442641071823403 0.344852514503187 0.538248989311494 0.152431078930224 0.359096508983095 0.0948873346568987 0.228992116474922 0.388972373677642 0.287563802502054 0 0.433368473137168 0.555415656994236 0.582389697082069
"19" 0.189547154284013 0.518337758611921 0.615052348527569 0.669321180391776 0.805289217722493 0.711013874803197 0.646816164731658 0.839025858383288 0.61993157068383 0.118607346482109 0.952101830117629 0.310799068875419 0.3217288194976 0.464356528293381 0.502852451560549 0.535715775621638 0.651032726977859 0.433368473137168 0 0.393531498631928 0.23071365712067
"20" 0.22535036945868 0.907436528654332 0.811718250307096 0.661381212920295 0.564504531597221 0.556400619871488 0.745430810689454 0.867853368624246 0.397881342696958 0.465022012578338 1.07414754239548 0.409944286953323 0.196891860882172 0.512110560344606 0.742530580348178 0.844603945213796 0.841482396708448 0.555415656994236 0.393531498631928 0 0.24415686138897
"21" 0.19854127567148 0.735425389625249 0.805949078234781 0.768571659951949 0.779224222453424 0.733297159097631 0.796793405921725 0.962563471994944 0.598229715139011 0.342250362465178 1.12026753931627 0.432950252924956 0.306599971047478 0.578598612165313 0.706684154766904 0.761080910080933 0.840487345812871 0.582389697082069 0.23071365712067 0.24415686138897 0
