"V1" "V2" "V3" "V4" "V5" "V6" "V7" "V8" "V9" "V10" "V11" "V12" "V13" "V14" "V15" "V16" "V17" "V18" "V19" "V20" "V21" "V22" "V23" "V24" "V25" "V26" "V27" "V28" "V29" "V30" "V31" "V32" "V33" "V34" "V35" "V36" "V37" "V38" "V39" "V40" "V41" "V42"
"1" 0 0.749530510500866 0.567331938548148 0.279188667977541 0.537349755183293 0.655652058205196 0.662423775514254 0.775613400300726 0.553509696652724 0.234961705917944 0.475103765208708 0.31047287811207 0.505629299734043 0.401036207958516 0.10382807678084 0.585960461824619 0.763441848642921 0.253214379520737 0.987692178085836 0.879068632260964 0.334824338226342 0.762895389681173 0.560717570213497 0.250559272524328 0.605951452373023 0.128255062916183 0.659632728390944 0.598744427091992 0.4212655747219 0.687163914080864 0.203663219842391 0.745648880281435 0.731535490970912 0.317914456327999 0.870174747830606 0.465192885406934 0.377511072808394 0.864909984521691 0.76480530429322 0.658514717631152 0.524606211765293 0.805022680887924
"2" 0.749530510500866 0 0.310743897814556 0.489226714076934 0.276163985601679 0.227927613217913 0.352902474403789 0.128011551417252 0.375741813934681 0.78337063560175 0.579274014575489 0.97883317896717 0.284684749562518 0.640995372620703 0.753475050011562 0.704372284628768 0.130454298462896 0.525888517845565 0.272077547766196 0.133383804265798 0.519517615858822 0.282066782104541 0.468473053002566 0.604794006379532 0.221083020093552 0.874479201112845 0.635930223729876 0.62995076290727 0.380474661937369 0.404525850758985 0.735977167483687 0.699655865216362 0.115687644071832 0.722313462084558 0.264692367609598 0.706579704545401 0.427763463183814 0.567697040359978 0.212177891661951 0.465345257551465 0.668663750130678 0.0781797797232349
"3" 0.567331938548148 0.310743897814556 0 0.392744553159633 0.0672218219163967 0.104329589948763 0.113716314781502 0.255635051642727 0.483356896298115 0.523223080854136 0.270511329625075 0.725486836107421 0.336321516001892 0.641619820528655 0.611430836806846 0.394760123170189 0.242349501370539 0.314158179446913 0.580546799966918 0.396746562180867 0.48615465775209 0.527611346123508 0.571505922871482 0.353989648833698 0.089785422613953 0.694528216142511 0.339052344301783 0.722980802328917 0.14767264312441 0.162463922885894 0.484206591533255 0.41556584335752 0.22266461691335 0.67422047543455 0.310210701756528 0.399534874035922 0.189890778885334 0.370496029991315 0.475392138612926 0.61947299880928 0.357976657839675 0.319633625234284
"4" 0.279188667977541 0.489226714076934 0.392744553159633 0 0.338912156259462 0.451854092842297 0.505224412591115 0.539848891043794 0.286163205557763 0.412494150354101 0.449764225211403 0.565513534517498 0.227425416563138 0.26823691713884 0.264822534019077 0.599854025279207 0.529294180785189 0.183474663064778 0.712426848623102 0.622145659478401 0.117442273363829 0.485093353249801 0.318496912136899 0.279310606302337 0.394805090616893 0.394672435833223 0.622695782316191 0.413346791325696 0.258165842428579 0.547471320552511 0.360400992974346 0.714341505797578 0.495229632399021 0.281729396308557 0.656429582723724 0.514043763011041 0.241975208008744 0.751773453308185 0.48566554132586 0.410209813886363 0.536900126446796 0.553457351353133
"5" 0.537349755183293 0.276163985601679 0.0672218219163967 0.338912156259462 0 0.11878015435519 0.177203381737501 0.249527841761111 0.416212588925025 0.521546234925024 0.306885391448182 0.722111787206791 0.269130117432669 0.579989553039051 0.571789739304093 0.44332153246727 0.236382045749239 0.287692904306539 0.548214257553762 0.379353220795261 0.425843863788976 0.469211815292316 0.504308174273225 0.345480963609698 0.0706138201950294 0.665547334545777 0.398775225346239 0.656275082687306 0.120081089953771 0.228523908439063 0.478161386123481 0.478523917074797 0.209374261641542 0.618523210726023 0.332949824282305 0.431909709579214 0.168741079568057 0.436060904865886 0.420981841504083 0.552782248877351 0.400287694429492 0.300651230039997
"6" 0.655652058205196 0.227927613217913 0.104329589948763 0.451854092842297 0.11878015435519 0 0.127083108933065 0.152800465828537 0.480358427596662 0.626119107124387 0.369488738331825 0.828190466577953 0.340060472179236 0.679503211874827 0.690272350681291 0.481571433153027 0.139699020386498 0.404678370453899 0.489305923290962 0.296858722398462 0.529558661732361 0.478648462159788 0.574007550623761 0.454355826308748 0.057943929457071 0.783766234432843 0.408093948199359 0.733115254727057 0.235665213181481 0.181452426690575 0.585821149002469 0.47271238578647 0.124635439435525 0.727726693722269 0.214550828882658 0.499169950261965 0.282748239278372 0.369670219151737 0.417993860194197 0.606244231988816 0.451608497284995 0.221957144024586
"7" 0.662423775514254 0.352902474403789 0.113716314781502 0.505224412591115 0.177203381737501 0.127083108933065 0 0.258506623690551 0.587176081461496 0.587244581428697 0.288263478209334 0.788009362419794 0.441559408834762 0.755286350839883 0.71451856157586 0.373881678799128 0.247162052665489 0.410808294810734 0.606075025234096 0.40424236644762 0.599870054096314 0.604344335825413 0.677832438877601 0.431889017634444 0.161932810451283 0.787486682662831 0.287278530026723 0.832199759048831 0.253202931747696 0.0558047749652487 0.55481398177557 0.346762080323903 0.242672386738952 0.786924358881477 0.256051410855595 0.414447300736196 0.288492901676024 0.259408940759986 0.54477091108588 0.719378225803731 0.354724109087954 0.335756514325751
"8" 0.775613400300726 0.128011551417252 0.255635051642727 0.539848891043794 0.249527841761111 0.152800465828537 0.258506623690551 0 0.483347825077336 0.770503740250032 0.522132554969852 0.971498836116488 0.368672067691451 0.728903512907028 0.79609993673027 0.628992121075656 0.0133497647547164 0.532824643656796 0.348714233283029 0.146312131755215 0.593089338168633 0.410063079675836 0.578364020484199 0.594998555286618 0.179507311450513 0.903502542414898 0.545576139350565 0.7411578833445 0.368860589044691 0.303146744200949 0.727647575296097 0.599584599456633 0.0447258901468125 0.797333972378782 0.141497999044374 0.651831858631589 0.417835324879419 0.446198633648563 0.340075878943769 0.585589443906519 0.602496399415202 0.0796024702180787
"9" 0.553509696652724 0.375741813934681 0.483356896298115 0.286163205557763 0.416212588925025 0.480358427596662 0.587176081461496 0.483347825077336 0 0.696272758683279 0.66000117465813 0.850592977131489 0.147207511474164 0.287259598933033 0.508563929295818 0.813510125877965 0.478768765903711 0.444174337025451 0.50475284867875 0.495511700797437 0.225969845214674 0.225323857699569 0.0954563118247327 0.546445128166251 0.429115514267971 0.653297059218533 0.799954758648282 0.25815999104765 0.418332179363328 0.64153650219272 0.643761013994037 0.88597336765507 0.447770671810784 0.392550174415507 0.624098261277662 0.754852108883355 0.435829928857639 0.845275148878897 0.255974943858288 0.142042861990852 0.756585711575547 0.453896118003572
"10" 0.234961705917944 0.78337063560175 0.523223080854136 0.412494150354101 0.521546234925024 0.626119107124387 0.587244581428697 0.770503740250032 0.696272758683279 0 0.327184028260885 0.202313863058813 0.604107403091813 0.613385720595568 0.33873032025226 0.392006793310158 0.757243222470796 0.267874399156793 1.04745104168118 0.898823405803787 0.509388440041877 0.87480900162528 0.729460338353741 0.178576785380065 0.591014581015941 0.294776294823866 0.490313897621346 0.800436708977373 0.405144787659431 0.593380599368161 0.0526319404286656 0.565277382943544 0.730919302958705 0.546393727783294 0.831080858475684 0.265402770985896 0.356596501783941 0.732811687518273 0.858098006576299 0.822583312188765 0.339380011908578 0.820302275077835
"11" 0.475103765208708 0.579274014575489 0.270511329625075 0.449764225211403 0.306885391448182 0.369488738331825 0.288263478209334 0.522132554969852 0.66000117465813 0.327184028260885 0 0.518087970834144 0.522582920851383 0.716217680502092 0.557461345511062 0.154067735400476 0.509120986298025 0.276757528142211 0.850424283986589 0.665985157902364 0.566768294197986 0.76467926259617 0.730042435889965 0.225939155915948 0.358812734011136 0.583203880455358 0.186238804194701 0.854892283428239 0.244358115107828 0.279100221872194 0.3097299830767 0.275861959994584 0.492288915800439 0.702152904129693 0.544168144332808 0.129700192625891 0.225122005908936 0.40620269156444 0.723146628647554 0.801970613655338 0.097621805084255 0.589658318211325
"12" 0.31047287811207 0.97883317896717 0.725486836107421 0.565513534517498 0.722111787206791 0.828190466577953 0.788009362419794 0.971498836116488 0.850592977131489 0.202313863058813 0.518087970834144 0 0.778125291487799 0.709405571483542 0.397170414993544 0.550179026640435 0.958284054280802 0.454694814735415 1.23855877539441 1.0974046729686 0.640844047397437 1.04646577034677 0.867336347229149 0.376873475702058 0.792013728801303 0.279114839134289 0.662506538923007 0.908601744337905 0.604223539809762 0.791446570405402 0.244141300810702 0.7261289479617 0.931304902126013 0.61588660679496 1.03331333586592 0.429902755280995 0.555276955275984 0.91760238556239 1.03726087303998 0.964387017220385 0.509272564233894 1.01916324152846
"13" 0.505629299734043 0.284684749562518 0.336321516001892 0.227425416563138 0.269130117432669 0.340060472179236 0.441559408834762 0.368672067691451 0.147207511474164 0.604107403091813 0.522582920851383 0.778125291487799 0 0.360630276427233 0.488272868533435 0.6746277941129 0.3615034089144 0.338409675891134 0.485879023100514 0.416710506858349 0.235378520840626 0.270702318173815 0.236288801199057 0.438526531154107 0.286235253040397 0.621965107638621 0.654909328016833 0.393205000594495 0.278405690110494 0.495418502233571 0.551838029698731 0.739974245974834 0.328006039629304 0.437628722453673 0.504419847587519 0.625571076195921 0.302757408366588 0.700467469501644 0.260448976542895 0.286237541590905 0.620023537179218 0.358379495894197
"14" 0.401036207958516 0.640995372620703 0.641619820528655 0.26823691713884 0.579989553039051 0.679503211874827 0.755286350839883 0.728903512907028 0.287259598933033 0.613385720595568 0.716217680502092 0.709405571483542 0.360630276427233 0 0.314790930130085 0.863903135718389 0.721284539336634 0.442635661772674 0.791895603429796 0.769320915383285 0.156800996869007 0.505992346405193 0.230240615063445 0.525678687929262 0.621829210910854 0.455617068689626 0.890911584623074 0.201319519822629 0.520371775171186 0.802254943568583 0.567461621870545 0.982572409973117 0.687406103600585 0.120395476424327 0.862401104723624 0.769567011832862 0.509332698884229 1.00955831750362 0.543058349077324 0.317664311872488 0.800191340269859 0.716949668109343
"15" 0.10382807678084 0.753475050011562 0.611430836806846 0.264822534019077 0.571789739304093 0.690272350681291 0.71451856157586 0.79609993673027 0.508563929295818 0.33873032025226 0.557461345511062 0.397170414993544 0.488272868533435 0.314790930130085 0 0.678228806299718 0.784745468285492 0.306499828483809 0.974036199563271 0.88600354326504 0.282676111561205 0.728168526969098 0.499711492200973 0.331862401439307 0.636620685087954 0.146796160478395 0.743604554756875 0.515814590664513 0.463862302150128 0.745322726827605 0.305605285471437 0.831902969234129 0.751404480688202 0.219579823932028 0.902616503239743 0.560778421399259 0.426060033746523 0.933219811031761 0.739605365649032 0.597569551057234 0.615523062227123 0.815770957092679
"16" 0.585960461824619 0.704372284628768 0.394760123170189 0.599854025279207 0.44332153246727 0.481571433153027 0.373881678799128 0.628992121075656 0.813510125877965 0.392006793310158 0.154067735400476 0.550179026640435 0.6746277941129 0.863903135718389 0.678228806299718 0 0.616808173479542 0.421422206053749 0.970760866333461 0.775293153618392 0.717251956768139 0.909725369483537 0.884110088343451 0.351554799800687 0.484367970622619 0.678295359466374 0.122780310692609 1.00783635511186 0.396292760803568 0.342803545664 0.394362790077643 0.176149249382441 0.606069588594934 0.841412217550629 0.620853179022573 0.126608583849648 0.379171544231857 0.38822252185617 0.864160078443647 0.955534356966221 0.064249382024346 0.702904661927158
"17" 0.763441848642921 0.130454298462896 0.242349501370539 0.529294180785189 0.236382045749239 0.139699020386498 0.247162052665489 0.0133497647547164 0.478768765903711 0.757243222470796 0.509120986298025 0.958284054280802 0.3615034089144 0.721284539336634 0.784745468285492 0.616808173479542 0 0.520118097976317 0.359308217023276 0.158542566061024 0.584229361858673 0.411876776562447 0.573976527612622 0.581830669946154 0.166273926395666 0.891392809781126 0.534390018310197 0.736804942613819 0.355827910925943 0.292724596833248 0.714461873468095 0.589440605666708 0.0343972709527033 0.78834478882409 0.145329643731377 0.638816084757461 0.404781981996391 0.440004288893141 0.342538096070227 0.583380119784756 0.589845936129945 0.0892462271908635
"18" 0.253214379520737 0.525888517845565 0.314158179446913 0.183474663064778 0.287692904306539 0.404678370453899 0.410808294810734 0.532824643656796 0.444174337025451 0.267874399156793 0.276757528142211 0.454694814735415 0.338409675891134 0.442635661772674 0.306499828483809 0.421422206053749 0.520118097976317 0 0.783895411093226 0.648569664027554 0.299928693358416 0.6087155140657 0.493594380557759 0.102304793081338 0.357696585446105 0.38043855820047 0.458713758485839 0.596810304346279 0.169106574392531 0.439206428755331 0.216643262329616 0.550113537933948 0.489961530426237 0.425962852159299 0.619076934193705 0.330684128126088 0.124298546560587 0.627801360605479 0.590268694574509 0.579399372634607 0.35759138223937 0.571495019101759
"19" 0.987692178085836 0.272077547766196 0.580546799966918 0.712426848623102 0.548214257553762 0.489305923290962 0.606075025234096 0.348714233283029 0.50475284867875 1.04745104168118 0.850424283986589 1.23855877539441 0.485879023100514 0.791895603429796 0.974036199563271 0.970760866333461 0.359308217023276 0.783895411093226 0 0.209236475771464 0.708278999289409 0.295689217078391 0.573811073012422 0.869454747152709 0.491617466621966 1.10698775511375 0.893328777928401 0.711230144956594 0.649263200565912 0.651859284793926 0.99841993854171 0.94816590912697 0.365254718907001 0.895190230451731 0.426399974138541 0.978287915034165 0.69521720741636 0.778577912489426 0.248838653199466 0.52245840851162 0.938169443695294 0.270332793875414
"20" 0.879068632260964 0.133383804265798 0.396746562180867 0.622145659478401 0.379353220795261 0.296858722398462 0.40424236644762 0.146312131755215 0.495511700797437 0.898823405803787 0.665985157902364 1.0974046729686 0.416710506858349 0.769320915383285 0.88600354326504 0.775293153618392 0.158542566061024 0.648569664027554 0.209236475771464 0 0.651986560921584 0.356071762011612 0.584484156353217 0.72093194643909 0.313376593447085 1.00493283987702 0.69075416871171 0.742495977884174 0.493693206157077 0.44683467241696 0.853404784636353 0.741620799368135 0.174089024881683 0.85401887390622 0.221381657398923 0.795552672019525 0.54240581200366 0.569969621764666 0.284867818560084 0.566973013822501 0.748112228114238 0.0787107862071756
"21" 0.334824338226342 0.519517615858822 0.48615465775209 0.117442273363829 0.425843863788976 0.529558661732361 0.599870054096314 0.593089338168633 0.225969845214674 0.509388440041877 0.566768294197986 0.640844047397437 0.235378520840626 0.156800996869007 0.282676111561205 0.717251956768139 0.584229361858673 0.299928693358416 0.708278999289409 0.651986560921584 0 0.447747970284061 0.226516746486023 0.392413977488489 0.471622945546578 0.428004148383604 0.737581928982078 0.298527000450431 0.363688635077366 0.646072670131791 0.459015783173067 0.829008940627159 0.54988210092445 0.20437889468208 0.721130687279913 0.630579233710062 0.354302369983284 0.853086892496888 0.465605296051713 0.323926006276361 0.65433974032817 0.591614528420711
"22" 0.762895389681173 0.282066782104541 0.527611346123508 0.485093353249801 0.469211815292316 0.478648462159788 0.604344335825413 0.410063079675836 0.225323857699569 0.87480900162528 0.76467926259617 1.04646577034677 0.270702318173815 0.505992346405193 0.728168526969098 0.909725369483537 0.411876776562447 0.6087155140657 0.295689217078391 0.356071762011612 0.447747970284061 0 0.280884799165543 0.707874189672272 0.44648379782159 0.870416250466816 0.866538046542411 0.415974058568773 0.525106512964295 0.659642581749409 0.822523906049736 0.942010502005352 0.392049016742943 0.616277817273101 0.544534189061493 0.878830142165297 0.559253918443303 0.841230493012839 0.0720705451813782 0.22788600258889 0.861619854453995 0.348948427226693
"23" 0.560717570213497 0.468473053002566 0.571505922871482 0.318496912136899 0.504308174273225 0.574007550623761 0.677832438877601 0.578364020484199 0.0954563118247327 0.729460338353741 0.730042435889965 0.867336347229149 0.236288801199057 0.230240615063445 0.499711492200973 0.884110088343451 0.573976527612622 0.493594380557759 0.573811073012422 0.584484156353217 0.226516746486023 0.280884799165543 0 0.594152518943916 0.521674761027301 0.646507500543266 0.8791130209757 0.162828554932559 0.493797703492724 0.731541362882239 0.677855512829335 0.966868900852779 0.543140675775328 0.347055192077358 0.719298502096897 0.816201883032055 0.504977978401304 0.936737290590127 0.327466001459442 0.0980896178519137 0.824988214129101 0.546630322937618
"24" 0.250559272524328 0.604794006379532 0.353989648833698 0.279310606302337 0.345480963609698 0.454355826308748 0.431889017634444 0.594998555286618 0.546445128166251 0.178576785380065 0.225939155915948 0.376873475702058 0.438526531154107 0.525678687929262 0.331862401439307 0.351554799800687 0.581830669946154 0.102304793081338 0.869454747152709 0.72093194643909 0.392413977488489 0.707874189672272 0.594152518943916 0 0.415660147401359 0.365414505346782 0.411856671186158 0.690904393631145 0.227397837459102 0.448344643427645 0.132750951882627 0.500081920317819 0.554495237435418 0.491552892801595 0.664156860024967 0.245133833628868 0.178537638245295 0.616319677389494 0.686166567276453 0.681136264827071 0.287618489553216 0.642545676746805
"25" 0.605951452373023 0.221083020093552 0.089785422613953 0.394805090616893 0.0706138201950294 0.057943929457071 0.161932810451283 0.179507311450513 0.429115514267971 0.591014581015941 0.358812734011136 0.792013728801303 0.286235253040397 0.621829210910854 0.636620685087954 0.484367970622619 0.166273926395666 0.357696585446105 0.491617466621966 0.313376593447085 0.471622945546578 0.44648379782159 0.521674761027301 0.415660147401359 0 0.734205672353472 0.42400963138148 0.679374420369814 0.190679882226639 0.217682095701681 0.548236020748046 0.496050250885718 0.140788296460877 0.669914387307406 0.266033025005067 0.4870313622424 0.239347631611373 0.41663914684056 0.390700309319548 0.558635896753211 0.447583434337472 0.235056822876704
"26" 0.128255062916183 0.874479201112845 0.694528216142511 0.394672435833223 0.665547334545777 0.783766234432843 0.787486682662831 0.903502542414898 0.653297059218533 0.294776294823866 0.583203880455358 0.279114839134289 0.621965107638621 0.455617068689626 0.146796160478395 0.678295359466374 0.891392809781126 0.38043855820047 1.10698775511375 1.00493283987702 0.428004148383604 0.870416250466816 0.646507500543266 0.365414505346782 0.734205672353472 0 0.763478536116531 0.656824614364964 0.549049552792294 0.8099726787738 0.283935444883789 0.845724555877228 0.859332642378696 0.349232239232127 0.998308171743056 0.552984932932684 0.50463959698322 0.981549067912751 0.878056773235022 0.744358979045498 0.620354612076272 0.931582526420783
"27" 0.659632728390944 0.635930223729876 0.339052344301783 0.622695782316191 0.398775225346239 0.408093948199359 0.287278530026723 0.545576139350565 0.799954758648282 0.490313897621346 0.186238804194701 0.662506538923007 0.654909328016833 0.890911584623074 0.743604554756875 0.122780310692609 0.534390018310197 0.458713758485839 0.893328777928401 0.69075416871171 0.737581928982078 0.866538046542411 0.8791130209757 0.411856671186158 0.42400963138148 0.763478536116531 0 1.01552573264756 0.386021107585604 0.245206640744348 0.483135128386057 0.0917698961599047 0.529129417580437 0.884582148299295 0.518134208838137 0.232604187117301 0.38417956881379 0.265524068233457 0.814035022669966 0.940917905684754 0.15337944931659 0.623027632218702
"28" 0.598744427091992 0.62995076290727 0.722980802328917 0.413346791325696 0.656275082687306 0.733115254727057 0.832199759048831 0.7411578833445 0.25815999104765 0.800436708977373 0.854892283428239 0.908601744337905 0.393205000594495 0.201319519822629 0.515814590664513 1.00783635511186 0.736804942613819 0.596810304346279 0.711230144956594 0.742495977884174 0.298527000450431 0.415974058568773 0.162828554932559 0.690904393631145 0.679374420369814 0.656824614364964 1.01552573264756 0 0.630246240833791 0.884739626107622 0.751869887142849 1.10530852302711 0.705927492563307 0.313742198371515 0.882126093877894 0.927191865240263 0.633247772939466 1.09160685285141 0.47355936204157 0.189022037689517 0.946172283222103 0.707986116899613
"29" 0.4212655747219 0.380474661937369 0.14767264312441 0.258165842428579 0.120081089953771 0.235665213181481 0.253202931747696 0.368860589044691 0.418332179363328 0.405144787659431 0.244358115107828 0.604223539809762 0.278405690110494 0.520371775171186 0.463862302150128 0.396292760803568 0.355827910925943 0.169106574392531 0.649263200565912 0.493693206157077 0.363688635077366 0.525106512964295 0.493797703492724 0.227397837459102 0.190679882226639 0.549049552792294 0.386021107585604 0.630246240833791 0 0.291036162475079 0.360083425632623 0.475167291181592 0.32757506569709 0.538656837298049 0.449980242039924 0.353724076860571 0.0490449409456063 0.493708770239104 0.489514692900955 0.56031600294691 0.341928759973079 0.415221520135479
"30" 0.687163914080864 0.404525850758985 0.162463922885894 0.547471320552511 0.228523908439063 0.181452426690575 0.0558047749652487 0.303146744200949 0.64153650219272 0.593380599368161 0.279100221872194 0.791446570405402 0.495418502233571 0.802254943568583 0.745322726827605 0.342803545664 0.292724596833248 0.439206428755331 0.651859284793926 0.44683467241696 0.646072670131791 0.659642581749409 0.731541362882239 0.448344643427645 0.217682095701681 0.8099726787738 0.245206640744348 0.884739626107622 0.291036162475079 0 0.565074893899854 0.2969107639676 0.291982211338365 0.828956025346216 0.27809451886902 0.398872659132084 0.320801731442293 0.208092640845004 0.599445477912943 0.774533069407287 0.332371329106534 0.38195548105021
"31" 0.203663219842391 0.735977167483687 0.484206591533255 0.360400992974346 0.478161386123481 0.585821149002469 0.55481398177557 0.727647575296097 0.643761013994037 0.0526319404286656 0.3097299830767 0.244141300810702 0.551838029698731 0.567461621870545 0.305605285471437 0.394362790077643 0.714461873468095 0.216643262329616 0.99841993854171 0.853404784636353 0.459015783173067 0.822523906049736 0.677855512829335 0.132750951882627 0.548236020748046 0.283935444883789 0.483135128386057 0.751869887142849 0.360083425632623 0.565074893899854 0 0.563012425318899 0.687240494112314 0.505916385203362 0.793729565540781 0.26924812885093 0.311148795289869 0.715418963174139 0.806498992154753 0.770589878764262 0.336978246868102 0.775098913711133
"32" 0.745648880281435 0.699655865216362 0.41556584335752 0.714341505797578 0.478523917074797 0.47271238578647 0.346762080323903 0.599584599456633 0.88597336765507 0.565277382943544 0.275861959994584 0.7261289479617 0.739974245974834 0.982572409973117 0.831902969234129 0.176149249382441 0.589440605666708 0.550113537933948 0.94816590912697 0.741620799368135 0.829008940627159 0.942010502005352 0.966868900852779 0.500081920317819 0.496050250885718 0.845724555877228 0.0917698961599047 1.10530852302711 0.475167291181592 0.2969107639676 0.563012425318899 0 0.588569548550974 0.976056550380295 0.552336286479347 0.300898869318961 0.475233417535468 0.246220717019905 0.886552664523042 1.02621154962986 0.226379162285807 0.678685975273515
"33" 0.731535490970912 0.115687644071832 0.22266461691335 0.495229632399021 0.209374261641542 0.124635439435525 0.242672386738952 0.0447258901468125 0.447770671810784 0.730919302958705 0.492288915800439 0.931304902126013 0.328006039629304 0.687406103600585 0.751404480688202 0.606069588594934 0.0343972709527033 0.489961530426237 0.365254718907001 0.174089024881683 0.54988210092445 0.392049016742943 0.543140675775328 0.554495237435418 0.140788296460877 0.859332642378696 0.529129417580437 0.705927492563307 0.32757506569709 0.291982211338365 0.687240494112314 0.588569548550974 0 0.753972177669853 0.177128171997117 0.621738689536323 0.376618818026223 0.452390401788239 0.324463520591863 0.555630434526584 0.576009542298564 0.0975264084251623
"34" 0.317914456327999 0.722313462084558 0.67422047543455 0.281729396308557 0.618523210726023 0.727726693722269 0.786924358881477 0.797333972378782 0.392550174415507 0.546393727783294 0.702152904129693 0.61588660679496 0.437628722453673 0.120395476424327 0.219579823932028 0.841412217550629 0.78834478882409 0.425962852159299 0.895190230451731 0.85401887390622 0.20437889468208 0.616277817273101 0.347055192077358 0.491552892801595 0.669914387307406 0.349232239232127 0.884582148299295 0.313742198371515 0.538656837298049 0.828956025346216 0.505916385203362 0.976056550380295 0.753972177669853 0 0.924077606369199 0.735776255375253 0.517008111840203 1.03219658307482 0.647352232608601 0.437244700023406 0.77716992638878 0.795344746278943
"35" 0.870174747830606 0.264692367609598 0.310210701756528 0.656429582723724 0.332949824282305 0.214550828882658 0.256051410855595 0.141497999044374 0.624098261277662 0.831080858475684 0.544168144332808 1.03331333586592 0.504419847587519 0.862401104723624 0.902616503239743 0.620853179022573 0.145329643731377 0.619076934193705 0.426399974138541 0.221381657398923 0.721130687279913 0.544534189061493 0.719298502096897 0.664156860024967 0.266033025005067 0.998308171743056 0.518134208838137 0.882126093877894 0.449980242039924 0.27809451886902 0.793729565540781 0.552336286479347 0.177128171997117 0.924077606369199 0 0.670370273063599 0.49644989526689 0.35501966233085 0.473120060807862 0.726818565723775 0.608433013282845 0.196429107393603
"36" 0.465192885406934 0.706579704545401 0.399534874035922 0.514043763011041 0.431909709579214 0.499169950261965 0.414447300736196 0.651831858631589 0.754852108883355 0.265402770985896 0.129700192625891 0.429902755280995 0.625571076195921 0.769567011832862 0.560778421399259 0.126608583849648 0.638816084757461 0.330684128126088 0.978287915034165 0.795552672019525 0.630579233710062 0.878830142165297 0.816201883032055 0.245133833628868 0.4870313622424 0.552984932932684 0.232604187117301 0.927191865240263 0.353724076860571 0.398872659132084 0.26924812885093 0.300898869318961 0.621738689536323 0.735776255375253 0.670370273063599 0 0.322887587875811 0.491359985186791 0.841615934395308 0.895350340763406 0.0795785268410015 0.719017354490741
"37" 0.377511072808394 0.427763463183814 0.189890778885334 0.241975208008744 0.168741079568057 0.282748239278372 0.288492901676024 0.417835324879419 0.435829928857639 0.356596501783941 0.225122005908936 0.555276955275984 0.302757408366588 0.509332698884229 0.426060033746523 0.379171544231857 0.404781981996391 0.124298546560587 0.69521720741636 0.54240581200366 0.354302369983284 0.559253918443303 0.504977978401304 0.178537638245295 0.239347631611373 0.50463959698322 0.38417956881379 0.633247772939466 0.0490449409456063 0.320801731442293 0.311148795289869 0.475233417535468 0.376618818026223 0.517008111840203 0.49644989526689 0.322887587875811 0 0.51744513856337 0.527679206289638 0.577579658759813 0.320930759180564 0.46400808979208
"38" 0.864909984521691 0.567697040359978 0.370496029991315 0.751773453308185 0.436060904865886 0.369670219151737 0.259408940759986 0.446198633648563 0.845275148878897 0.732811687518273 0.40620269156444 0.91760238556239 0.700467469501644 1.00955831750362 0.933219811031761 0.38822252185617 0.440004288893141 0.627801360605479 0.778577912489426 0.569969621764666 0.853086892496888 0.841230493012839 0.936737290590127 0.616319677389494 0.41663914684056 0.981549067912751 0.265524068233457 1.09160685285141 0.493708770239104 0.208092640845004 0.715418963174139 0.246220717019905 0.452390401788239 1.03219658307482 0.35501966233085 0.491359985186791 0.51744513856337 0 0.775819044871485 0.974954673565106 0.412254494808183 0.523610585397726
"39" 0.76480530429322 0.212177891661951 0.475392138612926 0.48566554132586 0.420981841504083 0.417993860194197 0.54477091108588 0.340075878943769 0.255974943858288 0.858098006576299 0.723146628647554 1.03726087303998 0.260448976542895 0.543058349077324 0.739605365649032 0.864160078443647 0.342538096070227 0.590268694574509 0.248838653199466 0.284867818560084 0.465605296051713 0.0720705451813782 0.327466001459442 0.686166567276453 0.390700309319548 0.878056773235022 0.814035022669966 0.47355936204157 0.489514692900955 0.599445477912943 0.806498992154753 0.886552664523042 0.324463520591863 0.647352232608601 0.473120060807862 0.841615934395308 0.527679206289638 0.775819044871485 0 0.289099825342387 0.818970108986259 0.277198946130923
"40" 0.658514717631152 0.465345257551465 0.61947299880928 0.410209813886363 0.552782248877351 0.606244231988816 0.719378225803731 0.585589443906519 0.142042861990852 0.822583312188765 0.801970613655338 0.964387017220385 0.286237541590905 0.317664311872488 0.597569551057234 0.955534356966221 0.583380119784756 0.579399372634607 0.52245840851162 0.566973013822501 0.323926006276361 0.22788600258889 0.0980896178519137 0.681136264827071 0.558635896753211 0.744358979045498 0.940917905684754 0.189022037689517 0.56031600294691 0.774533069407287 0.770589878764262 1.02621154962986 0.555630434526584 0.437244700023406 0.726818565723775 0.895350340763406 0.577579658759813 0.974954673565106 0.289099825342387 0 0.898444211608187 0.541661988551494
"41" 0.524606211765293 0.668663750130678 0.357976657839675 0.536900126446796 0.400287694429492 0.451608497284995 0.354724109087954 0.602496399415202 0.756585711575547 0.339380011908578 0.097621805084255 0.509272564233894 0.620023537179218 0.800191340269859 0.615523062227123 0.064249382024346 0.589845936129945 0.35759138223937 0.938169443695294 0.748112228114238 0.65433974032817 0.861619854453995 0.824988214129101 0.287618489553216 0.447583434337472 0.620354612076272 0.15337944931659 0.946172283222103 0.341928759973079 0.332371329106534 0.336978246868102 0.226379162285807 0.576009542298564 0.77716992638878 0.608433013282845 0.0795785268410015 0.320930759180564 0.412254494808183 0.818970108986259 0.898444211608187 0 0.6734926980392
"42" 0.805022680887924 0.0781797797232349 0.319633625234284 0.553457351353133 0.300651230039997 0.221957144024586 0.335756514325751 0.0796024702180787 0.453896118003572 0.820302275077835 0.589658318211325 1.01916324152846 0.358379495894197 0.716949668109343 0.815770957092679 0.702904661927158 0.0892462271908635 0.571495019101759 0.270332793875414 0.0787107862071756 0.591614528420711 0.348948427226693 0.546630322937618 0.642545676746805 0.235056822876704 0.931582526420783 0.623027632218702 0.707986116899613 0.415221520135479 0.38195548105021 0.775098913711133 0.678685975273515 0.0975264084251623 0.795344746278943 0.196429107393603 0.719017354490741 0.46400808979208 0.523610585397726 0.277198946130923 0.541661988551494 0.6734926980392 0
