"V1" "V2" "V3" "V4" "V5" "V6" "V7" "V8" "V9" "V10" "V11" "V12" "V13" "V14" "V15" "V16" "V17" "V18" "V19" "V20" "V21"
"1" 0 0.291372543633873 0.973107792338652 0.161624407128354 0.832012558774916 0.588321722342114 0.903507902905251 1.03015750727543 0.511101251999952 0.646497628513415 0.542104741743151 0.69045976991969 0.89259996296076 0.84370417487048 0.903507902905251 1.06291858501362 1.0490034143249 0.986438657236118 1.07361681303177 1.22291054623044 1.37380746059101
"2" 0.291372543633873 0 0.685714285714286 0.18070158058105 0.542104741743151 0.323248814256707 0.615447406529658 0.742857142857143 0.404061017820884 0.435187034620795 0.471212071499161 0.571428571428571 0.69045976991969 0.695172860605511 0.722806322324201 0.870374069241589 0.887095696929144 0.921400885519834 0.930218319777126 1.0222025039999 1.14285714285714
"3" 0.973107792338652 0.685714285714286 0 0.859045507335595 0.242436610692531 0.511101251999952 0.255550625999976 0.285714285714286 0.84370417487048 0.651528814342365 0.921400885519834 0.89259996296076 0.745051703451731 0.89259996296076 0.82412600582034 0.870374069241589 0.971428571428571 1.21487380716967 1.0490034143249 0.942424142998322 0.914285714285714
"4" 0.161624407128354 0.18070158058105 0.859045507335595 0 0.695172860605511 0.435187034620795 0.762380803664362 0.887095696929144 0.361403161162101 0.484873221385061 0.404061017820884 0.542104741743151 0.731785627135183 0.69045976991969 0.745051703451731 0.903507902905251 0.894427190999916 0.859045507335595 0.923171109794486 1.06291858501362 1.21218305346265
"5" 0.832012558774916 0.542104741743151 0.242436610692531 0.695172860605511 0 0.291372543633873 0.0808122035641768 0.206031501455085 0.615447406529658 0.41206300291017 0.69045976991969 0.651528814342365 0.511101251999952 0.651528814342365 0.588321722342114 0.651528814342365 0.742857142857143 0.973107792338652 0.818161203615792 0.745051703451731 0.762380803664362
"6" 0.588321722342114 0.323248814256707 0.511101251999952 0.435187034620795 0.291372543633873 0 0.342857142857143 0.460700442759917 0.333197251134017 0.18070158058105 0.41206300291017 0.41206300291017 0.404061017820884 0.471212071499161 0.457142857142857 0.582745087267747 0.628571428571429 0.766651877999928 0.688091118788131 0.722806322324201 0.82412600582034
"7" 0.903507902905251 0.615447406529658 0.255550625999976 0.762380803664362 0.0808122035641768 0.342857142857143 0 0.127775312999988 0.651528814342365 0.435187034620795 0.722806322324201 0.666394502268034 0.491561443831007 0.646497628513415 0.571428571428572 0.615447406529658 0.715997947779524 0.969746442770122 0.793853942254275 0.695172860605511 0.695172860605511
"8" 1.03015750727543 0.742857142857143 0.285714285714286 0.887095696929144 0.206031501455085 0.460700442759917 0.127775312999988 0 0.751596939312338 0.526831111845308 0.818161203615792 0.742857142857143 0.526831111845308 0.697517463756212 0.607436903584837 0.618094504365255 0.731785627135183 1.01739964655799 0.81215259448868 0.668839994898264 0.628571428571429
"9" 0.511101251999952 0.404061017820884 0.84370417487048 0.361403161162101 0.615447406529658 0.333197251134017 0.651528814342365 0.751596939312338 0 0.228571428571429 0.0808122035641768 0.18070158058105 0.41206300291017 0.333197251134017 0.404061017820884 0.565685424949238 0.53908463611752 0.517450579322138 0.562791874388349 0.727309832077592 0.903507902905251
"10" 0.646497628513415 0.435187034620795 0.651528814342365 0.484873221385061 0.41206300291017 0.18070158058105 0.435187034620795 0.526831111845308 0.228571428571429 0 0.291372543633873 0.242436610692531 0.255550625999976 0.291372543633873 0.291372543633873 0.435187034620795 0.460700442759917 0.588321722342114 0.514285714285714 0.588321722342114 0.727309832077592
"11" 0.542104741743151 0.471212071499161 0.921400885519834 0.404061017820884 0.69045976991969 0.41206300291017 0.722806322324201 0.818161203615792 0.0808122035641768 0.291372543633873 0 0.161624407128354 0.435187034620795 0.323248814256707 0.41206300291017 0.571428571428571 0.526831111845308 0.457142857142857 0.53908463611752 0.731785627135183 0.921400885519834
"12" 0.69045976991969 0.571428571428571 0.89259996296076 0.542104741743151 0.651528814342365 0.41206300291017 0.666394502268034 0.742857142857143 0.18070158058105 0.242436610692531 0.161624407128354 0 0.291372543633873 0.161624407128354 0.255550625999976 0.41206300291017 0.365892813567591 0.361403161162101 0.383325938999964 0.571428571428572 0.766651877999928
"13" 0.89259996296076 0.69045976991969 0.745051703451731 0.731785627135183 0.511101251999952 0.404061017820884 0.491561443831007 0.526831111845308 0.41206300291017 0.255550625999976 0.435187034620795 0.291372543633873 0 0.18070158058105 0.0808122035641769 0.18070158058105 0.235606035749581 0.491561443831007 0.307723703264829 0.333197251134017 0.491561443831007
"14" 0.84370417487048 0.695172860605511 0.89259996296076 0.69045976991969 0.651528814342365 0.471212071499161 0.646497628513415 0.697517463756212 0.333197251134017 0.291372543633873 0.323248814256707 0.161624407128354 0.18070158058105 0 0.114285714285714 0.255550625999976 0.206031501455085 0.323248814256707 0.235606035749581 0.41206300291017 0.615447406529658
"15" 0.903507902905251 0.722806322324201 0.82412600582034 0.745051703451731 0.588321722342114 0.457142857142857 0.571428571428572 0.607436903584837 0.404061017820884 0.291372543633873 0.41206300291017 0.255550625999976 0.0808122035641769 0.114285714285714 0 0.161624407128354 0.171428571428571 0.41206300291017 0.235606035749581 0.323248814256707 0.511101251999952
"16" 1.06291858501362 0.870374069241589 0.870374069241589 0.903507902905251 0.651528814342365 0.582745087267747 0.615447406529658 0.618094504365255 0.565685424949238 0.435187034620795 0.571428571428571 0.41206300291017 0.18070158058105 0.255550625999976 0.161624407128354 0 0.127775312999988 0.471212071499161 0.206031501455085 0.161624407128354 0.361403161162101
"17" 1.0490034143249 0.887095696929144 0.971428571428571 0.894427190999916 0.742857142857143 0.628571428571429 0.715997947779524 0.731785627135183 0.53908463611752 0.460700442759917 0.526831111845308 0.365892813567591 0.235606035749581 0.206031501455085 0.171428571428571 0.127775312999988 0 0.347586430302755 0.0808122035641769 0.235606035749581 0.460700442759917
"18" 0.986438657236118 0.921400885519834 1.21487380716967 0.859045507335595 0.973107792338652 0.766651877999928 0.969746442770122 1.01739964655799 0.517450579322138 0.588321722342114 0.457142857142857 0.361403161162101 0.491561443831007 0.323248814256707 0.41206300291017 0.471212071499161 0.347586430302755 0 0.285714285714286 0.571428571428571 0.8
"19" 1.07361681303177 0.930218319777126 1.0490034143249 0.923171109794486 0.818161203615792 0.688091118788131 0.793853942254275 0.81215259448868 0.562791874388349 0.514285714285714 0.53908463611752 0.383325938999964 0.307723703264829 0.235606035749581 0.235606035749581 0.206031501455085 0.0808122035641769 0.285714285714286 0 0.285714285714286 0.514285714285714
"20" 1.22291054623044 1.0222025039999 0.942424142998322 1.06291858501362 0.745051703451731 0.722806322324201 0.695172860605511 0.668839994898264 0.727309832077592 0.588321722342114 0.731785627135183 0.571428571428572 0.333197251134017 0.41206300291017 0.323248814256707 0.161624407128354 0.235606035749581 0.571428571428571 0.285714285714286 0 0.228571428571429
"21" 1.37380746059101 1.14285714285714 0.914285714285714 1.21218305346265 0.762380803664362 0.82412600582034 0.695172860605511 0.628571428571429 0.903507902905251 0.727309832077592 0.921400885519834 0.766651877999928 0.491561443831007 0.615447406529658 0.511101251999952 0.361403161162101 0.460700442759917 0.8 0.514285714285714 0.228571428571429 0
