"V1" "V2" "V3" "V4" "V5" "V6" "V7" "V8" "V9" "V10" "V11" "V12" "V13" "V14" "V15" "V16" "V17" "V18" "V19" "V20" "V21"
"1" 0 0.328797974610715 0.866552407669265 0.152887952688983 0.735214622093808 0.944013470085026 0.464990554975277 0.803571283638838 0.823326822255558 0.411663411127779 0.483474157297252 0.779578654154376 0.825099325539121 0.966948314594504 0.929981109950554 0.779578654154376 0.920507371131157 1.19041705651596 0.925256365871551 1.04395718463935 1.30179400851809
"2" 0.328797974610715 0 0.540540540540541 0.222870574357711 0.411663411127779 0.616311040594129 0.222870574357711 0.483474157297252 0.509944926057114 0.362605617972939 0.393519453474623 0.498353754448264 0.535107834411441 0.659813817066687 0.650897004259043 0.604342696621565 0.702702702702703 0.920507371131157 0.891482297430846 0.920507371131157 1.06611259044951
"3" 0.866552407669265 0.540540540540541 0 0.758684802573957 0.229331929033475 0.170933927576669 0.532370691988979 0.241737078648626 0.291089989574838 0.773936273690614 0.750942918348638 0.435797716124246 0.411663411127779 0.378378378378378 0.498353754448264 0.735214622093808 0.702702702702703 0.704778638400286 1.14920495272807 1.03975048982007 0.918918918918919
"4" 0.152887952688983 0.222870574357711 0.758684802573957 0 0.604342696621565 0.817986267590354 0.315186588910557 0.668611723073134 0.683735710306677 0.275622676410421 0.341867855153338 0.630373177821114 0.677295356007658 0.823326822255558 0.779578654154376 0.630373177821114 0.768252454246048 1.03834447093506 0.810810810810811 0.906111060229201 1.14920495272807
"5" 0.735214622093808 0.411663411127779 0.229331929033475 0.604342696621565 0 0.216216216216216 0.328797974610715 0.0764439763444916 0.120868539324313 0.564340892373543 0.532370691988979 0.222870574357711 0.216216216216216 0.27027027027027 0.328797974610715 0.509944926057114 0.498353754448264 0.582179979149676 0.920507371131157 0.823326822255558 0.773936273690614
"6" 0.944013470085026 0.616311040594129 0.170933927576669 0.817986267590354 0.216216216216216 0 0.543236520060589 0.170933927576669 0.194894663538594 0.773936273690614 0.735214622093808 0.346114823645019 0.305775905377967 0.222870574357711 0.362605617972939 0.650897004259043 0.584683990615782 0.540540540540541 1.07294233736644 0.929981109950554 0.758684802573957
"7" 0.464990554975277 0.222870574357711 0.532370691988979 0.315186588910557 0.328797974610715 0.543236520060589 0 0.378378378378378 0.382219881722458 0.241737078648626 0.229331929033475 0.315186588910557 0.362605617972939 0.512801782730007 0.464990554975277 0.382219881722458 0.483474157297252 0.727222921463444 0.702702702702703 0.702702702702703 0.854669637883346
"8" 0.803571283638838 0.483474157297252 0.241737078648626 0.668611723073134 0.0764439763444916 0.170933927576669 0.378378378378378 0 0.0540540540540541 0.604342696621565 0.564340892373543 0.194894663538594 0.170933927576669 0.194894663538594 0.27027027027027 0.498353754448264 0.461838040287434 0.512801782730007 0.9173277161339 0.7980985437964 0.710970077727887
"9" 0.823326822255558 0.509944926057114 0.291089989574838 0.683735710306677 0.120868539324313 0.194894663538594 0.382219881722458 0.0540540540540541 0 0.597046541469582 0.551245352820842 0.152887952688983 0.120868539324313 0.152887952688983 0.216216216216216 0.45866385806695 0.411663411127779 0.461838040287434 0.879936248437822 0.750942918348638 0.657595949221429
"10" 0.411663411127779 0.362605617972939 0.773936273690614 0.275622676410421 0.564340892373543 0.773936273690614 0.241737078648626 0.604342696621565 0.597046541469582 0 0.0764439763444916 0.489480277737158 0.543236520060589 0.704778638400286 0.616311040594129 0.382219881722458 0.54054054054054 0.846079775270191 0.543236520060589 0.63268648166052 0.920507371131157
"11" 0.483474157297252 0.393519453474623 0.750942918348638 0.341867855153338 0.532370691988979 0.735214622093808 0.229331929033475 0.564340892373543 0.551245352820842 0.0764439763444916 0 0.432432432432432 0.486486486486486 0.648648648648649 0.551245352820842 0.305775905377966 0.464990554975277 0.773936273690614 0.498353754448264 0.564340892373543 0.844351316314233
"12" 0.779578654154376 0.498353754448264 0.435797716124246 0.630373177821114 0.222870574357711 0.346114823645019 0.315186588910557 0.194894663538594 0.152887952688983 0.489480277737158 0.432432432432432 0 0.0540540540540541 0.216216216216216 0.152887952688983 0.305775905377966 0.275622676410421 0.422175658157116 0.727222921463444 0.604342696621565 0.582179979149676
"13" 0.825099325539121 0.535107834411441 0.411663411127779 0.677295356007658 0.216216216216216 0.305775905377967 0.362605617972939 0.170933927576669 0.120868539324313 0.543236520060589 0.486486486486486 0.0540540540540541 0 0.162162162162162 0.120868539324313 0.346114823645019 0.291089989574838 0.389789327077188 0.768252454246048 0.630373177821114 0.564340892373543
"14" 0.966948314594504 0.659813817066687 0.378378378378378 0.823326822255558 0.27027027027027 0.222870574357711 0.512801782730007 0.194894663538594 0.152887952688983 0.704778638400286 0.648648648648649 0.216216216216216 0.162162162162162 0 0.152887952688983 0.483474157297252 0.382219881722458 0.328797974610715 0.899638755518553 0.727222921463444 0.540540540540541
"15" 0.929981109950554 0.650897004259043 0.498353754448264 0.779578654154376 0.328797974610715 0.362605617972939 0.464990554975277 0.27027027027027 0.216216216216216 0.616311040594129 0.551245352820842 0.152887952688983 0.120868539324313 0.152887952688983 0 0.341867855153338 0.229331929033475 0.27027027027027 0.750942918348638 0.574602476364035 0.445741148715423
"16" 0.779578654154376 0.604342696621565 0.735214622093808 0.630373177821114 0.509944926057114 0.650897004259043 0.382219881722458 0.498353754448264 0.45866385806695 0.382219881722458 0.305775905377966 0.305775905377966 0.346114823645019 0.483474157297252 0.341867855153338 0 0.170933927576669 0.498353754448264 0.422175658157116 0.328797974610715 0.540540540540541
"17" 0.920507371131157 0.702702702702703 0.702702702702703 0.768252454246048 0.498353754448264 0.584683990615782 0.483474157297252 0.461838040287434 0.411663411127779 0.54054054054054 0.464990554975277 0.275622676410421 0.291089989574838 0.382219881722458 0.229331929033475 0.170933927576669 0 0.328797974610715 0.532370691988979 0.346114823645019 0.382219881722458
"18" 1.19041705651596 0.920507371131157 0.704778638400286 1.03834447093506 0.582179979149676 0.540540540540541 0.727222921463444 0.512801782730007 0.461838040287434 0.846079775270191 0.773936273690614 0.422175658157116 0.389789327077188 0.328797974610715 0.27027027027027 0.498353754448264 0.328797974610715 0 0.826868029231262 0.582179979149676 0.222870574357711
"19" 0.925256365871551 0.891482297430846 1.14920495272807 0.810810810810811 0.920507371131157 1.07294233736644 0.702702702702703 0.9173277161339 0.879936248437822 0.543236520060589 0.498353754448264 0.727222921463444 0.768252454246048 0.899638755518553 0.750942918348638 0.422175658157116 0.532370691988979 0.826868029231262 0 0.275622676410421 0.758684802573957
"20" 1.04395718463935 0.920507371131157 1.03975048982007 0.906111060229201 0.823326822255558 0.929981109950554 0.702702702702703 0.7980985437964 0.750942918348638 0.63268648166052 0.564340892373543 0.604342696621565 0.630373177821114 0.727222921463444 0.574602476364035 0.328797974610715 0.346114823645019 0.582179979149676 0.275622676410421 0 0.486486486486486
"21" 1.30179400851809 1.06611259044951 0.918918918918919 1.14920495272807 0.773936273690614 0.758684802573957 0.854669637883346 0.710970077727887 0.657595949221429 0.920507371131157 0.844351316314233 0.582179979149676 0.564340892373543 0.540540540540541 0.445741148715423 0.540540540540541 0.382219881722458 0.222870574357711 0.758684802573957 0.486486486486486 0
