"V1" "V2" "V3" "V4" "V5" "V6" "V7" "V8" "V9" "V10" "V11" "V12" "V13" "V14" "V15" "V16" "V17" "V18" "V19" "V20" "V21"
"1" 0 0.136430008244611 0.334109868367746 0.149740117605441 0.24212883096859 0.262919670247171 0.21830281570114 0.310596969033553 0.31572251717357 0.221422818774822 0.248419769536673 0.265756596077536 0.120546842433519 0.194547474164639 0.0850555683026551 0.235169031307602 0.176100666631352 0.142871256306828 0.282608686647123 0.1960845495967 0.117155330588776
"2" 0.136430008244611 0 0.418277694864917 0.214357034251507 0.266913672785385 0.334050325639257 0.286313956709437 0.414438501926064 0.373166845845152 0.32362816041994 0.244140882294772 0.353033709520906 0.149239342882764 0.237045133826194 0.199951848180273 0.350516670513913 0.266324823678961 0.107137106440541 0.314751687166911 0.193203760464592 0.211372195768136
"3" 0.334109868367746 0.418277694864917 0 0.203923567050913 0.192464459183155 0.0878223563262155 0.133399875193805 0.0745001708343185 0.0883509426832422 0.119689285573503 0.245954412954154 0.068358128299978 0.270126185692858 0.191090612669437 0.250202284041765 0.139942312581436 0.158536562306564 0.325974712212436 0.161942674450474 0.260093088425352 0.21817035248778
"4" 0.149740117605441 0.214357034251507 0.203923567050913 0 0.100750292917715 0.121157043141169 0.0734784269201783 0.206774257097884 0.168197414571064 0.120795603747463 0.128639388070577 0.139342158802556 0.0675561681589014 0.0496704478953104 0.0879381081594311 0.16140352043517 0.0607690366258858 0.128118930271909 0.13488210878444 0.0963814966155005 0.0488597911776034
"5" 0.24212883096859 0.266913672785385 0.192464459183155 0.100750292917715 0 0.109596706518207 0.0852050604654479 0.229912965889324 0.118315561783069 0.171295008091167 0.054158086228761 0.151965781016186 0.128605745505238 0.0510916386057967 0.188683971743146 0.220163670712782 0.130181038315531 0.160772209105724 0.0479808384241255 0.0774641342767067 0.149061610237047
"6" 0.262919670247171 0.334050325639257 0.0878223563262155 0.121157043141169 0.109596706518207 0 0.0478389904818168 0.121503787585671 0.0592249233224754 0.0878211205830149 0.163745499673352 0.0452345776801462 0.184935782526524 0.103288673033203 0.183979136384182 0.132860220378397 0.0906011912129414 0.23885522882178 0.0920191241075403 0.172718005150734 0.146112077508417
"7" 0.21830281570114 0.286313956709437 0.133399875193805 0.0734784269201783 0.0852050604654479 0.0478389904818168 0 0.151520176577485 0.0975766292259573 0.0861714893621842 0.136000248579071 0.0752488617859299 0.137330642124365 0.0607121282142029 0.143227725587728 0.135129772677975 0.0565816467040476 0.192651807379311 0.0908702633336393 0.132938375943335 0.10324206082159
"8" 0.310596969033553 0.414438501926064 0.0745001708343185 0.206774257097884 0.229912965889324 0.121503787585671 0.151520176577485 0 0.151012928101915 0.0911205257307441 0.283704066267551 0.0780048308805259 0.273877917210467 0.211851879091602 0.225895026555078 0.0837812783413761 0.148812741245975 0.334860149893676 0.211950877443094 0.284232253851166 0.203701503954205
"9" 0.31572251717357 0.373166845845152 0.0883509426832422 0.168197414571064 0.118315561783069 0.0592249233224754 0.0975766292259573 0.151012928101915 0 0.14414493425164 0.16790718411427 0.0911932260129258 0.225060472407009 0.136121716701177 0.240077215224921 0.185153739484468 0.148395142693733 0.27145099377119 0.0783121292714177 0.193940426254912 0.200662920335913
"10" 0.221422818774822 0.32362816041994 0.119689285573503 0.120795603747463 0.171295008091167 0.0878211205830149 0.0861714893621842 0.0911205257307441 0.14414493425164 0 0.220699216688834 0.0575132900284251 0.186075601028477 0.138359421348113 0.136369997866349 0.049002305315653 0.0602933053695672 0.248095811242274 0.171830978781684 0.208404426022052 0.112603552314498
"11" 0.248419769536673 0.244140882294772 0.245954412954154 0.128639388070577 0.054158086228761 0.163745499673352 0.136000248579071 0.283704066267551 0.16790718411427 0.220699216688834 0 0.205701584941602 0.127953369585311 0.0859025092158268 0.211892853614271 0.268917347882195 0.172951339684327 0.137725533291237 0.0906709786167682 0.0543897647856166 0.176580390844673
"12" 0.265756596077536 0.353033709520906 0.068358128299978 0.139342158802556 0.151965781016186 0.0452345776801462 0.0752488617859299 0.0780048308805259 0.0911932260129258 0.0575132900284251 0.205701584941602 0 0.206679138647472 0.135953737734776 0.182006658251716 0.0940509057843189 0.0903199274558227 0.265200697248767 0.137244946504985 0.208057991082879 0.149945345182798
"13" 0.120546842433519 0.149239342882764 0.270126185692858 0.0675561681589014 0.128605745505238 0.184935782526524 0.137330642124365 0.273877917210467 0.225060472407009 0.186075601028477 0.127953369585311 0.206679138647472 0 0.0896314728930034 0.102676551969 0.222543382556384 0.125891018748354 0.0624117910601321 0.173975178222479 0.0757988205855453 0.0852597232392267
"14" 0.194547474164639 0.237045133826194 0.191090612669437 0.0496704478953104 0.0510916386057967 0.103288673033203 0.0607121282142029 0.211851879091602 0.136121716701177 0.138359421348113 0.0859025092158268 0.135953737734776 0.0896314728930034 0 0.137608505662938 0.185300968754924 0.0871741109195881 0.136840775508205 0.0881118398805264 0.0723804845607493 0.0980468792695114
"15" 0.0850555683026551 0.199951848180273 0.250202284041765 0.0879381081594311 0.188683971743146 0.183979136384182 0.143227725587728 0.225895026555078 0.240077215224921 0.136369997866349 0.211892853614271 0.182006658251716 0.102676551969 0.137608505662938 0 0.15308941076698 0.0941239620733288 0.156410640491987 0.220788138642176 0.169066835693729 0.0411380017579588
"16" 0.235169031307602 0.350516670513913 0.139942312581436 0.16140352043517 0.220163670712782 0.132860220378397 0.135129772677975 0.0837812783413761 0.185153739484468 0.049002305315653 0.268917347882195 0.0940509057843189 0.222543382556384 0.185300968754924 0.15308941076698 0 0.101461179951269 0.284930945358437 0.220096032548295 0.253502680267705 0.141185383500146
"17" 0.176100666631352 0.266324823678961 0.158536562306564 0.0607690366258858 0.130181038315531 0.0906011912129414 0.0565816467040476 0.148812741245975 0.148395142693733 0.0602933053695672 0.172951339684327 0.0903199274558227 0.125891018748354 0.0871741109195881 0.0941239620733288 0.101461179951269 0 0.18781388136131 0.146041504418437 0.152371285370364 0.0596367277555506
"18" 0.142871256306828 0.107137106440541 0.325974712212436 0.128118930271909 0.160772209105724 0.23885522882178 0.192651807379311 0.334860149893676 0.27145099377119 0.248095811242274 0.137725533291237 0.265200697248767 0.0624117910601321 0.136840775508205 0.156410640491987 0.284930945358437 0.18781388136131 0 0.208749699147455 0.0860667194233555 0.14634657380101
"19" 0.282608686647123 0.314751687166911 0.161942674450474 0.13488210878444 0.0479808384241255 0.0920191241075403 0.0908702633336393 0.211950877443094 0.0783121292714177 0.171830978781684 0.0906709786167682 0.137244946504985 0.173975178222479 0.0881118398805264 0.220788138642176 0.220096032548295 0.146041504418437 0.208749699147455 0 0.124962503439671 0.179761236709303
"20" 0.1960845495967 0.193203760464592 0.260093088425352 0.0963814966155005 0.0774641342767067 0.172718005150734 0.132938375943335 0.284232253851166 0.193940426254912 0.208404426022052 0.0543897647856166 0.208057991082879 0.0757988205855453 0.0723804845607493 0.169066835693729 0.253502680267705 0.152371285370364 0.0860667194233555 0.124962503439671 0 0.138999566250728
"21" 0.117155330588776 0.211372195768136 0.21817035248778 0.0488597911776034 0.149061610237047 0.146112077508417 0.10324206082159 0.203701503954205 0.200662920335913 0.112603552314498 0.176580390844673 0.149945345182798 0.0852597232392267 0.0980468792695114 0.0411380017579588 0.141185383500146 0.0596367277555506 0.14634657380101 0.179761236709303 0.138999566250728 0
