"V1" "V2" "V3" "V4" "V5" "V6" "V7" "V8" "V9" "V10" "V11" "V12" "V13" "V14" "V15" "V16" "V17" "V18" "V19" "V20" "V21" "V22" "V23" "V24" "V25" "V26" "V27" "V28" "V29" "V30" "V31" "V32" "V33" "V34" "V35" "V36" "V37" "V38" "V39" "V40" "V41" "V42" "V43" "V44" "V45" "V46" "V47" "V48" "V49" "V50" "V51" "V52" "V53" "V54" "V55" "V56" "V57" "V58" "V59" "V60" "V61" "V62" "V63" "V64" "V65" "V66" "V67" "V68" "V69" "V70" "V71" "V72" "V73" "V74" "V75" "V76" "V77" "V78" "V79" "V80" "V81" "V82" "V83" "V84"
"1" 0 0.0512820512820513 0.114670152692297 0.261488180184245 0.311936540015293 0.464378725032688 0.719777889621446 0.873301864919303 0.924500327042049 0.276162297801769 0.522976360368491 0.573350763461485 0.877807321467882 0.634323942402717 0.834811312620498 0.93580962004588 0.229340305384594 0.505069630861339 0.600241021062545 0.697511308140279 0.796111522885129 0.895602522901178 0.261488180184245 0.362618862146947 0.762362499862487 0.859643826371293 0.369800130816819 0.472797151656045 0.642562260827778 0.78110493393476 0.97300851082104 0.441144885489365 0.584705346204686 0.757170413345303 0.458680610769188 0.580190179435116 0.917361221538375 1.01013926172268 0.461538461538462 0.554700196225229 0.769230769230769 0.897069522283892 0.986429951880582 0.573350763461485 0.625977211063267 0.725237724293895 1.01144014991364 0.573350763461485 0.61964338326126 0.995717325074236 1.08179605690918 0.617517670707297 0.634323942402717 0.98509603652813 1.02564102564103 0.674510073741841 0.757170413345303 0.782786539614038 0.8108404256842 0.942809041582063 1.01791965339893 1.09748382354014 0.725237724293895 0.734247234014172 0.746677937362104 0.826898230594723 0.882289770978731 1.09027136540868 1.16941069240937 0.828486893405308 0.897069522283892 0.953901294242988 0.895602522901178 0.967587808416062 0.995717325074236 0.963502268105433 0.924500327042049 0.93580962004588 0.958027779090739 0.990420918760408 1.03203137423067 1.23503534141459 1.34217972597973 1.18060148033039
"2" 0.0512820512820513 0 0.0725237724293895 0.211441314134239 0.261488180184245 0.413449115297362 0.668636144123349 0.822113822660584 0.873301864919303 0.229340305384594 0.472797151656045 0.522976360368491 0.826898230594723 0.584705346204686 0.784464540552736 0.885265461622157 0.211441314134239 0.458680610769188 0.552324595603539 0.64867234054736 0.746677937362104 0.845765256536956 0.256410256410256 0.328365345509377 0.714276321906878 0.8108404256842 0.344010458076891 0.435142634576337 0.598046348189262 0.734247234014172 0.924500327042049 0.413449115297362 0.545135682704341 0.71243302509999 0.438154038221412 0.545135682704341 0.871794871794872 0.963502268105433 0.464378725032688 0.527981032871128 0.728854892489841 0.85350343472273 0.941413320547991 0.552324595603539 0.598046348189262 0.689929438311472 0.967587808416062 0.566428770112167 0.600241021062545 0.953901294242988 1.03838239647777 0.615384615384615 0.623873080030587 0.945594303312091 0.98509603652813 0.668636144123349 0.734247234014172 0.757170413345303 0.782786539614038 0.907272103228417 0.979742214079118 1.05720657067119 0.719777889621446 0.725237724293895 0.734247234014172 0.802691068846078 0.85350343472273 1.05221971941965 1.12937002797668 0.8108404256842 0.871794871794872 0.924500327042048 0.876308076442824 0.941413320547991 0.967587808416062 0.942809041582063 0.923076923076923 0.928757450065376 0.945594303312091 0.97300851082104 1.01013926172268 1.20157687321641 1.30542790372901 1.15242077201252
"3" 0.114670152692297 0.0725237724293895 0 0.153846153846154 0.205128205128205 0.358974358974359 0.615384615384615 0.769230769230769 0.82051282051282 0.16216808513684 0.413449115297362 0.464378725032688 0.770938275813995 0.522976360368491 0.725237724293895 0.826898230594723 0.153846153846154 0.39055246696738 0.48650425541052 0.584705346204686 0.684187900724427 0.784464540552736 0.211441314134239 0.256410256410256 0.64867234054736 0.746677937362104 0.276162297801769 0.362618862146947 0.527981032871128 0.666666666666667 0.859643826371293 0.344010458076891 0.472797151656046 0.642562260827778 0.373338968681052 0.472797151656046 0.802691068846078 0.895602522901178 0.422882628268478 0.458680610769188 0.656730691018754 0.782786539614038 0.871794871794872 0.48650425541052 0.527981032871128 0.617517670707297 0.897069522283892 0.512820512820513 0.535400333790285 0.882289770978731 0.967587808416062 0.566428770112167 0.566428770112167 0.873301864919303 0.913050964859736 0.615384615384615 0.666666666666667 0.688020916153781 0.71243302509999 0.834811312620498 0.907272103228417 0.985096036528131 0.666666666666667 0.668636144123349 0.674510073741841 0.734247234014172 0.782786539614038 0.979742214079118 1.0572065706712 0.746677937362104 0.802691068846078 0.85350343472273 0.8108404256842 0.871794871794872 0.897069522283892 0.876308076442824 0.873301864919303 0.873301864919303 0.885265461622157 0.908720263931762 0.942809041582063 1.12937002797668 1.23290413129962 1.08179605690918
"4" 0.261488180184245 0.211441314134239 0.153846153846154 0 0.0512820512820513 0.205128205128205 0.461538461538462 0.615384615384615 0.666666666666667 0.0512820512820513 0.261488180184245 0.311936540015293 0.617517670707297 0.373338968681052 0.573350763461485 0.674510073741841 0.217571317288168 0.256410256410256 0.344010458076891 0.438154038221412 0.535400333790285 0.634323942402717 0.290095089717558 0.205128205128205 0.505069630861339 0.600241021062545 0.261488180184245 0.276162297801769 0.400525624405469 0.527981032871128 0.714276321906878 0.307692307692308 0.369800130816819 0.512820512820513 0.362618862146947 0.39055246696738 0.668636144123349 0.757170413345303 0.483793904208031 0.413449115297362 0.545135682704341 0.656730691018754 0.739600261633639 0.461538461538462 0.472797151656045 0.527981032871128 0.769230769230769 0.535400333790285 0.512820512820513 0.762362499862487 0.841088177787524 0.600241021062545 0.573350763461485 0.762362499862487 0.797761496723284 0.634323942402717 0.623873080030587 0.634323942402717 0.64867234054736 0.739600261633639 0.801051248810939 0.870285269152674 0.684187900724427 0.674510073741841 0.668636144123349 0.684187900724427 0.714276321906878 0.873301864919303 0.942809041582063 0.719777889621446 0.746677937362104 0.78110493393476 0.776038253867772 0.8108404256842 0.828486893405308 0.834811312620498 0.895602522901178 0.877807321467882 0.871794871794872 0.877807321467882 0.895602522901178 1.03838239647777 1.12937002797668 1.01013926172268
"5" 0.311936540015293 0.261488180184245 0.205128205128205 0.0512820512820513 0 0.153846153846154 0.41025641025641 0.564102564102564 0.615384615384615 0.0725237724293895 0.211441314134239 0.261488180184245 0.566428770112167 0.32433617027368 0.522976360368491 0.623873080030587 0.256410256410256 0.217571317288168 0.299023174094631 0.39055246696738 0.48650425541052 0.584705346204686 0.328365345509377 0.211441314134239 0.458680610769188 0.552324595603539 0.276162297801769 0.261488180184245 0.362618862146947 0.483793904208031 0.666666666666667 0.311936540015293 0.344010458076891 0.472797151656046 0.373338968681052 0.373338968681052 0.625977211063267 0.71243302509999 0.512820512820513 0.41025641025641 0.512820512820513 0.617517670707297 0.697511308140279 0.464378725032688 0.464378725032688 0.505069630861339 0.728854892489841 0.552324595603539 0.515378236980558 0.725237724293895 0.801051248810939 0.61964338326126 0.584705346204686 0.728854892489841 0.762362499862487 0.64867234054736 0.617517670707297 0.623873080030587 0.634323942402717 0.71243302509999 0.769230769230769 0.834811312620498 0.697511308140279 0.684187900724427 0.674510073741841 0.674510073741841 0.697511308140279 0.841088177787524 0.907272103228417 0.717948717948718 0.734247234014172 0.762362499862487 0.770938275813995 0.796111522885129 0.8108404256842 0.826898230594723 0.908720263931762 0.885265461622157 0.873301864919303 0.873301864919303 0.885265461622157 1.01144014991364 1.09748382354014 0.990420918760409
"6" 0.464378725032688 0.413449115297362 0.358974358974359 0.205128205128205 0.153846153846154 0 0.256410256410256 0.41025641025641 0.461538461538462 0.211441314134239 0.0725237724293895 0.114670152692297 0.413449115297362 0.18490006540841 0.373338968681052 0.472797151656045 0.39055246696738 0.153846153846154 0.18490006540841 0.256410256410256 0.344010458076891 0.438154038221412 0.458680610769188 0.290095089717558 0.328365345509377 0.413449115297362 0.362618862146947 0.276162297801769 0.276162297801769 0.362618862146947 0.527981032871128 0.369800130816819 0.307692307692308 0.369800130816819 0.441144885489365 0.362618862146947 0.507666407005726 0.584705346204686 0.617517670707297 0.438154038221412 0.438154038221412 0.512820512820513 0.580190179435116 0.505069630861339 0.472797151656045 0.464378725032688 0.617517670707297 0.625977211063267 0.552324595603539 0.625977211063267 0.689929438311472 0.697511308140279 0.642562260827778 0.642562260827778 0.668636144123349 0.71243302509999 0.623873080030587 0.617517670707297 0.615384615384615 0.64867234054736 0.688020916153781 0.739600261633639 0.757170413345303 0.734247234014172 0.714276321906878 0.668636144123349 0.668636144123349 0.757170413345303 0.8108404256842 0.734247234014172 0.717948717948718 0.725237724293895 0.776038253867772 0.770938275813995 0.776038253867772 0.822113822660584 0.963502268105433 0.924500327042049 0.895602522901178 0.877807321467882 0.871794871794872 0.942809041582063 1.01144014991364 0.945594303312091
"7" 0.719777889621446 0.668636144123349 0.615384615384615 0.461538461538462 0.41025641025641 0.256410256410256 0 0.153846153846154 0.205128205128205 0.464378725032688 0.211441314134239 0.16216808513684 0.16216808513684 0.145047544858779 0.145047544858779 0.229340305384594 0.634323942402717 0.299023174094631 0.217571317288168 0.16216808513684 0.16216808513684 0.217571317288168 0.697511308140279 0.505069630861339 0.205128205128205 0.229340305384594 0.573350763461485 0.441144885489365 0.299023174094631 0.256410256410256 0.328365345509377 0.554700196225229 0.400525624405469 0.311936540015293 0.625977211063267 0.472797151656046 0.373338968681052 0.413449115297362 0.826898230594723 0.580190179435116 0.422882628268478 0.413449115297362 0.438154038221412 0.652713951864505 0.584705346204686 0.505069630861339 0.48650425541052 0.801051248810939 0.689929438311472 0.522976360368491 0.552324595603539 0.873301864919303 0.797761496723284 0.566428770112167 0.573350763461485 0.870285269152674 0.71243302509999 0.688020916153781 0.666666666666667 0.617517670707297 0.617517670707297 0.634323942402717 0.907272103228417 0.873301864919303 0.841088177787524 0.734247234014172 0.697511308140279 0.674510073741841 0.697511308140279 0.826898230594723 0.762362499862487 0.734247234014172 0.848868992679326 0.796111522885129 0.784464540552736 0.876308076442824 1.09748382354014 1.03838239647777 0.986429951880582 0.942809041582063 0.908720263931762 0.877807321467882 0.908720263931762 0.924500327042049
"8" 0.873301864919303 0.822113822660584 0.769230769230769 0.615384615384615 0.564102564102564 0.41025641025641 0.153846153846154 0 0.0512820512820512 0.617517670707297 0.362618862146947 0.311936540015293 0.0512820512820513 0.276162297801769 0.114670152692297 0.114670152692297 0.784464540552736 0.438154038221412 0.344010458076891 0.256410256410256 0.18490006540841 0.153846153846154 0.845765256536956 0.64867234054736 0.256410256410256 0.211441314134239 0.714276321906878 0.573350763461485 0.400525624405469 0.299023174094631 0.261488180184245 0.688020916153781 0.512820512820513 0.369800130816819 0.757170413345303 0.584705346204686 0.362618862146947 0.362618862146947 0.963502268105433 0.697511308140279 0.483793904208031 0.422882628268478 0.41025641025641 0.769230769230769 0.689929438311472 0.584705346204686 0.461538461538462 0.924500327042049 0.801051248810939 0.515378236980558 0.515378236980558 0.995717325074236 0.913050964859736 0.573350763461485 0.566428770112167 0.985096036528131 0.801051248810939 0.769230769230769 0.739600261633639 0.64867234054736 0.623873080030587 0.615384615384615 1.01791965339893 0.979742214079118 0.942809041582063 0.8108404256842 0.757170413345303 0.668636144123349 0.668636144123349 0.913050964859736 0.826898230594723 0.78110493393476 0.924500327042048 0.848868992679326 0.828486893405308 0.941413320547991 1.19719154153115 1.12937002797668 1.06711036136845 1.01144014991364 0.963502268105433 0.873301864919303 0.877807321467882 0.945594303312091
"9" 0.924500327042049 0.873301864919303 0.82051282051282 0.666666666666667 0.615384615384615 0.461538461538462 0.205128205128205 0.0512820512820512 0 0.668636144123349 0.413449115297362 0.362618862146947 0.0725237724293894 0.32433617027368 0.145047544858779 0.102564102564103 0.834811312620498 0.48650425541052 0.39055246696738 0.299023174094631 0.217571317288168 0.16216808513684 0.895602522901178 0.697511308140279 0.290095089717558 0.229340305384594 0.762362499862487 0.61964338326126 0.441144885489365 0.328365345509377 0.256410256410256 0.734247234014172 0.554700196225229 0.400525624405469 0.802691068846078 0.625977211063267 0.373338968681052 0.358974358974359 1.01013926172268 0.739600261633639 0.512820512820513 0.438154038221412 0.413449115297362 0.8108404256842 0.728854892489841 0.617517670707297 0.464378725032688 0.967587808416062 0.841088177787524 0.522976360368491 0.512820512820513 1.03838239647777 0.953901294242988 0.584705346204686 0.573350763461485 1.02564102564103 0.834811312620498 0.801051248810939 0.769230769230769 0.666666666666667 0.634323942402717 0.617517670707297 1.0572065706712 1.01791965339893 0.979742214079118 0.841088177787524 0.782786539614038 0.674510073741841 0.666666666666667 0.945594303312091 0.85350343472273 0.802691068846078 0.953901294242988 0.871794871794872 0.848868992679325 0.967587808416062 1.23290413129962 1.16264451782099 1.09748382354014 1.03838239647777 0.986429951880582 0.877807321467882 0.873301864919303 0.958027779090739
"10" 0.276162297801769 0.229340305384594 0.16216808513684 0.0512820512820513 0.0725237724293895 0.211441314134239 0.464378725032688 0.617517670707297 0.668636144123349 0 0.256410256410256 0.307692307692308 0.615384615384615 0.362618862146947 0.566428770112167 0.668636144123349 0.18490006540841 0.229340305384594 0.32433617027368 0.422882628268478 0.522976360368491 0.623873080030587 0.256410256410256 0.153846153846154 0.48650425541052 0.584705346204686 0.211441314134239 0.229340305384594 0.369800130816819 0.505069630861339 0.697511308140279 0.256410256410256 0.328365345509377 0.483793904208031 0.311936540015293 0.344010458076891 0.642562260827778 0.734247234014172 0.441144885489365 0.362618862146947 0.507666407005727 0.625977211063267 0.71243302509999 0.41025641025641 0.422882628268478 0.483793904208031 0.739600261633639 0.48650425541052 0.461538461538462 0.728854892489841 0.8108404256842 0.552324595603539 0.522976360368491 0.725237724293895 0.762362499862487 0.584705346204686 0.573350763461485 0.584705346204686 0.600241021062545 0.697511308140279 0.762362499862487 0.834811312620498 0.634323942402717 0.623873080030587 0.617517670707297 0.634323942402717 0.666666666666667 0.834811312620498 0.907272103228417 0.668636144123349 0.697511308140279 0.734247234014172 0.725237724293895 0.762362499862487 0.78110493393476 0.784464540552736 0.845765256536956 0.826898230594723 0.82051282051282 0.826898230594723 0.845765256536956 0.995717325074236 1.09027136540868 0.963502268105433
"11" 0.522976360368491 0.472797151656045 0.413449115297362 0.261488180184245 0.211441314134239 0.0725237724293895 0.211441314134239 0.362618862146947 0.413449115297362 0.256410256410256 0 0.0512820512820513 0.358974358974359 0.114670152692297 0.311936540015293 0.413449115297362 0.422882628268478 0.114670152692297 0.114670152692297 0.18490006540841 0.276162297801769 0.373338968681052 0.48650425541052 0.299023174094631 0.256410256410256 0.344010458076891 0.369800130816819 0.256410256410256 0.211441314134239 0.290095089717558 0.458680610769188 0.362618862146947 0.261488180184245 0.299023174094631 0.435142634576337 0.32433617027368 0.435142634576337 0.512820512820513 0.625977211063267 0.413449115297362 0.373338968681052 0.441144885489365 0.507666407005727 0.483793904208031 0.438154038221412 0.41025641025641 0.545135682704341 0.617517670707297 0.527981032871128 0.554700196225229 0.617517670707297 0.689929438311472 0.625977211063267 0.573350763461485 0.598046348189262 0.697511308140279 0.584705346204686 0.573350763461485 0.566428770112167 0.584705346204686 0.61964338326126 0.668636144123349 0.739600261633639 0.71243302509999 0.688020916153781 0.623873080030587 0.615384615384615 0.688020916153781 0.739600261633639 0.697511308140279 0.668636144123349 0.668636144123349 0.734247234014172 0.717948717948718 0.719777889621446 0.776038253867772 0.941413320547991 0.895602522901178 0.859643826371293 0.834811312620498 0.822113822660584 0.876308076442824 0.941413320547991 0.885265461622157
"12" 0.573350763461485 0.522976360368491 0.464378725032688 0.311936540015293 0.261488180184245 0.114670152692297 0.16216808513684 0.311936540015293 0.362618862146947 0.307692307692308 0.0512820512820513 0 0.307692307692308 0.0725237724293895 0.261488180184245 0.362618862146947 0.472797151656046 0.145047544858779 0.102564102564103 0.145047544858779 0.229340305384594 0.32433617027368 0.535400333790285 0.344010458076891 0.217571317288168 0.299023174094631 0.413449115297362 0.290095089717558 0.205128205128205 0.256410256410256 0.413449115297362 0.400525624405469 0.276162297801769 0.276162297801769 0.472797151656046 0.344010458076891 0.400525624405469 0.472797151656045 0.668636144123349 0.441144885489365 0.362618862146947 0.413449115297362 0.472797151656046 0.512820512820513 0.458680610769188 0.413449115297362 0.512820512820513 0.652713951864505 0.554700196225229 0.527981032871128 0.584705346204686 0.725237724293895 0.656730691018754 0.552324595603539 0.573350763461485 0.728854892489841 0.600241021062545 0.584705346204686 0.573350763461485 0.573350763461485 0.600241021062545 0.642562260827778 0.769230769230769 0.739600261633639 0.71243302509999 0.634323942402717 0.617517670707297 0.666666666666667 0.71243302509999 0.714276321906878 0.674510073741841 0.666666666666667 0.746677937362104 0.719777889621446 0.717948717948718 0.784464540552736 0.967587808416062 0.917361221538375 0.876308076442824 0.845765256536956 0.826898230594723 0.859643826371293 0.917361221538375 0.877807321467882
"13" 0.877807321467882 0.826898230594723 0.770938275813995 0.617517670707297 0.566428770112167 0.413449115297362 0.16216808513684 0.0512820512820513 0.0725237724293894 0.615384615384615 0.358974358974359 0.307692307692308 0 0.261488180184245 0.0725237724293895 0.0725237724293895 0.776038253867772 0.422882628268478 0.32433617027368 0.229340305384594 0.145047544858779 0.102564102564103 0.834811312620498 0.634323942402717 0.217571317288168 0.16216808513684 0.697511308140279 0.552324595603539 0.369800130816819 0.256410256410256 0.211441314134239 0.666666666666667 0.483793904208031 0.328365345509377 0.734247234014172 0.554700196225229 0.311936540015293 0.311936540015293 0.942809041582063 0.668636144123349 0.441144885489365 0.373338968681052 0.358974358974359 0.739600261633639 0.656730691018754 0.545135682704341 0.41025641025641 0.897069522283892 0.769230769230769 0.464378725032688 0.464378725032688 0.967587808416062 0.882289770978731 0.522976360368491 0.515378236980559 0.953901294242988 0.762362499862487 0.728854892489841 0.697511308140279 0.600241021062545 0.573350763461485 0.564102564102564 0.985096036528131 0.945594303312091 0.907272103228417 0.769230769230769 0.71243302509999 0.617517670707297 0.617517670707297 0.873301864919303 0.782786539614038 0.734247234014172 0.882289770978731 0.802691068846078 0.78110493393476 0.897069522283892 1.16038035887023 1.09027136540868 1.02564102564103 0.967587808416062 0.917361221538375 0.822113822660584 0.826898230594723 0.895602522901178
"14" 0.634323942402717 0.584705346204686 0.522976360368491 0.373338968681052 0.32433617027368 0.18490006540841 0.145047544858779 0.276162297801769 0.32433617027368 0.362618862146947 0.114670152692297 0.0725237724293895 0.261488180184245 0 0.205128205128205 0.307692307692308 0.515378236980559 0.16216808513684 0.0725237724293895 0.0725237724293895 0.16216808513684 0.261488180184245 0.573350763461485 0.373338968681052 0.145047544858779 0.229340305384594 0.438154038221412 0.299023174094631 0.16216808513684 0.18490006540841 0.344010458076891 0.413449115297362 0.256410256410256 0.211441314134239 0.483793904208031 0.328365345509377 0.328365345509377 0.400525624405469 0.688020916153781 0.435142634576337 0.307692307692308 0.344010458076891 0.400525624405469 0.507666407005726 0.441144885489365 0.373338968681052 0.441144885489365 0.656730691018754 0.545135682704341 0.458680610769188 0.512820512820513 0.728854892489841 0.652713951864505 0.48650425541052 0.505069630861339 0.725237724293895 0.573350763461485 0.552324595603539 0.535400333790285 0.515378236980558 0.535400333790285 0.573350763461485 0.762362499862487 0.728854892489841 0.697511308140279 0.600241021062545 0.573350763461485 0.600241021062545 0.642562260827778 0.688020916153781 0.634323942402717 0.617517670707297 0.714276321906878 0.674510073741841 0.668636144123349 0.746677937362104 0.953901294242988 0.897069522283892 0.848868992679326 0.8108404256842 0.784464540552736 0.796111522885129 0.848868992679325 0.822113822660584
"15" 0.834811312620498 0.784464540552736 0.725237724293895 0.573350763461485 0.522976360368491 0.373338968681052 0.145047544858779 0.114670152692297 0.145047544858779 0.566428770112167 0.311936540015293 0.261488180184245 0.0725237724293895 0.205128205128205 0 0.102564102564103 0.719777889621446 0.362618862146947 0.261488180184245 0.16216808513684 0.0725237724293895 0.0725237724293895 0.776038253867772 0.573350763461485 0.145047544858779 0.102564102564103 0.634323942402717 0.48650425541052 0.299023174094631 0.18490006540841 0.18490006540841 0.600241021062545 0.413449115297362 0.256410256410256 0.666666666666667 0.483793904208031 0.256410256410256 0.276162297801769 0.876308076442824 0.598046348189262 0.369800130816819 0.311936540015293 0.311936540015293 0.668636144123349 0.584705346204686 0.472797151656045 0.362618862146947 0.826898230594723 0.697511308140279 0.41025641025641 0.422882628268478 0.897069522283892 0.8108404256842 0.464378725032688 0.461538461538462 0.882289770978731 0.689929438311472 0.656730691018754 0.625977211063267 0.535400333790285 0.515378236980558 0.515378236980558 0.913050964859736 0.873301864919303 0.834811312620498 0.697511308140279 0.642562260827778 0.564102564102564 0.573350763461485 0.801051248810939 0.71243302509999 0.666666666666667 0.8108404256842 0.734247234014172 0.714276321906878 0.826898230594723 1.08785658644084 1.01791965339893 0.953901294242988 0.897069522283892 0.848868992679326 0.769230769230769 0.784464540552736 0.834811312620498
"16" 0.93580962004588 0.885265461622157 0.826898230594723 0.674510073741841 0.623873080030587 0.472797151656045 0.229340305384594 0.114670152692297 0.102564102564103 0.668636144123349 0.413449115297362 0.362618862146947 0.0725237724293895 0.307692307692308 0.102564102564103 0 0.822113822660584 0.464378725032688 0.362618862146947 0.261488180184245 0.16216808513684 0.0725237724293895 0.877807321467882 0.674510073741841 0.229340305384594 0.145047544858779 0.734247234014172 0.584705346204686 0.39055246696738 0.256410256410256 0.153846153846154 0.697511308140279 0.505069630861339 0.328365345509377 0.762362499862487 0.573350763461485 0.276162297801769 0.256410256410256 0.97300851082104 0.688020916153781 0.435142634576337 0.344010458076891 0.311936540015293 0.757170413345303 0.668636144123349 0.545135682704341 0.362618862146947 0.917361221538375 0.782786539614038 0.422882628268478 0.41025641025641 0.986429951880582 0.897069522283892 0.48650425541052 0.472797151656046 0.967587808416062 0.762362499862487 0.725237724293895 0.689929438311472 0.573350763461485 0.535400333790285 0.515378236980558 0.995717325074236 0.953901294242988 0.913050964859736 0.762362499862487 0.697511308140279 0.573350763461485 0.564102564102564 0.870285269152674 0.769230769230769 0.71243302509999 0.873301864919303 0.782786539614038 0.757170413345303 0.882289770978731 1.16264451782099 1.08785658644084 1.01791965339893 0.953901294242988 0.897069522283892 0.776038253867772 0.770938275813995 0.859643826371293
"17" 0.229340305384594 0.211441314134239 0.153846153846154 0.217571317288168 0.256410256410256 0.39055246696738 0.634323942402717 0.784464540552736 0.834811312620498 0.18490006540841 0.422882628268478 0.472797151656046 0.776038253867772 0.515378236980559 0.719777889621446 0.822113822660584 0 0.358974358974359 0.461538461538462 0.564102564102564 0.666666666666667 0.769230769230769 0.0725237724293895 0.16216808513684 0.617517670707297 0.719777889621446 0.145047544858779 0.276162297801769 0.472797151656046 0.623873080030587 0.826898230594723 0.217571317288168 0.39055246696738 0.584705346204686 0.229340305384594 0.369800130816819 0.746677937362104 0.845765256536956 0.276162297801769 0.328365345509377 0.573350763461485 0.714276321906878 0.8108404256842 0.344010458076891 0.400525624405469 0.512820512820513 0.828486893405308 0.358974358974359 0.39055246696738 0.802691068846078 0.895602522901178 0.413449115297362 0.413449115297362 0.782786539614038 0.826898230594723 0.461538461538462 0.527981032871128 0.554700196225229 0.584705346204686 0.728854892489841 0.8108404256842 0.897069522283892 0.512820512820513 0.515378236980558 0.522976360368491 0.598046348189262 0.656730691018754 0.882289770978731 0.967587808416062 0.600241021062545 0.668636144123349 0.728854892489841 0.666666666666667 0.739600261633639 0.769230769230769 0.734247234014172 0.719777889621446 0.719777889621446 0.734247234014172 0.762362499862487 0.802691068846078 1.01533281401145 1.12937002797668 0.953901294242988
"18" 0.505069630861339 0.458680610769188 0.39055246696738 0.256410256410256 0.217571317288168 0.153846153846154 0.299023174094631 0.438154038221412 0.48650425541052 0.229340305384594 0.114670152692297 0.145047544858779 0.422882628268478 0.16216808513684 0.362618862146947 0.464378725032688 0.358974358974359 0 0.102564102564103 0.205128205128205 0.307692307692308 0.41025641025641 0.413449115297362 0.211441314134239 0.261488180184245 0.362618862146947 0.276162297801769 0.145047544858779 0.145047544858779 0.276162297801769 0.472797151656045 0.256410256410256 0.153846153846154 0.256410256410256 0.328365345509377 0.211441314134239 0.413449115297362 0.505069630861339 0.527981032871128 0.299023174094631 0.299023174094631 0.400525624405469 0.483793904208031 0.369800130816819 0.32433617027368 0.311936540015293 0.512820512820513 0.507666407005726 0.413449115297362 0.507666407005726 0.584705346204686 0.580190179435116 0.512820512820513 0.512820512820513 0.545135682704341 0.584705346204686 0.472797151656045 0.464378725032688 0.461538461538462 0.505069630861339 0.554700196225229 0.617517670707297 0.625977211063267 0.598046348189262 0.573350763461485 0.515378236980558 0.515378236980558 0.625977211063267 0.689929438311472 0.584705346204686 0.564102564102564 0.573350763461485 0.623873080030587 0.617517670707297 0.623873080030587 0.668636144123349 0.826898230594723 0.78110493393476 0.746677937362104 0.725237724293895 0.717948717948718 0.802691068846078 0.882289770978731 0.796111522885129
"19" 0.600241021062545 0.552324595603539 0.48650425541052 0.344010458076891 0.299023174094631 0.18490006540841 0.217571317288168 0.344010458076891 0.39055246696738 0.32433617027368 0.114670152692297 0.102564102564103 0.32433617027368 0.0725237724293895 0.261488180184245 0.362618862146947 0.461538461538462 0.102564102564103 0 0.102564102564103 0.205128205128205 0.307692307692308 0.515378236980558 0.311936540015293 0.16216808513684 0.261488180184245 0.373338968681052 0.229340305384594 0.102564102564103 0.18490006540841 0.373338968681052 0.344010458076891 0.18490006540841 0.18490006540841 0.413449115297362 0.256410256410256 0.328365345509377 0.413449115297362 0.61964338326126 0.362618862146947 0.261488180184245 0.328365345509377 0.400525624405469 0.435142634576337 0.369800130816819 0.311936540015293 0.435142634576337 0.584705346204686 0.472797151656046 0.441144885489365 0.507666407005726 0.656730691018754 0.580190179435116 0.458680610769188 0.483793904208031 0.652713951864505 0.505069630861339 0.48650425541052 0.472797151656045 0.472797151656045 0.505069630861339 0.554700196225229 0.689929438311472 0.656730691018754 0.625977211063267 0.535400333790285 0.515378236980558 0.573350763461485 0.625977211063267 0.61964338326126 0.573350763461485 0.564102564102564 0.64867234054736 0.617517670707297 0.615384615384615 0.684187900724427 0.882289770978731 0.826898230594723 0.78110493393476 0.746677937362104 0.725237724293895 0.762362499862487 0.826898230594723 0.776038253867772
"20" 0.697511308140279 0.64867234054736 0.584705346204686 0.438154038221412 0.39055246696738 0.256410256410256 0.16216808513684 0.256410256410256 0.299023174094631 0.422882628268478 0.18490006540841 0.145047544858779 0.229340305384594 0.0725237724293895 0.16216808513684 0.261488180184245 0.564102564102564 0.205128205128205 0.102564102564103 0 0.102564102564103 0.205128205128205 0.617517670707297 0.413449115297362 0.0725237724293895 0.16216808513684 0.472797151656045 0.32433617027368 0.145047544858779 0.114670152692297 0.276162297801769 0.438154038221412 0.256410256410256 0.153846153846154 0.505069630861339 0.328365345509377 0.256410256410256 0.328365345509377 0.714276321906878 0.441144885489365 0.261488180184245 0.276162297801769 0.328365345509377 0.512820512820513 0.435142634576337 0.344010458076891 0.369800130816819 0.668636144123349 0.545135682704341 0.39055246696738 0.441144885489365 0.739600261633639 0.656730691018754 0.422882628268478 0.438154038221412 0.728854892489841 0.554700196225229 0.527981032871128 0.505069630861339 0.461538461538462 0.472797151656045 0.505069630861339 0.762362499862487 0.725237724293895 0.689929438311472 0.573350763461485 0.535400333790285 0.535400333790285 0.573350763461485 0.668636144123349 0.600241021062545 0.573350763461485 0.688020916153781 0.634323942402717 0.623873080030587 0.714276321906878 0.945594303312091 0.882289770978731 0.826898230594723 0.78110493393476 0.746677937362104 0.734247234014172 0.78110493393476 0.769230769230769
"21" 0.796111522885129 0.746677937362104 0.684187900724427 0.535400333790285 0.48650425541052 0.344010458076891 0.16216808513684 0.18490006540841 0.217571317288168 0.522976360368491 0.276162297801769 0.229340305384594 0.145047544858779 0.16216808513684 0.0725237724293895 0.16216808513684 0.666666666666667 0.307692307692308 0.205128205128205 0.102564102564103 0 0.102564102564103 0.719777889621446 0.515378236980558 0.0725237724293894 0.0725237724293895 0.573350763461485 0.422882628268478 0.229340305384594 0.114670152692297 0.18490006540841 0.535400333790285 0.344010458076891 0.18490006540841 0.600241021062545 0.413449115297362 0.211441314134239 0.256410256410256 0.8108404256842 0.527981032871128 0.299023174094631 0.256410256410256 0.276162297801769 0.598046348189262 0.512820512820513 0.400525624405469 0.32433617027368 0.757170413345303 0.625977211063267 0.362618862146947 0.39055246696738 0.826898230594723 0.739600261633639 0.41025641025641 0.413449115297362 0.8108404256842 0.617517670707297 0.584705346204686 0.554700196225229 0.472797151656045 0.461538461538462 0.472797151656045 0.841088177787524 0.801051248810939 0.762362499862487 0.625977211063267 0.573350763461485 0.515378236980558 0.535400333790285 0.728854892489841 0.642562260827778 0.600241021062545 0.739600261633639 0.666666666666667 0.64867234054736 0.757170413345303 1.01533281401145 0.945594303312091 0.882289770978731 0.826898230594723 0.78110493393476 0.719777889621446 0.746677937362104 0.776038253867772
"22" 0.895602522901178 0.845765256536956 0.784464540552736 0.634323942402717 0.584705346204686 0.438154038221412 0.217571317288168 0.153846153846154 0.16216808513684 0.623873080030587 0.373338968681052 0.32433617027368 0.102564102564103 0.261488180184245 0.0725237724293895 0.0725237724293895 0.769230769230769 0.41025641025641 0.307692307692308 0.205128205128205 0.102564102564103 0 0.822113822660584 0.617517670707297 0.16216808513684 0.0725237724293895 0.674510073741841 0.522976360368491 0.32433617027368 0.18490006540841 0.114670152692297 0.634323942402717 0.438154038221412 0.256410256410256 0.697511308140279 0.505069630861339 0.211441314134239 0.211441314134239 0.908720263931762 0.61964338326126 0.362618862146947 0.276162297801769 0.256410256410256 0.688020916153781 0.598046348189262 0.472797151656046 0.307692307692308 0.848868992679326 0.71243302509999 0.362618862146947 0.362618862146947 0.917361221538375 0.826898230594723 0.422882628268478 0.413449115297362 0.897069522283892 0.689929438311472 0.652713951864505 0.617517670707297 0.505069630861339 0.472797151656045 0.461538461538462 0.924500327042049 0.882289770978731 0.841088177787524 0.689929438311472 0.625977211063267 0.515378236980558 0.515378236980558 0.797761496723284 0.697511308140279 0.642562260827778 0.801051248810939 0.71243302509999 0.688020916153781 0.8108404256842 1.09027136540868 1.01533281401145 0.945594303312091 0.882289770978731 0.826898230594723 0.719777889621446 0.725237724293895 0.796111522885129
"23" 0.261488180184245 0.256410256410256 0.211441314134239 0.290095089717558 0.328365345509377 0.458680610769188 0.697511308140279 0.845765256536956 0.895602522901178 0.256410256410256 0.48650425541052 0.535400333790285 0.834811312620498 0.573350763461485 0.776038253867772 0.877807321467882 0.0725237724293895 0.413449115297362 0.515378236980558 0.617517670707297 0.719777889621446 0.822113822660584 0 0.205128205128205 0.666666666666667 0.769230769230769 0.16216808513684 0.311936540015293 0.515378236980558 0.668636144123349 0.873301864919303 0.229340305384594 0.422882628268478 0.623873080030587 0.217571317288168 0.39055246696738 0.784464540552736 0.885265461622157 0.211441314134239 0.328365345509377 0.600241021062545 0.746677937362104 0.845765256536956 0.328365345509377 0.400525624405469 0.527981032871128 0.859643826371293 0.311936540015293 0.369800130816819 0.828486893405308 0.924500327042049 0.358974358974359 0.373338968681052 0.802691068846078 0.848868992679326 0.413449115297362 0.512820512820513 0.545135682704341 0.580190179435116 0.739600261633639 0.826898230594723 0.917361221538375 0.464378725032688 0.472797151656046 0.48650425541052 0.584705346204686 0.652713951864505 0.897069522283892 0.986429951880582 0.573350763461485 0.656730691018754 0.725237724293895 0.642562260827778 0.728854892489841 0.762362499862487 0.71243302509999 0.666666666666667 0.674510073741841 0.697511308140279 0.734247234014172 0.782786539614038 1.01791965339893 1.13864632364998 0.945594303312091
"24" 0.362618862146947 0.328365345509377 0.256410256410256 0.205128205128205 0.211441314134239 0.290095089717558 0.505069630861339 0.64867234054736 0.697511308140279 0.153846153846154 0.299023174094631 0.344010458076891 0.634323942402717 0.373338968681052 0.573350763461485 0.674510073741841 0.16216808513684 0.211441314134239 0.311936540015293 0.413449115297362 0.515378236980558 0.617517670707297 0.205128205128205 0 0.461538461538462 0.564102564102564 0.0725237724293895 0.114670152692297 0.311936540015293 0.464378725032688 0.668636144123349 0.102564102564103 0.229340305384594 0.422882628268478 0.16216808513684 0.217571317288168 0.584705346204686 0.684187900724427 0.328365345509377 0.211441314134239 0.413449115297362 0.552324595603539 0.64867234054736 0.256410256410256 0.276162297801769 0.362618862146947 0.666666666666667 0.344010458076891 0.307692307692308 0.642562260827778 0.734247234014172 0.413449115297362 0.373338968681052 0.625977211063267 0.668636144123349 0.438154038221412 0.422882628268478 0.438154038221412 0.458680610769188 0.580190179435116 0.656730691018754 0.739600261633639 0.48650425541052 0.472797151656046 0.464378725032688 0.48650425541052 0.527981032871128 0.728854892489841 0.8108404256842 0.515378236980558 0.552324595603539 0.598046348189262 0.573350763461485 0.61964338326126 0.642562260827778 0.634323942402717 0.697511308140279 0.674510073741841 0.666666666666667 0.674510073741841 0.697511308140279 0.873301864919303 0.979742214079118 0.826898230594723
"25" 0.762362499862487 0.714276321906878 0.64867234054736 0.505069630861339 0.458680610769188 0.328365345509377 0.205128205128205 0.256410256410256 0.290095089717558 0.48650425541052 0.256410256410256 0.217571317288168 0.217571317288168 0.145047544858779 0.145047544858779 0.229340305384594 0.617517670707297 0.261488180184245 0.16216808513684 0.0725237724293895 0.0725237724293894 0.16216808513684 0.666666666666667 0.461538461538462 0 0.102564102564103 0.515378236980558 0.362618862146947 0.16216808513684 0.0512820512820513 0.211441314134239 0.472797151656046 0.276162297801769 0.114670152692297 0.535400333790285 0.344010458076891 0.18490006540841 0.256410256410256 0.746677937362104 0.458680610769188 0.229340305384594 0.211441314134239 0.256410256410256 0.527981032871128 0.441144885489365 0.328365345509377 0.299023174094631 0.688020916153781 0.554700196225229 0.32433617027368 0.369800130816819 0.757170413345303 0.668636144123349 0.362618862146947 0.373338968681052 0.739600261633639 0.545135682704341 0.512820512820513 0.483793904208031 0.413449115297362 0.413449115297362 0.438154038221412 0.769230769230769 0.728854892489841 0.689929438311472 0.554700196225229 0.505069630861339 0.472797151656046 0.505069630861339 0.656730691018754 0.573350763461485 0.535400333790285 0.668636144123349 0.600241021062545 0.584705346204686 0.688020916153781 0.942809041582063 0.873301864919303 0.8108404256842 0.757170413345303 0.714276321906878 0.674510073741841 0.714276321906878 0.719777889621446
"26" 0.859643826371293 0.8108404256842 0.746677937362104 0.600241021062545 0.552324595603539 0.413449115297362 0.229340305384594 0.211441314134239 0.229340305384594 0.584705346204686 0.344010458076891 0.299023174094631 0.16216808513684 0.229340305384594 0.102564102564103 0.145047544858779 0.719777889621446 0.362618862146947 0.261488180184245 0.16216808513684 0.0725237724293895 0.0725237724293895 0.769230769230769 0.564102564102564 0.102564102564103 0 0.617517670707297 0.464378725032688 0.261488180184245 0.114670152692297 0.114670152692297 0.573350763461485 0.373338968681052 0.18490006540841 0.634323942402717 0.438154038221412 0.153846153846154 0.18490006540841 0.845765256536956 0.552324595603539 0.290095089717558 0.211441314134239 0.211441314134239 0.61964338326126 0.527981032871128 0.400525624405469 0.261488180184245 0.78110493393476 0.642562260827778 0.307692307692308 0.32433617027368 0.848868992679326 0.757170413345303 0.362618862146947 0.358974358974359 0.826898230594723 0.617517670707297 0.580190179435116 0.545135682704341 0.438154038221412 0.413449115297362 0.413449115297362 0.85350343472273 0.8108404256842 0.769230769230769 0.617517670707297 0.554700196225229 0.461538461538462 0.472797151656046 0.725237724293895 0.625977211063267 0.573350763461485 0.728854892489841 0.642562260827778 0.61964338326126 0.739600261633639 1.01791965339893 0.942809041582063 0.873301864919303 0.8108404256842 0.757170413345303 0.666666666666667 0.684187900724427 0.734247234014172
