"V1" "V2" "V3" "V4" "V5" "V6" "V7" "V8" "V9" "V10" "V11" "V12" "V13" "V14" "V15" "V16" "V17" "V18" "V19" "V20" "V21"
"1" 0 0.291372543633873 0.206031501455085 0.695172860605511 0.242436610692531 0.986438657236118 0.255550625999976 0.69045976991969 0.484873221385061 0.53908463611752 0.921400885519834 0.618094504365255 1.07816927223504 0.651528814342365 0.888934239205945 0.695172860605511 1.05366222369062 0.777226886213454 0.921400885519834 1.12703330990377 1.29551817700053
"2" 0.291372543633873 0 0.127775312999988 0.404061017820884 0.161624407128354 0.695172860605511 0.242436610692531 0.41206300291017 0.291372543633873 0.4 0.651528814342365 0.460700442759917 0.81215259448868 0.582745087267747 0.666394502268034 0.651528814342365 0.81215259448868 0.688091118788131 0.87411763090162 0.957888835099441 1.07816927223504
"3" 0.206031501455085 0.127775312999988 0 0.514285714285714 0.0571428571428572 0.802038219863897 0.127775312999988 0.488228785446716 0.285714285714286 0.361403161162101 0.715997947779524 0.435187034620795 0.872247858427071 0.514285714285714 0.688091118788131 0.574278606921194 0.849489642703915 0.631163486696415 0.802038219863897 0.945882591842677 1.09767844070277
"4" 0.695172860605511 0.404061017820884 0.514285714285714 0 0.517450579322138 0.291372543633873 0.582745087267747 0.18070158058105 0.41206300291017 0.526831111845308 0.361403161162101 0.526831111845308 0.511101251999952 0.727309832077592 0.517450579322138 0.808122035641769 0.582745087267747 0.777226886213454 0.983122887662014 0.864728340024089 0.87411763090162
"5" 0.242436610692531 0.161624407128354 0.0571428571428572 0.517450579322138 0 0.8 0.0808122035641769 0.471212071499161 0.242436610692531 0.307723703264829 0.69045976991969 0.383325938999964 0.84370417487048 0.457142857142857 0.646497628513415 0.517450579322138 0.81215259448868 0.574278606921194 0.745051703451731 0.894427190999916 1.05366222369062
"6" 0.986438657236118 0.695172860605511 0.802038219863897 0.291372543633873 0.8 0 0.859045507335595 0.361403161162101 0.651528814342365 0.742857142857143 0.333197251134017 0.715997947779524 0.404061017820884 0.921400885519834 0.571428571428571 0.999591753402052 0.542104741743151 0.937212540963241 1.1342533280731 0.894427190999916 0.808122035641769
"7" 0.255550625999976 0.242436610692531 0.127775312999988 0.582745087267747 0.0808122035641769 0.859045507335595 0 0.517450579322138 0.255550625999976 0.285714285714286 0.722806322324201 0.365892813567591 0.87037406924159 0.404061017820884 0.651528814342365 0.457142857142857 0.82412600582034 0.526831111845308 0.685714285714286 0.872247858427071 1.0505586463343
"8" 0.69045976991969 0.41206300291017 0.488228785446716 0.18070158058105 0.471212071499161 0.361403161162101 0.517450579322138 0 0.291372543633873 0.383325938999964 0.242436610692531 0.365892813567591 0.404061017820884 0.571428571428571 0.342857142857143 0.651528814342365 0.435187034620795 0.607436903584837 0.81215259448868 0.688091118788131 0.722806322324201
"9" 0.484873221385061 0.291372543633873 0.285714285714286 0.41206300291017 0.242436610692531 0.651528814342365 0.255550625999976 0.291372543633873 0 0.127775312999988 0.471212071499161 0.171428571428571 0.615447406529658 0.333197251134017 0.404061017820884 0.41206300291017 0.571428571428572 0.416006279387458 0.615447406529658 0.668839994898264 0.81215259448868
"10" 0.53908463611752 0.4 0.361403161162101 0.526831111845308 0.307723703264829 0.742857142857143 0.285714285714286 0.383325938999964 0.127775312999988 0 0.514285714285714 0.0808122035641769 0.63887656499994 0.206031501455085 0.383325938999964 0.285714285714286 0.562791874388349 0.291372543633873 0.488228785446716 0.588321722342114 0.768778516975641
"11" 0.921400885519834 0.651528814342365 0.715997947779524 0.361403161162101 0.69045976991969 0.333197251134017 0.722806322324201 0.242436610692531 0.471212071499161 0.514285714285714 0 0.460700442759917 0.161624407128354 0.651528814342365 0.242436610692531 0.722806322324201 0.228571428571429 0.63887656499994 0.82412600582034 0.562791874388349 0.517450579322138
"12" 0.618094504365255 0.460700442759917 0.435187034620795 0.526831111845308 0.383325938999964 0.715997947779524 0.365892813567591 0.365892813567591 0.171428571428571 0.0808122035641769 0.460700442759917 0 0.574278606921194 0.206031501455085 0.307723703264829 0.285714285714286 0.488228785446716 0.255550625999976 0.460700442759917 0.511101251999952 0.688091118788131
"13" 1.07816927223504 0.81215259448868 0.872247858427071 0.511101251999952 0.84370417487048 0.404061017820884 0.87037406924159 0.404061017820884 0.615447406529658 0.63887656499994 0.161624407128354 0.574278606921194 0 0.745051703451731 0.291372543633873 0.808122035641769 0.161624407128354 0.706818107248742 0.87037406924159 0.526831111845308 0.404061017820884
"14" 0.651528814342365 0.582745087267747 0.514285714285714 0.727309832077592 0.457142857142857 0.921400885519834 0.404061017820884 0.571428571428571 0.333197251134017 0.206031501455085 0.651528814342365 0.206031501455085 0.745051703451731 0 0.457142857142857 0.0808122035641769 0.631163486696415 0.127775312999988 0.291372543633873 0.526831111845308 0.766651877999928
"15" 0.888934239205945 0.666394502268034 0.688091118788131 0.517450579322138 0.646497628513415 0.571428571428571 0.651528814342365 0.342857142857143 0.404061017820884 0.383325938999964 0.242436610692531 0.307723703264829 0.291372543633873 0.457142857142857 0 0.517450579322138 0.18070158058105 0.416006279387458 0.588321722342114 0.347586430302755 0.41206300291017
"16" 0.695172860605511 0.651528814342365 0.574278606921194 0.808122035641769 0.517450579322138 0.999591753402052 0.457142857142857 0.651528814342365 0.41206300291017 0.285714285714286 0.722806322324201 0.285714285714286 0.808122035641769 0.0808122035641769 0.517450579322138 0 0.685714285714286 0.127775312999988 0.228571428571429 0.53908463611752 0.795907901553378
"17" 1.05366222369062 0.81215259448868 0.849489642703915 0.582745087267747 0.81215259448868 0.542104741743151 0.82412600582034 0.435187034620795 0.571428571428572 0.562791874388349 0.228571428571429 0.488228785446716 0.161624407128354 0.631163486696415 0.18070158058105 0.685714285714286 0 0.574278606921194 0.722806322324201 0.365892813567591 0.291372543633873
"18" 0.777226886213454 0.688091118788131 0.631163486696415 0.777226886213454 0.574278606921194 0.937212540963241 0.526831111845308 0.607436903584837 0.416006279387458 0.291372543633873 0.63887656499994 0.255550625999976 0.706818107248742 0.127775312999988 0.416006279387458 0.127775312999988 0.574278606921194 0 0.206031501455085 0.41206300291017 0.668839994898264
"19" 0.921400885519834 0.87411763090162 0.802038219863897 0.983122887662014 0.745051703451731 1.1342533280731 0.685714285714286 0.81215259448868 0.615447406529658 0.488228785446716 0.82412600582034 0.460700442759917 0.87037406924159 0.291372543633873 0.588321722342114 0.228571428571429 0.722806322324201 0.206031501455085 0 0.460700442759917 0.745051703451731
"20" 1.12703330990377 0.957888835099441 0.945882591842677 0.864728340024089 0.894427190999916 0.894427190999916 0.872247858427071 0.688091118788131 0.668839994898264 0.588321722342114 0.562791874388349 0.511101251999952 0.526831111845308 0.526831111845308 0.347586430302755 0.53908463611752 0.365892813567591 0.41206300291017 0.460700442759917 0 0.285714285714286
"21" 1.29551817700053 1.07816927223504 1.09767844070277 0.87411763090162 1.05366222369062 0.808122035641769 1.0505586463343 0.722806322324201 0.81215259448868 0.768778516975641 0.517450579322138 0.688091118788131 0.404061017820884 0.766651877999928 0.41206300291017 0.795907901553378 0.291372543633873 0.668839994898264 0.745051703451731 0.285714285714286 0
