"V1" "V2" "V3" "V4" "V5" "V6" "V7" "V8" "V9" "V10" "V11" "V12" "V13" "V14" "V15" "V16" "V17" "V18" "V19" "V20" "V21"
"1" 0 0.828251638196744 0.29694814766072 0.929541040234588 0.0769966168951779 0.554723901297364 0.711815720060683 0.588177168765864 0.4589416654125 0.946163334161198 1.03267077255137 0.431775855054916 0.105753645502728 0.397117076689509 0.858956538026167 0.36533242919206 0.359854639155515 0.864579837189082 0.417362563230973 0.335296937308215 0.781844438486575
"2" 0.828251638196744 0 0.570993470824968 0.913226095251414 0.756471644165913 1.00944144976802 0.865690877143727 0.364109946550856 0.39668724055799 0.876018925429544 0.652719761977128 1.05856420263784 0.734437611083436 0.436932209172345 0.874765113687536 0.620477725383524 0.564162375359279 0.550164550504107 0.424390108290691 0.495926522831706 0.45527704346096
"3" 0.29694814766072 0.570993470824968 0 0.959073637415932 0.22022020627333 0.734791345323494 0.782035086294521 0.442435781607123 0.176416109035435 0.956855116174598 0.938628792111912 0.674396580280568 0.191243635228456 0.143699969538713 0.892913361048356 0.376827124598986 0.322281380545491 0.772149912712745 0.242097908580989 0.108201270855192 0.668440412656856
"4" 0.929541040234588 0.913226095251414 0.959073637415932 0 0.922672515625705 0.521834680814719 0.231929153692511 0.606875425710218 0.930068683685412 0.0607171683814278 0.406081960654809 0.71657713126198 0.931930641164078 0.872776973221284 0.0706186617498935 0.593467344799597 0.638243860245025 0.384922867123136 0.748152417013217 0.863027048218149 0.459877354848468
"5" 0.0769966168951779 0.756471644165913 0.22022020627333 0.922672515625705 0 0.587683890823594 0.713485669888768 0.534295437614989 0.382583455260029 0.93445984299517 0.995669737939641 0.485348582835135 0.0300428597805088 0.322609564086406 0.852539130563608 0.339170260266743 0.320342441440175 0.826457438036265 0.353260617337614 0.261391517856036 0.737976121259098
"6" 0.554723901297364 1.00944144976802 0.734791345323494 0.521834680814719 0.587683890823594 0 0.301726023093005 0.64757201727502 0.806644504482919 0.566693728220232 0.82176656504351 0.201168028646435 0.610540123902859 0.729252824754242 0.461765889672602 0.408832968405442 0.475639006924005 0.698309581231754 0.641223031089724 0.684480338680074 0.686128288898076
"7" 0.711815720060683 0.865690877143727 0.782035086294521 0.231929153692511 0.713485669888768 0.301726023093005 0 0.513464680241611 0.787204867916926 0.268785226478837 0.533166173030865 0.488925281838512 0.726290237096841 0.719833443321466 0.165109045187978 0.405327471300658 0.462261470578421 0.434665534852305 0.601758698565167 0.697175363574869 0.456912363844138
"8" 0.588177168765864 0.364109946550856 0.442435781607123 0.606875425710218 0.534295437614989 0.64757201727502 0.513464680241611 0 0.346995846087192 0.584692414695337 0.497851909811477 0.715417159507528 0.523917857642513 0.312915079986089 0.554580610477343 0.282055349543821 0.24435392157082 0.334876097168278 0.200916096184432 0.334360326642284 0.227320935072723
"9" 0.4589416654125 0.39668724055799 0.176416109035435 0.930068683685412 0.382583455260029 0.806644504482919 0.787204867916926 0.346995846087192 0 0.916774305606672 0.837843720721947 0.785784675722131 0.356308580320956 0.0780497280967084 0.869819520404406 0.405509197174144 0.338685423313956 0.680003894161208 0.185597321751916 0.134112069876694 0.570081175833427
"10" 0.946163334161198 0.876018925429544 0.956855116174598 0.0607171683814278 0.93445984299517 0.566693728220232 0.268785226478837 0.584692414695337 0.916774305606672 0 0.346734388869984 0.757572979023949 0.941869402550376 0.863137790592669 0.104928036998225 0.599747579516027 0.639361384729841 0.337555986585838 0.737971990918094 0.857698470556035 0.420805703602146
"11" 1.03267077255137 0.652719761977128 0.938628792111912 0.406081960654809 0.995669737939641 0.82176656504351 0.533166173030865 0.497851909811477 0.837843720721947 0.346734388869984 0 0.982105966864358 0.992460554835386 0.810541487392805 0.41766815768539 0.669447228387688 0.675527495432659 0.169468229803366 0.696575181988196 0.830454752562859 0.270568588882962
"12" 0.431775855054916 1.05856420263784 0.674396580280568 0.71657713126198 0.485348582835135 0.201168028646435 0.488925281838512 0.715417159507528 0.785784675722131 0.757572979023949 0.982105966864358 0 0.513186633661325 0.708448634855531 0.653196380829731 0.438749091744125 0.495060318516793 0.841863513339896 0.650238802285169 0.653199606260872 0.807989847944395
"13" 0.105753645502728 0.734437611083436 0.191243635228456 0.931930641164078 0.0300428597805088 0.610540123902859 0.726290237096841 0.523917857642513 0.356308580320956 0.941869402550376 0.992460554835386 0.513186633661325 0 0.298842370665062 0.86209759900734 0.343588347121672 0.318960722216571 0.823033283967091 0.337729295421077 0.238547621832464 0.732057978479392
"14" 0.397117076689509 0.436932209172345 0.143699969538713 0.872776973221284 0.322609564086406 0.729252824754242 0.719833443321466 0.312915079986089 0.0780497280967084 0.863137790592669 0.810541487392805 0.708448634855531 0.298842370665062 0 0.810440148069914 0.33073373706135 0.264739392658054 0.647445338568185 0.125192584226754 0.0622870510472224 0.54015519167969
"15" 0.858956538026167 0.874765113687536 0.892913361048356 0.0706186617498935 0.852539130563608 0.461765889672602 0.165109045187978 0.554580610477343 0.869819520404406 0.104928036998225 0.41766815768539 0.653196380829731 0.86209759900734 0.810440148069914 0 0.524831105987673 0.571280025674324 0.366825415843056 0.686451506238901 0.798424165189206 0.427610203240474
"16" 0.36533242919206 0.620477725383524 0.376827124598986 0.593467344799597 0.339170260266743 0.408832968405442 0.405327471300658 0.282055349543821 0.405509197174144 0.599747579516027 0.669447228387688 0.438749091744125 0.343588347121672 0.33073373706135 0.524831105987673 0 0.0674566671993544 0.503007913917953 0.232614671857585 0.297415360818787 0.429891120142015
"17" 0.359854639155515 0.564162375359279 0.322281380545491 0.638243860245025 0.320342441440175 0.475639006924005 0.462261470578421 0.24435392157082 0.338685423313956 0.639361384729841 0.675527495432659 0.495060318516793 0.318960722216571 0.264739392658054 0.571280025674324 0.0674566671993544 0 0.506520451765387 0.165585428423028 0.235315065313605 0.422052780368882
"18" 0.864579837189082 0.550164550504107 0.772149912712745 0.384922867123136 0.826457438036265 0.698309581231754 0.434665534852305 0.334876097168278 0.680003894161208 0.337555986585838 0.169468229803366 0.841863513339896 0.823033283967091 0.647445338568185 0.366825415843056 0.503007913917953 0.506520451765387 0 0.530560255788023 0.664162612798273 0.111064409502868
"19" 0.417362563230973 0.424390108290691 0.242097908580989 0.748152417013217 0.353260617337614 0.641223031089724 0.601758698565167 0.200916096184432 0.185597321751916 0.737971990918094 0.696575181988196 0.650238802285169 0.337729295421077 0.125192584226754 0.686451506238901 0.232614671857585 0.165585428423028 0.530560255788023 0 0.133898728788845 0.426343003925519
"20" 0.335296937308215 0.495926522831706 0.108201270855192 0.863027048218149 0.261391517856036 0.684480338680074 0.697175363574869 0.334360326642284 0.134112069876694 0.857698470556035 0.830454752562859 0.653199606260872 0.238547621832464 0.0622870510472224 0.798424165189206 0.297415360818787 0.235315065313605 0.664162612798273 0.133898728788845 0 0.560239722995599
"21" 0.781844438486575 0.45527704346096 0.668440412656856 0.459877354848468 0.737976121259098 0.686128288898076 0.456912363844138 0.227320935072723 0.570081175833427 0.420805703602146 0.270568588882962 0.807989847944395 0.732057978479392 0.54015519167969 0.427610203240474 0.429891120142015 0.422052780368882 0.111064409502868 0.426343003925519 0.560239722995599 0
