"V1" "V2" "V3" "V4" "V5" "V6" "V7" "V8" "V9" "V10" "V11" "V12" "V13" "V14" "V15" "V16" "V17" "V18" "V19" "V20" "V21" "V22" "V23" "V24" "V25" "V26" "V27" "V28" "V29" "V30" "V31" "V32" "V33" "V34" "V35" "V36" "V37" "V38" "V39" "V40" "V41" "V42" "V43" "V44" "V45" "V46" "V47" "V48" "V49" "V50" "V51" "V52" "V53" "V54" "V55" "V56" "V57" "V58" "V59" "V60" "V61" "V62" "V63" "V64" "V65" "V66" "V67" "V68" "V69" "V70" "V71" "V72" "V73" "V74" "V75" "V76" "V77" "V78" "V79" "V80" "V81" "V82" "V83" "V84"
"1" 0 0.102564102564103 0.615384615384615 0.0725237724293895 0.261488180184245 0.362618862146947 0.515378236980558 0.566428770112167 0.617517670707297 0.770938275813995 0.873301864919303 0.924500327042049 0.145047544858779 0.229340305384594 0.522976360368491 0.826898230594723 0.299023174094631 0.48650425541052 0.784464540552736 0.885265461622157 0.552324595603539 0.697511308140279 0.845765256536956 0.945594303312091 0.261488180184245 0.441144885489365 0.527981032871128 0.762362499862487 0.512820512820513 0.598046348189262 0.97300851082104 0.584705346204686 0.895602522901178 0.413449115297362 0.512820512820513 0.739600261633639 0.527981032871128 0.584705346204686 0.728854892489841 0.897069522283892 1.03203137423067 0.515378236980558 0.552324595603539 0.598046348189262 0.882289770978731 0.584705346204686 0.834811312620498 0.953901294242988 0.995717325074236 0.634323942402717 0.688020916153781 1.06711036136845 1.10940039245046 0.668636144123349 0.674510073741841 0.684187900724427 0.8108404256842 0.979742214079118 0.719777889621446 0.746677937362104 0.78110493393476 1.05221971941965 1.09027136540868 1.21029986884164 0.770938275813995 0.8108404256842 0.834811312620498 0.876308076442824 0.895602522901178 0.917361221538375 1.02564102564103 1.12470318971596 0.873301864919303 0.908720263931762 1.19719154153115 1.26968393878358 0.924500327042049 0.945594303312091 0.97300851082104 1.13864632364998 1.20157687321641 1.26968393878358 1.10107233608122 1.34217972597973
"2" 0.102564102564103 0 0.512820512820513 0.0725237724293895 0.16216808513684 0.261488180184245 0.413449115297362 0.464378725032688 0.515378236980559 0.668636144123349 0.770938275813995 0.822113822660584 0.102564102564103 0.145047544858779 0.422882628268478 0.725237724293895 0.217571317288168 0.39055246696738 0.684187900724427 0.784464540552736 0.458680610769188 0.600241021062545 0.746677937362104 0.845765256536956 0.261488180184245 0.362618862146947 0.441144885489365 0.666666666666667 0.435142634576337 0.512820512820513 0.876308076442824 0.507666407005726 0.802691068846078 0.413449115297362 0.458680610769188 0.656730691018754 0.48650425541052 0.527981032871128 0.652713951864505 0.8108404256842 0.941413320547991 0.515378236980558 0.522976360368491 0.552324595603539 0.801051248810939 0.566428770112167 0.762362499862487 0.873301864919303 0.913050964859736 0.617517670707297 0.64867234054736 0.985096036528131 1.02564102564103 0.668636144123349 0.666666666666667 0.668636144123349 0.757170413345303 0.907272103228417 0.719777889621446 0.725237724293895 0.746677937362104 0.979742214079118 1.01533281401145 1.12937002797668 0.770938275813995 0.784464540552736 0.822113822660584 0.845765256536956 0.859643826371293 0.876308076442824 0.967587808416062 1.05720657067119 0.873301864919303 0.885265461622157 1.12937002797668 1.19719154153115 0.924500327042049 0.928757450065376 0.945594303312091 1.08179605690918 1.13864632364998 1.20157687321641 1.0572065706712 1.27381972803838
"3" 0.615384615384615 0.512820512820513 0 0.566428770112167 0.362618862146947 0.261488180184245 0.114670152692297 0.0725237724293895 0.0512820512820513 0.16216808513684 0.261488180184245 0.311936540015293 0.522976360368491 0.422882628268478 0.145047544858779 0.229340305384594 0.39055246696738 0.217571317288169 0.217571317288168 0.299023174094631 0.229340305384594 0.211441314134239 0.290095089717558 0.369800130816819 0.61964338326126 0.362618862146947 0.299023174094631 0.276162297801769 0.369800130816819 0.32433617027368 0.435142634576337 0.39055246696738 0.413449115297362 0.697511308140279 0.512820512820513 0.41025641025641 0.584705346204686 0.527981032871128 0.464378725032688 0.48650425541052 0.554700196225229 0.762362499862487 0.656730691018754 0.598046348189262 0.522976360368491 0.728854892489841 0.564102564102564 0.584705346204686 0.600241021062545 0.769230769230769 0.688020916153781 0.666666666666667 0.688020916153781 0.873301864919303 0.841088177787524 0.8108404256842 0.684187900724427 0.674510073741841 0.913050964859736 0.826898230594723 0.78110493393476 0.734247234014172 0.746677937362104 0.802691068846078 0.953901294242988 0.848868992679326 0.941413320547991 0.876308076442824 0.859643826371293 0.845765256536956 0.82051282051282 0.834811312620498 1.03838239647777 0.942809041582063 0.895602522901178 0.924500327042049 1.08179605690918 1.01013926172268 0.97300851082104 0.924500327042048 0.93580962004588 0.958027779090739 0.979742214079118 1.02178763308571
"4" 0.0725237724293895 0.0725237724293895 0.566428770112167 0 0.205128205128205 0.307692307692308 0.461538461538462 0.512820512820513 0.564102564102564 0.717948717948718 0.82051282051282 0.871794871794872 0.0725237724293895 0.16216808513684 0.464378725032688 0.770938275813995 0.229340305384594 0.422882628268478 0.725237724293895 0.826898230594723 0.48650425541052 0.634323942402717 0.784464540552736 0.885265461622157 0.205128205128205 0.369800130816819 0.458680610769188 0.697511308140279 0.441144885489365 0.527981032871128 0.908720263931762 0.512820512820513 0.828486893405308 0.358974358974359 0.441144885489365 0.668636144123349 0.458680610769188 0.512820512820513 0.656730691018754 0.826898230594723 0.963502268105433 0.461538461538462 0.48650425541052 0.527981032871128 0.8108404256842 0.522976360368491 0.762362499862487 0.882289770978731 0.924500327042048 0.573350763461485 0.61964338326126 0.995717325074236 1.03838239647777 0.615384615384615 0.617517670707297 0.623873080030587 0.739600261633639 0.907272103228417 0.666666666666667 0.684187900724427 0.714276321906878 0.979742214079118 1.01791965339893 1.13864632364998 0.717948717948718 0.746677937362104 0.776038253867772 0.8108404256842 0.828486893405308 0.848868992679326 0.953901294242988 1.05221971941965 0.82051282051282 0.845765256536956 1.12470318971596 1.19719154153115 0.871794871794872 0.885265461622157 0.908720263931762 1.06711036136845 1.12937002797668 1.19719154153115 1.03203137423067 1.26968393878358
"5" 0.261488180184245 0.16216808513684 0.362618862146947 0.205128205128205 0 0.102564102564103 0.256410256410256 0.307692307692308 0.358974358974359 0.512820512820513 0.615384615384615 0.666666666666667 0.16216808513684 0.0725237724293895 0.261488180184245 0.566428770112167 0.102564102564103 0.229340305384594 0.522976360368491 0.623873080030587 0.299023174094631 0.438154038221412 0.584705346204686 0.684187900724427 0.290095089717558 0.229340305384594 0.290095089717558 0.505069630861339 0.299023174094631 0.362618862146947 0.714276321906878 0.369800130816819 0.642562260827778 0.413449115297362 0.362618862146947 0.507666407005727 0.41025641025641 0.422882628268478 0.512820512820513 0.656730691018754 0.782786539614038 0.505069630861339 0.464378725032688 0.464378725032688 0.652713951864505 0.522976360368491 0.625977211063267 0.725237724293895 0.762362499862487 0.573350763461485 0.566428770112167 0.834811312620498 0.873301864919303 0.64867234054736 0.634323942402717 0.623873080030587 0.64867234054736 0.769230769230769 0.697511308140279 0.668636144123349 0.668636144123349 0.841088177787524 0.873301864919303 0.979742214079118 0.746677937362104 0.717948717948718 0.776038253867772 0.770938275813995 0.776038253867772 0.784464540552736 0.848868992679326 0.924500327042048 0.845765256536956 0.82051282051282 0.995717325074236 1.05720657067119 0.895602522901178 0.873301864919303 0.873301864919303 0.963502268105433 1.01144014991364 1.06711036136845 0.958027779090739 1.13864632364998
"6" 0.362618862146947 0.261488180184245 0.261488180184245 0.307692307692308 0.102564102564103 0 0.153846153846154 0.205128205128205 0.256410256410256 0.41025641025641 0.512820512820513 0.564102564102564 0.261488180184245 0.16216808513684 0.16216808513684 0.464378725032688 0.145047544858779 0.145047544858779 0.422882628268478 0.522976360368491 0.217571317288168 0.344010458076891 0.48650425541052 0.584705346204686 0.369800130816819 0.205128205128205 0.229340305384594 0.413449115297362 0.261488180184245 0.299023174094631 0.61964338326126 0.32433617027368 0.554700196225229 0.472797151656046 0.362618862146947 0.441144885489365 0.422882628268478 0.41025641025641 0.458680610769188 0.580190179435116 0.697511308140279 0.554700196225229 0.48650425541052 0.464378725032688 0.584705346204686 0.552324595603539 0.573350763461485 0.656730691018754 0.689929438311472 0.600241021062545 0.566428770112167 0.762362499862487 0.797761496723284 0.688020916153781 0.666666666666667 0.64867234054736 0.623873080030587 0.71243302509999 0.734247234014172 0.684187900724427 0.668636144123349 0.782786539614038 0.8108404256842 0.907272103228417 0.78110493393476 0.725237724293895 0.796111522885129 0.770938275813995 0.769230769230769 0.770938275813995 0.8108404256842 0.871794871794872 0.876308076442824 0.826898230594723 0.941413320547991 0.995717325074236 0.924500327042049 0.885265461622157 0.873301864919303 0.924500327042049 0.963502268105433 1.01144014991364 0.93580962004588 1.08179605690918
"7" 0.515378236980558 0.413449115297362 0.114670152692297 0.461538461538462 0.256410256410256 0.153846153846154 0 0.0512820512820513 0.102564102564103 0.256410256410256 0.358974358974359 0.41025641025641 0.413449115297362 0.311936540015293 0.0512820512820513 0.311936540015293 0.276162297801769 0.114670152692297 0.276162297801769 0.373338968681052 0.153846153846154 0.217571317288168 0.344010458076891 0.438154038221412 0.505069630861339 0.256410256410256 0.211441314134239 0.290095089717558 0.276162297801769 0.256410256410256 0.483793904208031 0.311936540015293 0.435142634576337 0.584705346204686 0.413449115297362 0.373338968681052 0.483793904208031 0.438154038221412 0.413449115297362 0.483793904208031 0.580190179435116 0.652713951864505 0.554700196225229 0.505069630861339 0.505069630861339 0.625977211063267 0.522976360368491 0.573350763461485 0.598046348189262 0.668636144123349 0.600241021062545 0.668636144123349 0.697511308140279 0.769230769230769 0.739600261633639 0.71243302509999 0.617517670707297 0.64867234054736 0.8108404256842 0.734247234014172 0.697511308140279 0.714276321906878 0.734247234014172 0.8108404256842 0.85350343472273 0.762362499862487 0.848868992679325 0.796111522885129 0.784464540552736 0.776038253867772 0.776038253867772 0.8108404256842 0.941413320547991 0.859643826371293 0.876308076442824 0.917361221538375 0.986429951880582 0.924500327042049 0.895602522901178 0.885265461622157 0.908720263931762 0.942809041582063 0.923076923076923 1.01013926172268
"8" 0.566428770112167 0.464378725032688 0.0725237724293895 0.512820512820513 0.307692307692308 0.205128205128205 0.0512820512820513 0 0.0512820512820513 0.205128205128205 0.307692307692308 0.358974358974359 0.464378725032688 0.362618862146947 0.0725237724293895 0.261488180184245 0.32433617027368 0.145047544858779 0.229340305384594 0.32433617027368 0.16216808513684 0.18490006540841 0.299023174094631 0.39055246696738 0.552324595603539 0.290095089717558 0.229340305384594 0.256410256410256 0.299023174094631 0.261488180184245 0.441144885489365 0.32433617027368 0.400525624405469 0.625977211063267 0.441144885489365 0.362618862146947 0.512820512820513 0.458680610769188 0.41025641025641 0.458680610769188 0.545135682704341 0.689929438311472 0.584705346204686 0.527981032871128 0.48650425541052 0.656730691018754 0.515378236980558 0.552324595603539 0.573350763461485 0.697511308140279 0.61964338326126 0.642562260827778 0.668636144123349 0.801051248810939 0.769230769230769 0.739600261633639 0.623873080030587 0.634323942402717 0.841088177787524 0.757170413345303 0.714276321906878 0.697511308140279 0.714276321906878 0.782786539614038 0.882289770978731 0.78110493393476 0.871794871794872 0.8108404256842 0.796111522885129 0.784464540552736 0.770938275813995 0.796111522885129 0.967587808416062 0.876308076442824 0.859643826371293 0.895602522901178 1.01144014991364 0.942809041582063 0.908720263931762 0.877807321467882 0.895602522901178 0.924500327042049 0.924500327042049 0.990420918760408
"9" 0.617517670707297 0.515378236980559 0.0512820512820513 0.564102564102564 0.358974358974359 0.256410256410256 0.102564102564103 0.0512820512820513 0 0.153846153846154 0.256410256410256 0.307692307692308 0.515378236980559 0.413449115297362 0.114670152692297 0.211441314134239 0.373338968681052 0.18490006540841 0.18490006540841 0.276162297801769 0.18490006540841 0.16216808513684 0.256410256410256 0.344010458076891 0.600241021062545 0.328365345509377 0.256410256410256 0.229340305384594 0.328365345509377 0.276162297801769 0.400525624405469 0.344010458076891 0.369800130816819 0.668636144123349 0.472797151656046 0.358974358974359 0.545135682704341 0.483793904208031 0.413449115297362 0.438154038221412 0.512820512820513 0.728854892489841 0.617517670707297 0.554700196225229 0.472797151656045 0.689929438311472 0.512820512820513 0.535400333790285 0.552324595603539 0.728854892489841 0.642562260827778 0.61964338326126 0.642562260827778 0.834811312620498 0.801051248810939 0.769230769230769 0.634323942402717 0.623873080030587 0.873301864919303 0.782786539614038 0.734247234014172 0.684187900724427 0.697511308140279 0.757170413345303 0.913050964859736 0.802691068846078 0.897069522283892 0.828486893405308 0.8108404256842 0.796111522885129 0.769230769230769 0.784464540552736 0.995717325074236 0.895602522901178 0.845765256536956 0.876308076442824 1.03838239647777 0.963502268105433 0.924500327042049 0.873301864919303 0.885265461622157 0.908720263931762 0.928757450065376 0.97300851082104
"10" 0.770938275813995 0.668636144123349 0.16216808513684 0.717948717948718 0.512820512820513 0.41025641025641 0.256410256410256 0.205128205128205 0.153846153846154 0 0.102564102564103 0.153846153846154 0.668636144123349 0.566428770112167 0.261488180184245 0.0725237724293895 0.522976360368491 0.32433617027368 0.102564102564103 0.145047544858779 0.299023174094631 0.18490006540841 0.16216808513684 0.217571317288168 0.746677937362104 0.458680610769188 0.369800130816819 0.211441314134239 0.441144885489365 0.362618862146947 0.299023174094631 0.435142634576337 0.311936540015293 0.802691068846078 0.584705346204686 0.39055246696738 0.656730691018754 0.580190179435116 0.458680610769188 0.41025641025641 0.438154038221412 0.85350343472273 0.728854892489841 0.652713951864505 0.464378725032688 0.801051248810939 0.535400333790285 0.512820512820513 0.515378236980558 0.834811312620498 0.728854892489841 0.573350763461485 0.584705346204686 0.945594303312091 0.907272103228417 0.870285269152674 0.688020916153781 0.617517670707297 0.979742214079118 0.873301864919303 0.8108404256842 0.666666666666667 0.668636144123349 0.697511308140279 1.01533281401145 0.882289770978731 0.98509603652813 0.897069522283892 0.871794871794872 0.848868992679325 0.784464540552736 0.769230769230769 1.09027136540868 0.967587808416062 0.822113822660584 0.834811312620498 1.12937002797668 1.03838239647777 0.986429951880582 0.877807321467882 0.871794871794872 0.877807321467882 0.958027779090739 0.93580962004588
"11" 0.873301864919303 0.770938275813995 0.261488180184245 0.82051282051282 0.615384615384615 0.512820512820513 0.358974358974359 0.307692307692308 0.256410256410256 0.102564102564103 0 0.0512820512820512 0.770938275813995 0.668636144123349 0.362618862146947 0.0725237724293895 0.623873080030587 0.422882628268478 0.145047544858779 0.102564102564103 0.39055246696738 0.256410256410256 0.16216808513684 0.16216808513684 0.845765256536956 0.552324595603539 0.458680610769188 0.256410256410256 0.527981032871128 0.441144885489365 0.261488180184245 0.512820512820513 0.311936540015293 0.895602522901178 0.668636144123349 0.441144885489365 0.739600261633639 0.656730691018754 0.512820512820513 0.422882628268478 0.413449115297362 0.941413320547991 0.8108404256842 0.728854892489841 0.48650425541052 0.882289770978731 0.573350763461485 0.522976360368491 0.515378236980558 0.913050964859736 0.797761496723284 0.564102564102564 0.566428770112167 1.02564102564103 0.985096036528131 0.945594303312091 0.739600261633639 0.634323942402717 1.0572065706712 0.942809041582063 0.873301864919303 0.674510073741841 0.668636144123349 0.674510073741841 1.09027136540868 0.945594303312091 1.05221971941965 0.953901294242988 0.924500327042048 0.897069522283892 0.8108404256842 0.776038253867772 1.16038035887023 1.02564102564103 0.822113822660584 0.822113822660584 1.19719154153115 1.09748382354014 1.03838239647777 0.895602522901178 0.877807321467882 0.871794871794872 0.990420918760409 0.924500327042049
"12" 0.924500327042049 0.822113822660584 0.311936540015293 0.871794871794872 0.666666666666667 0.564102564102564 0.41025641025641 0.358974358974359 0.307692307692308 0.153846153846154 0.0512820512820512 0 0.822113822660584 0.719777889621446 0.413449115297362 0.114670152692297 0.674510073741841 0.472797151656045 0.18490006540841 0.114670152692297 0.438154038221412 0.299023174094631 0.18490006540841 0.153846153846154 0.895602522901178 0.600241021062545 0.505069630861339 0.290095089717558 0.573350763461485 0.483793904208031 0.256410256410256 0.554700196225229 0.32433617027368 0.942809041582063 0.71243302509999 0.472797151656045 0.782786539614038 0.697511308140279 0.545135682704341 0.438154038221412 0.41025641025641 0.986429951880582 0.85350343472273 0.769230769230769 0.505069630861339 0.924500327042048 0.598046348189262 0.535400333790285 0.522976360368491 0.953901294242988 0.834811312620498 0.566428770112167 0.564102564102564 1.06711036136845 1.02564102564103 0.98509603652813 0.769230769230769 0.64867234054736 1.09748382354014 0.979742214079118 0.907272103228417 0.684187900724427 0.674510073741841 0.668636144123349 1.12937002797668 0.979742214079118 1.08785658644084 0.98509603652813 0.953901294242988 0.924500327042048 0.828486893405308 0.784464540552736 1.19719154153115 1.05720657067119 0.826898230594723 0.82051282051282 1.23290413129962 1.12937002797668 1.06711036136845 0.908720263931762 0.885265461622157 0.873301864919303 1.01013926172268 0.923076923076923
"13" 0.145047544858779 0.102564102564103 0.522976360368491 0.0725237724293895 0.16216808513684 0.261488180184245 0.413449115297362 0.464378725032688 0.515378236980559 0.668636144123349 0.770938275813995 0.822113822660584 0 0.102564102564103 0.41025641025641 0.717948717948718 0.16216808513684 0.362618862146947 0.668636144123349 0.770938275813995 0.422882628268478 0.573350763461485 0.725237724293895 0.826898230594723 0.16216808513684 0.299023174094631 0.39055246696738 0.634323942402717 0.369800130816819 0.458680610769188 0.845765256536956 0.441144885489365 0.762362499862487 0.311936540015293 0.369800130816819 0.598046348189262 0.39055246696738 0.441144885489365 0.584705346204686 0.757170413345303 0.895602522901178 0.413449115297362 0.422882628268478 0.458680610769188 0.739600261633639 0.464378725032688 0.689929438311472 0.8108404256842 0.85350343472273 0.515378236980559 0.552324595603539 0.924500327042049 0.967587808416062 0.566428770112167 0.564102564102564 0.566428770112167 0.668636144123349 0.834811312620498 0.617517670707297 0.623873080030587 0.64867234054736 0.907272103228417 0.945594303312091 1.06711036136845 0.668636144123349 0.684187900724427 0.719777889621446 0.746677937362104 0.762362499862487 0.78110493393476 0.882289770978731 0.979742214079118 0.770938275813995 0.784464540552736 1.05221971941965 1.12470318971596 0.822113822660584 0.826898230594723 0.845765256536956 0.995717325074236 1.05720657067119 1.12470318971596 0.963502268105433 1.19719154153115
"14" 0.229340305384594 0.145047544858779 0.422882628268478 0.16216808513684 0.0725237724293895 0.16216808513684 0.311936540015293 0.362618862146947 0.413449115297362 0.566428770112167 0.668636144123349 0.719777889621446 0.102564102564103 0 0.307692307692308 0.615384615384615 0.0725237724293895 0.261488180184245 0.566428770112167 0.668636144123349 0.32433617027368 0.472797151656045 0.623873080030587 0.725237724293895 0.217571317288168 0.217571317288168 0.299023174094631 0.535400333790285 0.290095089717558 0.369800130816819 0.746677937362104 0.362618862146947 0.666666666666667 0.344010458076891 0.32433617027368 0.512820512820513 0.362618862146947 0.39055246696738 0.507666407005726 0.668636144123349 0.802691068846078 0.438154038221412 0.41025641025641 0.422882628268478 0.656730691018754 0.464378725032688 0.617517670707297 0.728854892489841 0.769230769230769 0.515378236980559 0.522976360368491 0.841088177787524 0.882289770978731 0.584705346204686 0.573350763461485 0.566428770112167 0.61964338326126 0.762362499862487 0.634323942402717 0.615384615384615 0.623873080030587 0.834811312620498 0.870285269152674 0.98509603652813 0.684187900724427 0.668636144123349 0.719777889621446 0.725237724293895 0.734247234014172 0.746677937362104 0.826898230594723 0.913050964859736 0.784464540552736 0.770938275813995 0.985096036528131 1.05221971941965 0.834811312620498 0.82051282051282 0.826898230594723 0.941413320547991 0.995717325074236 1.0572065706712 0.924500327042049 1.12937002797668
"15" 0.522976360368491 0.422882628268478 0.145047544858779 0.464378725032688 0.261488180184245 0.16216808513684 0.0512820512820513 0.0725237724293895 0.114670152692297 0.261488180184245 0.362618862146947 0.413449115297362 0.41025641025641 0.307692307692308 0 0.307692307692308 0.261488180184245 0.0725237724293895 0.261488180184245 0.362618862146947 0.102564102564103 0.18490006540841 0.32433617027368 0.422882628268478 0.48650425541052 0.217571317288168 0.16216808513684 0.256410256410256 0.229340305384594 0.205128205128205 0.458680610769188 0.261488180184245 0.400525624405469 0.554700196225229 0.369800130816819 0.32433617027368 0.441144885489365 0.39055246696738 0.362618862146947 0.441144885489365 0.545135682704341 0.617517670707297 0.512820512820513 0.458680610769188 0.458680610769188 0.584705346204686 0.472797151656046 0.527981032871128 0.554700196225229 0.625977211063267 0.552324595603539 0.625977211063267 0.656730691018754 0.728854892489841 0.697511308140279 0.668636144123349 0.566428770112167 0.600241021062545 0.769230769230769 0.688020916153781 0.64867234054736 0.666666666666667 0.688020916153781 0.769230769230769 0.8108404256842 0.714276321906878 0.802691068846078 0.746677937362104 0.734247234014172 0.725237724293895 0.725237724293895 0.762362499862487 0.897069522283892 0.8108404256842 0.828486893405308 0.871794871794872 0.941413320547991 0.876308076442824 0.845765256536956 0.834811312620498 0.859643826371293 0.895602522901178 0.871794871794872 0.963502268105433
"16" 0.826898230594723 0.725237724293895 0.229340305384594 0.770938275813995 0.566428770112167 0.464378725032688 0.311936540015293 0.261488180184245 0.211441314134239 0.0725237724293895 0.0725237724293895 0.114670152692297 0.717948717948718 0.615384615384615 0.307692307692308 0 0.566428770112167 0.362618862146947 0.0725237724293895 0.0725237724293895 0.32433617027368 0.18490006540841 0.102564102564103 0.145047544858779 0.784464540552736 0.48650425541052 0.39055246696738 0.18490006540841 0.458680610769188 0.369800130816819 0.229340305384594 0.441144885489365 0.256410256410256 0.828486893405308 0.598046348189262 0.369800130816819 0.668636144123349 0.584705346204686 0.441144885489365 0.362618862146947 0.373338968681052 0.871794871794872 0.739600261633639 0.656730691018754 0.422882628268478 0.8108404256842 0.505069630861339 0.464378725032688 0.461538461538462 0.841088177787524 0.725237724293895 0.515378236980559 0.522976360368491 0.953901294242988 0.913050964859736 0.873301864919303 0.668636144123349 0.573350763461485 0.98509603652813 0.870285269152674 0.801051248810939 0.617517670707297 0.615384615384615 0.634323942402717 1.01791965339893 0.873301864919303 0.979742214079118 0.882289770978731 0.85350343472273 0.826898230594723 0.746677937362104 0.719777889621446 1.08785658644084 0.953901294242988 0.769230769230769 0.776038253867772 1.12470318971596 1.02564102564103 0.967587808416062 0.834811312620498 0.822113822660584 0.822113822660584 0.924500327042049 0.877807321467882
"17" 0.299023174094631 0.217571317288168 0.39055246696738 0.229340305384594 0.102564102564103 0.145047544858779 0.276162297801769 0.32433617027368 0.373338968681052 0.522976360368491 0.623873080030587 0.674510073741841 0.16216808513684 0.0725237724293895 0.261488180184245 0.566428770112167 0 0.205128205128205 0.512820512820513 0.615384615384615 0.261488180184245 0.413449115297362 0.566428770112167 0.668636144123349 0.229340305384594 0.145047544858779 0.229340305384594 0.472797151656046 0.217571317288168 0.299023174094631 0.684187900724427 0.290095089717558 0.600241021062545 0.328365345509377 0.261488180184245 0.441144885489365 0.307692307692308 0.32433617027368 0.435142634576337 0.598046348189262 0.734247234014172 0.413449115297362 0.362618862146947 0.362618862146947 0.584705346204686 0.422882628268478 0.545135682704341 0.656730691018754 0.697511308140279 0.472797151656046 0.464378725032688 0.769230769230769 0.8108404256842 0.552324595603539 0.535400333790285 0.522976360368491 0.552324595603539 0.689929438311472 0.600241021062545 0.566428770112167 0.566428770112167 0.762362499862487 0.797761496723284 0.913050964859736 0.64867234054736 0.615384615384615 0.674510073741841 0.668636144123349 0.674510073741841 0.684187900724427 0.757170413345303 0.841088177787524 0.746677937362104 0.717948717948718 0.913050964859736 0.979742214079118 0.796111522885129 0.770938275813995 0.770938275813995 0.871794871794872 0.924500327042048 0.98509603652813 0.859643826371293 1.05720657067119
"18" 0.48650425541052 0.39055246696738 0.217571317288169 0.422882628268478 0.229340305384594 0.145047544858779 0.114670152692297 0.145047544858779 0.18490006540841 0.32433617027368 0.422882628268478 0.472797151656045 0.362618862146947 0.261488180184245 0.0725237724293895 0.362618862146947 0.205128205128205 0 0.307692307692308 0.41025641025641 0.0725237724293895 0.211441314134239 0.362618862146947 0.464378725032688 0.422882628268478 0.145047544858779 0.102564102564103 0.276162297801769 0.16216808513684 0.16216808513684 0.48650425541052 0.205128205128205 0.413449115297362 0.483793904208031 0.299023174094631 0.299023174094631 0.369800130816819 0.32433617027368 0.32433617027368 0.435142634576337 0.554700196225229 0.545135682704341 0.441144885489365 0.39055246696738 0.441144885489365 0.512820512820513 0.438154038221412 0.512820512820513 0.545135682704341 0.554700196225229 0.48650425541052 0.617517670707297 0.652713951864505 0.656730691018754 0.625977211063267 0.598046348189262 0.512820512820513 0.573350763461485 0.697511308140279 0.61964338326126 0.584705346204686 0.642562260827778 0.668636144123349 0.762362499862487 0.739600261633639 0.64867234054736 0.734247234014172 0.684187900724427 0.674510073741841 0.668636144123349 0.684187900724427 0.734247234014172 0.826898230594723 0.746677937362104 0.802691068846078 0.85350343472273 0.871794871794872 0.8108404256842 0.784464540552736 0.796111522885129 0.828486893405308 0.871794871794872 0.822113822660584 0.941413320547991
"19" 0.784464540552736 0.684187900724427 0.217571317288168 0.725237724293895 0.522976360368491 0.422882628268478 0.276162297801769 0.229340305384594 0.18490006540841 0.102564102564103 0.145047544858779 0.18490006540841 0.668636144123349 0.566428770112167 0.261488180184245 0.0725237724293895 0.512820512820513 0.307692307692308 0 0.102564102564103 0.261488180184245 0.114670152692297 0.0725237724293895 0.16216808513684 0.725237724293895 0.422882628268478 0.32433617027368 0.114670152692297 0.39055246696738 0.299023174094631 0.217571317288168 0.369800130816819 0.211441314134239 0.762362499862487 0.527981032871128 0.299023174094631 0.598046348189262 0.512820512820513 0.369800130816819 0.307692307692308 0.344010458076891 0.802691068846078 0.668636144123349 0.584705346204686 0.362618862146947 0.739600261633639 0.438154038221412 0.41025641025641 0.413449115297362 0.769230769230769 0.652713951864505 0.472797151656046 0.48650425541052 0.882289770978731 0.841088177787524 0.801051248810939 0.598046348189262 0.515378236980558 0.913050964859736 0.797761496723284 0.728854892489841 0.564102564102564 0.566428770112167 0.600241021062545 0.945594303312091 0.801051248810939 0.907272103228417 0.8108404256842 0.782786539614038 0.757170413345303 0.684187900724427 0.666666666666667 1.01533281401145 0.882289770978731 0.719777889621446 0.734247234014172 1.05221971941965 0.953901294242988 0.897069522283892 0.776038253867772 0.769230769230769 0.776038253867772 0.859643826371293 0.834811312620498
"20" 0.885265461622157 0.784464540552736 0.299023174094631 0.826898230594723 0.623873080030587 0.522976360368491 0.373338968681052 0.32433617027368 0.276162297801769 0.145047544858779 0.102564102564103 0.114670152692297 0.770938275813995 0.668636144123349 0.362618862146947 0.0725237724293895 0.615384615384615 0.41025641025641 0.102564102564103 0 0.362618862146947 0.211441314134239 0.0725237724293895 0.0725237724293895 0.826898230594723 0.522976360368491 0.422882628268478 0.18490006540841 0.48650425541052 0.39055246696738 0.16216808513684 0.458680610769188 0.211441314134239 0.859643826371293 0.61964338326126 0.362618862146947 0.688020916153781 0.598046348189262 0.435142634576337 0.32433617027368 0.311936540015293 0.895602522901178 0.757170413345303 0.668636144123349 0.39055246696738 0.826898230594723 0.483793904208031 0.422882628268478 0.413449115297362 0.85350343472273 0.728854892489841 0.461538461538462 0.464378725032688 0.967587808416062 0.924500327042049 0.882289770978731 0.656730691018754 0.535400333790285 0.995717325074236 0.873301864919303 0.797761496723284 0.573350763461485 0.566428770112167 0.573350763461485 1.02564102564103 0.870285269152674 0.979742214079118 0.873301864919303 0.841088177787524 0.8108404256842 0.714276321906878 0.674510073741841 1.09027136540868 0.945594303312091 0.719777889621446 0.719777889621446 1.12470318971596 1.01791965339893 0.953901294242988 0.796111522885129 0.776038253867772 0.769230769230769 0.895602522901178 0.822113822660584
"21" 0.552324595603539 0.458680610769188 0.229340305384594 0.48650425541052 0.299023174094631 0.217571317288168 0.153846153846154 0.16216808513684 0.18490006540841 0.299023174094631 0.39055246696738 0.438154038221412 0.422882628268478 0.32433617027368 0.102564102564103 0.32433617027368 0.261488180184245 0.0725237724293895 0.261488180184245 0.362618862146947 0 0.153846153846154 0.307692307692308 0.41025641025641 0.464378725032688 0.16216808513684 0.0725237724293895 0.211441314134239 0.145047544858779 0.102564102564103 0.422882628268478 0.16216808513684 0.344010458076891 0.505069630861339 0.290095089717558 0.229340305384594 0.362618862146947 0.299023174094631 0.261488180184245 0.362618862146947 0.483793904208031 0.554700196225229 0.435142634576337 0.369800130816819 0.369800130816819 0.507666407005726 0.373338968681052 0.441144885489365 0.472797151656046 0.545135682704341 0.458680610769188 0.545135682704341 0.580190179435116 0.652713951864505 0.617517670707297 0.584705346204686 0.464378725032688 0.505069630861339 0.689929438311472 0.598046348189262 0.552324595603539 0.573350763461485 0.598046348189262 0.689929438311472 0.728854892489841 0.61964338326126 0.71243302509999 0.64867234054736 0.634323942402717 0.623873080030587 0.623873080030587 0.666666666666667 0.8108404256842 0.714276321906878 0.734247234014172 0.782786539614038 0.85350343472273 0.78110493393476 0.746677937362104 0.734247234014172 0.762362499862487 0.802691068846078 0.769230769230769 0.871794871794872
"22" 0.697511308140279 0.600241021062545 0.211441314134239 0.634323942402717 0.438154038221412 0.344010458076891 0.217571317288168 0.18490006540841 0.16216808513684 0.18490006540841 0.256410256410256 0.299023174094631 0.573350763461485 0.472797151656045 0.18490006540841 0.18490006540841 0.413449115297362 0.211441314134239 0.114670152692297 0.211441314134239 0.153846153846154 0 0.153846153846154 0.256410256410256 0.617517670707297 0.311936540015293 0.211441314134239 0.0725237724293895 0.276162297801769 0.18490006540841 0.276162297801769 0.256410256410256 0.217571317288168 0.64867234054736 0.413449115297362 0.211441314134239 0.483793904208031 0.400525624405469 0.276162297801769 0.276162297801769 0.362618862146947 0.688020916153781 0.554700196225229 0.472797151656045 0.311936540015293 0.625977211063267 0.362618862146947 0.373338968681052 0.39055246696738 0.656730691018754 0.545135682704341 0.458680610769188 0.483793904208031 0.769230769230769 0.728854892489841 0.689929438311472 0.505069630861339 0.464378725032688 0.801051248810939 0.689929438311472 0.625977211063267 0.522976360368491 0.535400333790285 0.598046348189262 0.834811312620498 0.697511308140279 0.801051248810939 0.71243302509999 0.688020916153781 0.666666666666667 0.617517670707297 0.623873080030587 0.907272103228417 0.782786539614038 0.684187900724427 0.714276321906878 0.945594303312091 0.85350343472273 0.802691068846078 0.717948717948718 0.725237724293895 0.746677937362104 0.784464540552736 0.8108404256842
"23" 0.845765256536956 0.746677937362104 0.290095089717558 0.784464540552736 0.584705346204686 0.48650425541052 0.344010458076891 0.299023174094631 0.256410256410256 0.16216808513684 0.16216808513684 0.18490006540841 0.725237724293895 0.623873080030587 0.32433617027368 0.102564102564103 0.566428770112167 0.362618862146947 0.0725237724293895 0.0725237724293895 0.307692307692308 0.153846153846154 0 0.102564102564103 0.770938275813995 0.464378725032688 0.362618862146947 0.114670152692297 0.422882628268478 0.32433617027368 0.145047544858779 0.39055246696738 0.153846153846154 0.796111522885129 0.552324595603539 0.290095089717558 0.61964338326126 0.527981032871128 0.362618862146947 0.261488180184245 0.276162297801769 0.828486893405308 0.688020916153781 0.598046348189262 0.32433617027368 0.757170413345303 0.413449115297362 0.362618862146947 0.358974358974359 0.782786539614038 0.656730691018754 0.413449115297362 0.422882628268478 0.897069522283892 0.85350343472273 0.8108404256842 0.584705346204686 0.472797151656045 0.924500327042048 0.801051248810939 0.725237724293895 0.515378236980558 0.512820512820513 0.535400333790285 0.953901294242988 0.797761496723284 0.907272103228417 0.801051248810939 0.769230769230769 0.739600261633639 0.64867234054736 0.617517670707297 1.01791965339893 0.873301864919303 0.666666666666667 0.674510073741841 1.05221971941965 0.945594303312091 0.882289770978731 0.734247234014172 0.719777889621446 0.719777889621446 0.828486893405308 0.776038253867772
"24" 0.945594303312091 0.845765256536956 0.369800130816819 0.885265461622157 0.684187900724427 0.584705346204686 0.438154038221412 0.39055246696738 0.344010458076891 0.217571317288168 0.16216808513684 0.153846153846154 0.826898230594723 0.725237724293895 0.422882628268478 0.145047544858779 0.668636144123349 0.464378725032688 0.16216808513684 0.0725237724293895 0.41025641025641 0.256410256410256 0.102564102564103 0 0.873301864919303 0.566428770112167 0.464378725032688 0.211441314134239 0.522976360368491 0.422882628268478 0.102564102564103 0.48650425541052 0.18490006540841 0.895602522901178 0.64867234054736 0.369800130816819 0.714276321906878 0.61964338326126 0.441144885489365 0.299023174094631 0.256410256410256 0.924500327042049 0.78110493393476 0.688020916153781 0.369800130816819 0.848868992679326 0.472797151656045 0.39055246696738 0.373338968681052 0.871794871794872 0.739600261633639 0.413449115297362 0.41025641025641 0.986429951880582 0.941413320547991 0.897069522283892 0.652713951864505 0.505069630861339 1.01144014991364 0.882289770978731 0.801051248810939 0.535400333790285 0.522976360368491 0.515378236980558 1.03838239647777 0.873301864919303 0.98509603652813 0.870285269152674 0.834811312620498 0.801051248810939 0.688020916153781 0.634323942402717 1.09748382354014 0.942809041582063 0.674510073741841 0.666666666666667 1.12937002797668 1.01533281401145 0.945594303312091 0.762362499862487 0.734247234014172 0.719777889621446 0.871794871794872 0.769230769230769
"25" 0.261488180184245 0.261488180184245 0.61964338326126 0.205128205128205 0.290095089717558 0.369800130816819 0.505069630861339 0.552324595603539 0.600241021062545 0.746677937362104 0.845765256536956 0.895602522901178 0.16216808513684 0.217571317288168 0.48650425541052 0.784464540552736 0.229340305384594 0.422882628268478 0.725237724293895 0.826898230594723 0.464378725032688 0.617517670707297 0.770938275813995 0.873301864919303 0 0.307692307692308 0.41025641025641 0.666666666666667 0.362618862146947 0.464378725032688 0.873301864919303 0.422882628268478 0.776038253867772 0.153846153846154 0.299023174094631 0.584705346204686 0.290095089717558 0.369800130816819 0.552324595603539 0.746677937362104 0.895602522901178 0.256410256410256 0.299023174094631 0.362618862146947 0.714276321906878 0.32433617027368 0.642562260827778 0.78110493393476 0.828486893405308 0.373338968681052 0.441144885489365 0.895602522901178 0.942809041582063 0.41025641025641 0.413449115297362 0.422882628268478 0.580190179435116 0.782786539614038 0.461538461538462 0.48650425541052 0.527981032871128 0.85350343472273 0.897069522283892 1.03203137423067 0.512820512820513 0.552324595603539 0.573350763461485 0.61964338326126 0.642562260827778 0.668636144123349 0.797761496723284 0.913050964859736 0.615384615384615 0.64867234054736 0.98509603652813 1.06711036136845 0.666666666666667 0.684187900724427 0.714276321906878 0.907272103228417 0.979742214079118 1.05720657067119 0.85350343472273 1.12937002797668
"26" 0.441144885489365 0.362618862146947 0.362618862146947 0.369800130816819 0.229340305384594 0.205128205128205 0.256410256410256 0.290095089717558 0.328365345509377 0.458680610769188 0.552324595603539 0.600241021062545 0.299023174094631 0.217571317288168 0.217571317288168 0.48650425541052 0.145047544858779 0.145047544858779 0.422882628268478 0.522976360368491 0.16216808513684 0.311936540015293 0.464378725032688 0.566428770112167 0.307692307692308 0 0.102564102564103 0.358974358974359 0.0725237724293895 0.16216808513684 0.566428770112167 0.145047544858779 0.472797151656045 0.344010458076891 0.16216808513684 0.299023174094631 0.229340305384594 0.205128205128205 0.290095089717558 0.458680610769188 0.600241021062545 0.400525624405469 0.299023174094631 0.261488180184245 0.441144885489365 0.369800130816819 0.400525624405469 0.512820512820513 0.554700196225229 0.413449115297362 0.362618862146947 0.625977211063267 0.668636144123349 0.512820512820513 0.483793904208031 0.458680610769188 0.422882628268478 0.545135682704341 0.554700196225229 0.48650425541052 0.464378725032688 0.617517670707297 0.652713951864505 0.769230769230769 0.598046348189262 0.522976360368491 0.600241021062545 0.566428770112167 0.564102564102564 0.566428770112167 0.61964338326126 0.697511308140279 0.688020916153781 0.623873080030587 0.769230769230769 0.834811312620498 0.734247234014172 0.684187900724427 0.668636144123349 0.734247234014172 0.782786539614038 0.841088177787524 0.734247234014172 0.913050964859736
