"V1" "V2" "V3" "V4" "V5" "V6" "V7" "V8" "V9" "V10" "V11" "V12" "V13" "V14" "V15" "V16" "V17" "V18" "V19" "V20" "V21" "V22" "V23" "V24" "V25" "V26" "V27" "V28" "V29" "V30" "V31" "V32" "V33" "V34" "V35" "V36" "V37" "V38" "V39" "V40" "V41" "V42" "V43" "V44" "V45" "V46" "V47" "V48" "V49" "V50" "V51" "V52" "V53" "V54" "V55" "V56" "V57" "V58" "V59" "V60" "V61" "V62" "V63" "V64" "V65" "V66" "V67" "V68" "V69" "V70" "V71" "V72" "V73" "V74" "V75" "V76" "V77" "V78" "V79" "V80" "V81" "V82" "V83" "V84"
"1" 0 0.73904065410534 0.649590987360207 0.199396964901943 0.304921476391329 0.587283039913242 0.783905981996723 0.87848544389532 0.210143126659699 0.0779996424664485 0.237035858741249 0.0586540342870761 0.805966252934858 0.4479380085539 0.725554335811008 0.624698186034973 0.162681235515587 0.607587999861267 0.133197105575658 0.64430713476601 0.176114463447281 0.753426476744637 0.272484628015633 0.419077955016239 0.19890889251218 0.260659967202807 0.664160170361498 0.50575124719648 0.870471377382406 0.726647957781903 0.174088354685872 0.630269100583 0.772899617764591 0.569379064851257 0.682557056987271 0.398660138173615 0.768807636857154 0.376166721753054 0.581255267644108 0.87174403538886 0.36487146279061 0.738200932443761 0.227166895766574 0.681278733970505 0.644617035780439 0.311851590152478 0.631536692704544 0.123048489209607 0.292328164807798 0.60052121111577 0.277715000486846 0.603994146861417 0.687772451104425 0.593157836467275 0.473356899038699 0.543229981787971 0.352253781898754 0.546244874805413 0.574928860739795 0.605627778876492 0.511341197485663 0.425649468485682 0.339625796893781 0.744950590637166 0.517109202312362 0.0884002376983809 0.79168287594128 0.275316639447566 0.6562827198689 0.0656333613834052 0.192767435370676 0.71995554589828 0.531010273217665 0.605118385149892 0.88702722546185 0.129792496467124 0.550612952651074 0.600027942474336 0.801171027585035 0.451674752752223 0.760951993700963 0.380935880851304 0.2251988763433 0.561172441451812
"2" 0.73904065410534 0 0.547158980309099 0.895497624519672 0.728387425562352 0.889788692912113 0.459690142935203 0.289408047533014 0.75542771413046 0.747501281917344 0.697691574655451 0.768678074704566 0.481954169780941 0.363810278721101 0.522131435192114 0.295513795253706 0.602235022827598 0.957648192147137 0.655718695174473 0.885920654780494 0.569506788433609 0.583766789520652 0.503138875003554 0.64827793656619 0.900115165692539 0.703066993102441 0.343688023724444 0.458474537807429 0.449772412735476 0.663356587350229 0.792715491326641 0.529473355578835 0.355141613011691 0.235697375993184 0.410260239479601 0.592802281781887 0.310272291298653 0.682909988659078 0.279137392732123 0.480059766456575 0.503687311298897 0.53611494653785 0.80074067681677 0.0577929361367768 0.341777240271697 0.443554904779652 0.261761707121818 0.650602417848699 0.464214937503669 0.548744512308261 0.539432411485954 0.451724564365132 0.891111686422565 0.859756862315033 0.594353843543855 0.351810395192788 0.529273050049172 0.212158952932958 0.164448440559092 0.500687816111153 0.339752568177069 0.4966709872447 0.407554929217022 0.415963398276489 0.262341406078205 0.781558871874427 0.382709970698554 0.818580761660731 0.309942004946991 0.742098257252263 0.605781577993398 0.178297142814349 0.209475998677558 0.605662901049759 0.3525203310707 0.839481656705498 0.480864967622856 0.288289938586393 0.291506559010597 0.913323305049235 0.594370627789702 0.765250235514602 0.588075255243034 0.187539505771244
"3" 0.649590987360207 0.547158980309099 0 0.683719951879342 0.851072916976303 1.1179943016181 0.934975942830423 0.832262527461591 0.805971224902059 0.710368895894848 0.445861275855177 0.634480793625109 0.961016574590053 0.633971327926258 0.0904124185926639 0.25214363871767 0.627542700005864 1.16558856265236 0.669846079374113 1.14860614634987 0.580672654415565 1.01089065760271 0.612860170080451 0.868467287928555 0.692240691808687 0.430831712859692 0.2077163094887 0.776874675357351 0.961510771459109 1.05282898653291 0.570180619012486 0.0237093505056755 0.85095586262038 0.338390976843744 0.149874194643171 0.259075354182797 0.814335523216989 0.326017927307022 0.673577876075541 0.985268917957488 0.292630290324209 0.969689143304835 0.842694172024173 0.517609667466629 0.206085283627776 0.563447624776647 0.697641095404786 0.653672320762474 0.570961716644783 0.90609292534724 0.379039060642615 0.835363195084625 1.17575287433892 1.10469807884959 0.190818708901793 0.224704852477946 0.299577901341351 0.400066847851315 0.472940230124974 0.0588092662995924 0.261296193461575 0.229904465454564 0.533904744462535 0.187200433898434 0.35359606241653 0.73401819679186 0.256834821028618 0.521879999998465 0.754784805164745 0.604340812102781 0.457976994481882 0.382294699482145 0.493154603687942 0.949305654201673 0.888312749398602 0.666337043994657 0.113237004043243 0.697405527030223 0.812511745370777 1.04646836729567 1.02192105540743 0.922592587523895 0.675880362969427 0.427780839350713
"4" 0.199396964901943 0.895497624519672 0.683719951879342 0 0.484266003900519 0.750079972360296 0.981793581573101 1.0628261266247 0.380417270848221 0.256303157170811 0.240998753646337 0.145069829111962 1.00421999925408 0.638091197667428 0.770217844263071 0.728892531576886 0.359517597798084 0.757264094453257 0.332374752753222 0.813380324315066 0.363486418574911 0.952583572738336 0.465796197126001 0.611832903674705 0.00921838729505352 0.253316836711074 0.754279216674775 0.704556014613606 1.06645169955162 0.923200203845988 0.116335924513184 0.669303602690662 0.966269095344309 0.69742095034252 0.755595875679437 0.426728478386825 0.959324950692869 0.362461362470887 0.769122958318071 1.0689252205539 0.442980353025874 0.937595460723189 0.379353375439732 0.838153596017159 0.735857009971299 0.496192405536018 0.81904963297187 0.322386700338746 0.478373806412313 0.799536338679373 0.371957119203087 0.802764947949755 0.859824598974543 0.762425304127355 0.493080850279422 0.640745715725169 0.421518470224906 0.689650625794075 0.731969591656632 0.653391359071413 0.618372407019265 0.491377285379081 0.517607705728661 0.818192826729429 0.650278263874516 0.24069754708178 0.87540080632405 0.178506384114021 0.848067817298715 0.16190520912489 0.292683805385578 0.845667404237376 0.694581071252493 0.802439269925827 1.07647644695156 0.0696182368009788 0.606591834577908 0.789407403350116 0.989346396519815 0.590557714345812 0.96000491461002 0.554345051345944 0.424541407860877 0.709879667842421
"5" 0.304921476391329 0.728387425562352 0.851072916976303 0.484266003900519 0 0.287555988660383 0.589158924775709 0.76183846186429 0.105136029952379 0.2315474285822 0.519720012574418 0.362013192688338 0.605157324474913 0.365793393052118 0.908771217620843 0.737612320133691 0.22723432635557 0.320469942637858 0.199063652184204 0.340324866015072 0.272194249290479 0.512622711453131 0.254018709245468 0.148177709250792 0.480514349503943 0.543721990869243 0.793977866984707 0.327142799401206 0.689193055762677 0.459162888827009 0.478920081835272 0.828441070500362 0.617370239574666 0.648438930687236 0.834533188830225 0.636757995159641 0.630917295862873 0.645536789492444 0.481351058819358 0.679640129417222 0.562515887929736 0.512347075784152 0.124785491993461 0.676810743256902 0.775150396047313 0.316662147394562 0.525445726828715 0.216732059331243 0.300816533524117 0.365458004470547 0.483269727499958 0.411314830383725 0.38296123474899 0.289408880329087 0.707498826707985 0.679008780718118 0.562437682066202 0.597338044360628 0.586966301593042 0.7969168434243 0.638064650418832 0.62362385471573 0.355881870475996 0.890448192652837 0.595939402987101 0.243579867388995 0.917961279655486 0.579109690803972 0.522866039431353 0.368989407916446 0.427618027631815 0.781936045684091 0.533524412031455 0.347971348812275 0.745813529693898 0.419162706511537 0.739382342812171 0.488798322505206 0.672826658684074 0.200314064739587 0.517409848516058 0.0782549260647426 0.176676127566203 0.596992453896635
"6" 0.587283039913242 0.889788692912113 1.1179943016181 0.750079972360296 0.287555988660383 0 0.590492335583824 0.828118417503744 0.377570878885745 0.510594521826334 0.80726112567479 0.642099841725231 0.594777612364792 0.543162407478682 1.16721889075193 0.97175659726141 0.509653062636029 0.0725449595469531 0.486375125536471 0.0720666857735401 0.55145227427658 0.457636446069778 0.505240027635663 0.256815276087633 0.744836627940807 0.831272232782438 1.03305549598304 0.431599077364359 0.691127931993459 0.361831749315376 0.760846673625297 1.0947150623831 0.663008643454217 0.87247326917511 1.08197485372416 0.91853909794753 0.693917464508358 0.932164260465332 0.612258734400912 0.668579608642165 0.837137925087035 0.483897816673586 0.3709559744454 0.848274997918216 1.01550947528715 0.558338343247294 0.640730796865041 0.50398333880961 0.548362796784698 0.371763672991431 0.762903933956515 0.463686613037066 0.12188944372055 0.0402393462148771 0.987197756155585 0.92695790284094 0.840053238012496 0.811895667393204 0.780373752417479 1.06154985361407 0.884844365343351 0.895994573428639 0.592692914764267 1.13276580622488 0.824757542919364 0.514788326689578 1.14970510725297 0.862598362349845 0.612127447711015 0.652543535118889 0.713252091525969 0.985876225195177 0.728864460478772 0.319230779228705 0.787926170070542 0.690455290825085 1.00488146992904 0.607738216744907 0.739192010702698 0.183573264646048 0.456032713699392 0.209301728482457 0.44749114287404 0.803163876382625
"7" 0.783905981996723 0.459690142935203 0.934975942830423 0.981793581573101 0.589158924775709 0.590492335583824 0 0.261194194145466 0.673110324746122 0.74581604112966 0.878264448923503 0.8367582887199 0.0263917542824729 0.362211236733677 0.93806849678639 0.698142401304013 0.62227777984231 0.662642412841174 0.654290766888146 0.55426559323507 0.623025237774092 0.151216206587643 0.518701148833105 0.446142881454164 0.982149030883906 0.894972660326915 0.760074331531372 0.27971397086573 0.102993272092379 0.2535126287002 0.918249764707789 0.912889554039677 0.108178680208334 0.598816524199875 0.826686497145836 0.867538916956227 0.154089603984626 0.934783552155533 0.266602629821042 0.0907307312498675 0.761019793381497 0.110459999288836 0.708074285865967 0.452893665948769 0.750693856153092 0.504364143532171 0.237338491210602 0.661565513898597 0.51728182248133 0.232756307671526 0.741173399356329 0.182727999884409 0.537644680402221 0.551359323367499 0.904322400136123 0.710754382570357 0.780504135595684 0.535029339767323 0.463604362108022 0.878593294468937 0.677407753867682 0.790419019384024 0.50005841578105 0.850362071877259 0.582353548779103 0.774712563926614 0.831139587539638 0.988850169697159 0.180533525128599 0.82340692782807 0.759176733155103 0.625614922169359 0.442892474910538 0.274884866491096 0.204884230545284 0.912769103766128 0.838089071549824 0.241564888234782 0.189133318341208 0.699112248438789 0.158844968921531 0.575736653054966 0.560470316272665 0.50805462733133
"8" 0.87848544389532 0.289408047533014 0.832262527461591 1.0628261266247 0.76183846186429 0.828118417503744 0.261194194145466 0 0.824103437374272 0.861759469789275 0.905272837339282 0.921926764374843 0.271880738643028 0.432504255487892 0.811300472375602 0.580255791633958 0.719504526571787 0.900597024942465 0.76474124292454 0.801091717189468 0.703009780014606 0.412108495739857 0.608247541652933 0.637785427139433 1.06538893194499 0.916291343819367 0.632020884831178 0.436100196972301 0.198140560816463 0.512850076070692 0.97662950232366 0.813377320804726 0.166301868711911 0.503124360423265 0.699061757109103 0.839750201548029 0.135374941418584 0.922842740690369 0.29841049622995 0.233021398632021 0.739176720649062 0.368775580375558 0.865656912965882 0.31491714312116 0.628813294972674 0.567709314679728 0.248328793518389 0.766268762303534 0.586572513318375 0.456429109616218 0.749953260039857 0.369340962861179 0.790032624694385 0.79092446628681 0.855717466930552 0.623971761514572 0.763170629439735 0.456344228714186 0.383885385667161 0.782804568848745 0.60269182447346 0.748206574776461 0.545381097569691 0.704983432652151 0.511070505408735 0.894595012250109 0.668093040114151 1.02526442929149 0.239058280472209 0.901185743499846 0.795570232844037 0.467042593544574 0.395297513594218 0.509608502192469 0.0726391375190022 0.99822790624711 0.756401830786811 0.282491066293153 0.090565888464241 0.908800539784194 0.420002929221932 0.770140622214634 0.676795509624114 0.426347803285
"9" 0.210143126659699 0.75542771413046 0.805971224902059 0.380417270848221 0.105136029952379 0.377570878885745 0.673110324746122 0.824103437374272 0 0.133028388997513 0.438315469017291 0.264542399064456 0.691068724176985 0.404696738667603 0.871127787312159 0.722542214527547 0.183263869170957 0.398129265739586 0.136187268027909 0.436513528900019 0.230379085543701 0.608619824128536 0.254741030338214 0.246600355809999 0.376364848273058 0.462445895102 0.774025845510957 0.399588670826499 0.770330066917445 0.561043228479419 0.38330199367551 0.784314928490986 0.689765948163061 0.642988530226377 0.807344226487888 0.574858381202882 0.697967383856509 0.571330407665787 0.532146452041057 0.763823658359118 0.513440050554756 0.604325650921894 0.0454118055623526 0.700664335495218 0.754622748720338 0.317953804622151 0.579739601593656 0.152347494229822 0.298532842988727 0.457985328874629 0.428579409282128 0.491450197760222 0.481475990051499 0.385301813769714 0.648188846962202 0.654684629438411 0.508980686750494 0.600000181915341 0.602738575847584 0.754933588803992 0.615850761497589 0.576083931055134 0.357232320343369 0.866331531984358 0.588997099784244 0.14004057155118 0.901038541945819 0.485278923448533 0.586252894704449 0.275683170510961 0.360597579192584 0.785331351935168 0.550705548502989 0.446506826908255 0.815526986964646 0.316633244909895 0.697450747399141 0.543738174415778 0.737522551293013 0.248465359929659 0.614145821662354 0.174437176557262 0.168328275799336 0.604902424532995
"10" 0.0779996424664485 0.747501281917344 0.710368895894848 0.256303157170811 0.2315474285822 0.510594521826334 0.74581604112966 0.861759469789275 0.133028388997513 0 0.312743558164199 0.131584560580485 0.766528623586955 0.429424071918577 0.782642565073324 0.663028665710895 0.146448317937965 0.529720750381612 0.0970488667572897 0.568902691935092 0.17912824013344 0.702753765721991 0.255145208675132 0.355649921891797 0.253620026469871 0.336637397256397 0.707421887517448 0.466106167513936 0.836843121555399 0.668227300684741 0.250278279635997 0.690084810569706 0.744820822301592 0.597752746133594 0.731618169294072 0.465594646395479 0.745195070619327 0.450164408392493 0.563402135974338 0.835264071432984 0.420294632565402 0.691403138818687 0.149485592040725 0.690285002707895 0.687783027109555 0.306604769428266 0.613431228968834 0.0978090288753053 0.285935643297325 0.549488323708406 0.33252963579717 0.563599400365448 0.613181264987595 0.517694631083289 0.540213615324994 0.586024612585142 0.41087462573167 0.566611391686387 0.585766571064345 0.663526840437386 0.55103767933701 0.482589232060498 0.340360310008019 0.793085304621011 0.544078358168597 0.0341048684131215 0.835553252075675 0.352388735809447 0.63182849190726 0.143571753169905 0.253108767028824 0.74673176897626 0.538028654238108 0.548458472695777 0.86404118037788 0.18898436740254 0.60722232170283 0.579835099791742 0.780466024297309 0.373904342123438 0.709593341446057 0.305855238039535 0.187779586321732 0.577899189640977
"11" 0.237035858741249 0.697691574655451 0.445861275855177 0.240998753646337 0.519720012574418 0.80726112567479 0.878264448923503 0.905272837339282 0.438315469017291 0.312743558164199 0 0.202243315206925 0.903293985877807 0.516197611610549 0.530763810430732 0.496729476001387 0.309708106572713 0.835131744789955 0.321614835225385 0.857902373358146 0.281368807364862 0.885853926427956 0.376311054904015 0.603099072410139 0.24902149960221 0.0241406102232467 0.516866226252972 0.622611924020806 0.947945247520093 0.882924502026393 0.125214022003363 0.430272883139572 0.838572121960495 0.479999457208618 0.515093959081838 0.187061667090965 0.821629979190293 0.140834695053049 0.631433297565995 0.957641506603495 0.209743664979585 0.859953222798203 0.46172905294346 0.642615468687501 0.498962555711574 0.374970392294835 0.677858240606297 0.304262093301059 0.364439115672982 0.741063496297404 0.158709587285374 0.715025982938089 0.897522754327389 0.807635686088791 0.256946486663422 0.407721971605987 0.18598416596965 0.48577147018618 0.540985145810485 0.412965784514895 0.390554785087987 0.252180822406278 0.378963718044192 0.577526489724865 0.439028458915302 0.325019269823481 0.635782363495801 0.121353311983727 0.718831582690267 0.176478160080701 0.119664023740983 0.622507898100014 0.514280132605915 0.761072363525133 0.932133875599521 0.221068068187423 0.365593468056437 0.655068507644726 0.843652649844841 0.685282971718856 0.895109406154908 0.597966017761511 0.382759629907085 0.510434476875013
"12" 0.0586540342870761 0.768678074704566 0.634480793625109 0.145069829111962 0.362013192688338 0.642099841725231 0.8367582887199 0.921926764374843 0.264542399064456 0.131584560580485 0.202243315206925 0 0.859249069799334 0.494470091076918 0.714293887660006 0.632789430397839 0.214510202949908 0.659719527270116 0.190555419393094 0.700403122842503 0.21981999824377 0.810085254796193 0.321081538459785 0.477727889864836 0.145858328976054 0.224379757145669 0.667465355343518 0.559869486823879 0.92149795230904 0.784802200615574 0.119136586479707 0.616470382709608 0.821887193525165 0.58625826574843 0.680126233002341 0.377921460442672 0.815857211012627 0.343062070744738 0.626480692120263 0.923857131726405 0.359887663108043 0.793878679006182 0.276856374771916 0.710924979403528 0.648172812663019 0.354255225707532 0.676600300148623 0.179053440169809 0.335747688923344 0.657442419816618 0.276210631222723 0.658028201522326 0.744429670857662 0.649202902975276 0.451698708881885 0.548152522585654 0.343778965974923 0.569365079265543 0.604241680521331 0.594296717217953 0.519484529192692 0.417648194560995 0.378341679907183 0.743017051924324 0.535691913306747 0.131612928876273 0.79356083874074 0.221844300956864 0.70411067540019 0.0311046043615054 0.189282136011137 0.736783075507775 0.563180707963706 0.663087782785807 0.93346187432629 0.0768651111783493 0.541291379579645 0.64622533258885 0.84677838840734 0.500514513269425 0.817764863131709 0.437207178464279 0.280875383169475 0.586685695312337
"13" 0.805966252934858 0.481954169780941 0.961016574590053 1.00421999925408 0.605157324474913 0.594777612364792 0.0263917542824729 0.271880738643028 0.691068724176985 0.766528623586955 0.903293985877807 0.859249069799334 0 0.38746022039061 0.9635831646568 0.723593645402761 0.644739403126084 0.66655147500665 0.675748341184373 0.555739777885199 0.646458679139118 0.145832797836938 0.542104888428634 0.460659880201506 1.00444539790379 0.920159031154905 0.785336619553498 0.300770480358529 0.0965485793998432 0.249581776872651 0.941975008563704 0.938968781358009 0.127818165556922 0.624612784748623 0.852056708813831 0.893767120903987 0.173780147539637 0.960737525349263 0.292994335874401 0.0761256541602812 0.787245110338603 0.111016033574799 0.725201699368043 0.476728047600401 0.776121780785662 0.52905633833632 0.263423691569092 0.683385977665434 0.541670701937769 0.244587892883188 0.766903795560282 0.202929558605311 0.536863044990536 0.555258609359347 0.930694047436661 0.736869726991412 0.806660011635111 0.561017078006925 0.489371613123512 0.904708165906434 0.703645096105315 0.816787439169165 0.525393140637013 0.875172906946197 0.608532085382851 0.795028044430908 0.855168942309278 1.01339643827205 0.206785447916363 0.846347846952566 0.784091786670445 0.649365483286798 0.469119414323409 0.282826833129358 0.211021040886761 0.93507016263546 0.864354635938505 0.267955766053701 0.205565158567076 0.709129600023333 0.15198720481546 0.588870003985974 0.581963136193713 0.533921255088439
"14" 0.4479380085539 0.363810278721101 0.633971327926258 0.638091197667428 0.365793393052118 0.543162407478682 0.362211236733677 0.432504255487892 0.404696738667603 0.429424071918577 0.516197611610549 0.494470091076918 0.38746022039061 0 0.662022102419335 0.44175161290011 0.287324614018513 0.606711562328686 0.332376113513407 0.552536934195683 0.274717602409194 0.390544598185581 0.176045104495896 0.290738761854008 0.639791542531882 0.532762631970185 0.505799341584651 0.143047006913485 0.434355750747898 0.419873593394685 0.563061576359867 0.610397786427458 0.329298462519622 0.337663951979488 0.562798913327034 0.516710879267925 0.321387339241216 0.5768685069001 0.134103338780277 0.442043448194393 0.411247441965388 0.356273252662304 0.448907284567751 0.314566055462761 0.490215758766195 0.144774860940619 0.184310240419831 0.333784383337295 0.160532538536218 0.272245972066438 0.381083115092934 0.211519794396564 0.568586856906321 0.518199243685283 0.562987460654414 0.416509456031255 0.427896033812624 0.273140266509113 0.23733236224972 0.575171147616349 0.375791721366804 0.45061635133195 0.137985196871357 0.606010465392169 0.296474878372907 0.462472970882448 0.613845375866134 0.628255591387866 0.210147771172126 0.47642014334978 0.397414372794466 0.442715049610244 0.185763826032042 0.31619042821447 0.439208178765478 0.571308124217235 0.524982742881102 0.152089933945668 0.35327689858311 0.549915582312671 0.401039286539293 0.401854477010653 0.246593603662206 0.261208497999539
"15" 0.725554335811008 0.522131435192114 0.0904124185926639 0.770217844263071 0.908771217620843 1.16721889075193 0.93806849678639 0.811300472375602 0.871127787312159 0.782642565073324 0.530763810430732 0.714293887660006 0.9635831646568 0.662022102419335 0 0.240080046799696 0.689754990090829 1.2182190235 0.735120949351569 1.19340884548168 0.642415533432357 1.02569669366738 0.663147137952875 0.913782671040479 0.778605093758274 0.516919518482473 0.180641900071887 0.804662593295136 0.954997223948459 1.07554540240494 0.655719351456849 0.101096002821068 0.847580963765912 0.340899250465441 0.112965019785839 0.343775376831148 0.808148159020263 0.415155547803946 0.684258563660648 0.981030875850212 0.362350181457039 0.982494593103097 0.90967886438524 0.501350536537118 0.187724625000231 0.609021305334436 0.702357188194084 0.719657923644072 0.618999388910315 0.931518607697076 0.450147009792587 0.854395685072644 1.21768672928085 1.15139001705431 0.278880005975274 0.245798885009395 0.373309245945188 0.40726823453639 0.475127292007194 0.120079753822541 0.287328052243161 0.300295081257343 0.576085679941293 0.119572686649153 0.368844881192217 0.807957251238267 0.184690606500324 0.610935325064755 0.760103394213346 0.683717162494547 0.532841491601268 0.347287416132124 0.504144909313868 0.978017722610502 0.871846952359563 0.749996066261247 0.175424200969743 0.706826563003718 0.801310090835956 1.10678648533294 1.03681638901688 0.977622275968897 0.732239688540481 0.431822245020253
"16" 0.624698186034973 0.295513795253706 0.25214363871767 0.728892531576886 0.737612320133691 0.97175659726141 0.698142401304013 0.580255791633958 0.722542214527547 0.663028665710895 0.496729476001387 0.632789430397839 0.723593645402761 0.44175161290011 0.240080046799696 0 0.540771753979632 1.02908859476594 0.593111154104295 0.989455452911175 0.495229725030102 0.789443592355584 0.483628216892247 0.714968748789729 0.735680910162139 0.49340104475365 0.0647361481817078 0.581156420336726 0.715854346445162 0.844522448506989 0.614169528087319 0.233993481655798 0.60771316565883 0.105561103536049 0.128804610990792 0.343112537851026 0.568773434769275 0.436260024349831 0.447422179236547 0.741387563173248 0.287307224619527 0.745354788287247 0.765614102023979 0.26601226040491 0.0525972521219902 0.421963552452496 0.463048594003814 0.58087871141537 0.43687018424912 0.703960438996095 0.359212988193665 0.621787531653092 1.00872008164882 0.951301368067883 0.32186698663263 0.0890429443252441 0.310753635008476 0.172781383665819 0.236167013112853 0.205486718615689 0.113479904683462 0.250961111778741 0.3838982020752 0.164337661616195 0.14720763288865 0.693770129578485 0.180374466507644 0.607642416586665 0.520806147930524 0.602087194854555 0.444583135647851 0.143474206071908 0.269851204681971 0.753507907297373 0.637329763443735 0.688687527009292 0.192685855960368 0.469213621873434 0.563687157550947 0.937809531770755 0.800576442060376 0.798049003195049 0.564262557440407 0.194329515362378
"17" 0.162681235515587 0.602235022827598 0.627542700005864 0.359517597798084 0.22723432635557 0.509653062636029 0.62227777984231 0.719504526571787 0.183263869170957 0.146448317937965 0.309708106572713 0.214510202949908 0.644739403126084 0.287324614018513 0.689754990090829 0.540771753979632 0 0.547365468630957 0.0545860470713428 0.554320848172591 0.0473844825641836 0.599605364854551 0.111294653172815 0.29339297320188 0.359924602318911 0.332664230586913 0.591164754786276 0.345689534733568 0.707904458025235 0.582741784395376 0.306251196502438 0.60536250440765 0.610359339462789 0.46544188248751 0.624113012684787 0.409851478932953 0.607085262049418 0.424444812488506 0.421307312115091 0.709608190768485 0.3366434673337 0.581162644397599 0.225140712515129 0.545294034072828 0.571711182483108 0.160179128080681 0.471576188876009 0.0486651943265966 0.139494420999261 0.448393921215074 0.256066346518069 0.443734437078407 0.591490705456465 0.505234643559251 0.480273141441827 0.471510598770443 0.335492354578764 0.42803379691984 0.441774924570977 0.574955006642786 0.432945667011345 0.398504291976616 0.194684784503456 0.683078843611874 0.411287388568893 0.180503067917217 0.718478225027728 0.393527509606411 0.49424005927111 0.203036758705997 0.204761139264794 0.611429638649124 0.392928505367626 0.460144629485686 0.725578426283787 0.290555943741364 0.517333189446019 0.439156039120326 0.640395394550591 0.418991539567738 0.607759979990886 0.303193701851826 0.0739928062138655 0.436849896002124
"18" 0.607587999861267 0.957648192147137 1.16558856265236 0.757264094453257 0.320469942637858 0.0725449595469531 0.662642412841174 0.900597024942465 0.398129265739586 0.529720750381612 0.835131744789955 0.659719527270116 0.66655147500665 0.606711562328686 1.2182190235 1.02908859476594 0.547365468630957 0 0.518173347008123 0.123244211169488 0.591390799585246 0.528236732267682 0.555084944762231 0.31691376639149 0.751316569584132 0.859265839441992 1.08941839715339 0.500376560907655 0.762984532197783 0.430739534653662 0.77883575747166 1.14255389426223 0.735543265670192 0.93154302358108 1.13626990323594 0.957142547256181 0.766310282615279 0.964548069547602 0.681188851772003 0.740017258674756 0.880502226912352 0.555587397721494 0.383362742695669 0.914943722510847 1.0715042613135 0.611251908740994 0.710932140352716 0.535878061827215 0.599731241666793 0.444201364266817 0.803069551020219 0.535604243505493 0.165961631602305 0.111313991258118 1.02751417708217 0.980666113219535 0.881665289283723 0.872416037500456 0.844000051934937 1.1100174758952 0.938723192368111 0.940653727743513 0.647112547367099 1.18856781941985 0.882630923484321 0.529302688393091 1.20808081869389 0.881531850826481 0.683520968890761 0.673220833306787 0.747715081612777 1.0489001949016 0.791888830707355 0.391773800154712 0.860440605500905 0.701500758154774 1.05288607032464 0.67748960134646 0.811590795943162 0.16892114750416 0.526241836799313 0.244475813007899 0.490511691461184 0.86503110135033
"19" 0.133197105575658 0.655718695174473 0.669846079374113 0.332374752753222 0.199063652184204 0.486375125536471 0.654290766888146 0.76474124292454 0.136187268027909 0.0970488667572897 0.321614835225385 0.190555419393094 0.675748341184373 0.332376113513407 0.735120949351569 0.593111154104295 0.0545860470713428 0.518173347008123 0 0.536310172464534 0.0978879380315031 0.620258436853042 0.158494456202859 0.291418334246958 0.331528485417216 0.34547772733465 0.642291037802751 0.375005909108053 0.743354001241646 0.594559401385302 0.296143982017664 0.648147196374685 0.649404962920419 0.519446655907544 0.673207845209033 0.442205449094589 0.648815394142569 0.44662184485597 0.466367513734989 0.743019983871655 0.377396418800337 0.605519388613906 0.175191572826603 0.598958777757089 0.622761908660229 0.212589490085733 0.516416657328366 0.01770866907657 0.191850220743545 0.467324723390902 0.293156663648291 0.473127112092999 0.576393436515836 0.486022396023685 0.514662518213282 0.521971450205479 0.37352674490191 0.482599619185337 0.495882835437946 0.61875450185438 0.484151013421342 0.439986029985602 0.248279160806189 0.732894245771199 0.465308119041884 0.130333130204136 0.769956273770085 0.390909202094148 0.535502256097564 0.186787141781647 0.229897559444784 0.665837646789425 0.446625056235925 0.472648574622514 0.767627098957411 0.262764701139964 0.561284077693848 0.482925958549418 0.683707062115157 0.380225335004848 0.62776021084144 0.277214216510979 0.093820778527914 0.49140169237575
"20" 0.64430713476601 0.885920654780494 1.14860614634987 0.813380324315066 0.340324866015072 0.0720666857735401 0.55426559323507 0.801091717189468 0.436513528900019 0.568902691935092 0.857902373358146 0.700403122842503 0.555739777885199 0.552536934195683 1.19340884548168 0.989455452911175 0.554320848172591 0.123244211169488 0.536310172464534 0 0.593567310478913 0.413718944074853 0.5370794809085 0.280168480122818 0.808474367407512 0.881717102439736 1.05204257692078 0.428961033208653 0.652234122614442 0.313156951397041 0.818376230152958 1.12510472761103 0.63485591615796 0.887749012436773 1.10388560654229 0.959526961907937 0.669041137859958 0.978703199191704 0.606796037141778 0.627358037194647 0.873657511140518 0.44497940138962 0.434164229124349 0.847884943141519 1.03512826502514 0.585484596898378 0.630315783067771 0.553641142391402 0.577698938342071 0.349328445065076 0.80312574761318 0.445707706731157 0.0499402351814533 0.0512149256954718 1.0262364450562 0.950310268139251 0.878398499153223 0.82493967809137 0.787505950758532 1.09128290122896 0.908151971340464 0.930818687785259 0.617334372017487 1.15227978942591 0.842290490848046 0.575614985947774 1.16507797516897 0.919179129832981 0.596170889905225 0.708933343746308 0.759052912564938 0.993259742832705 0.737596852544704 0.293162098605634 0.75602371692496 0.752104930549265 1.03538005367025 0.599382402047432 0.714000855239497 0.255522261593139 0.410695396533538 0.263374061328753 0.487906924068868 0.813729239265094
"21" 0.176114463447281 0.569506788433609 0.580672654415565 0.363486418574911 0.272194249290479 0.55145227427658 0.623025237774092 0.703009780014606 0.230379085543701 0.17912824013344 0.281368807364862 0.21981999824377 0.646458679139118 0.274717602409194 0.642415533432357 0.495229725030102 0.0473844825641836 0.591390799585246 0.0978879380315031 0.593567310478913 0 0.611836063089153 0.104354285503003 0.325899334682055 0.3650872984184 0.303237700875201 0.544760948835652 0.352080940593462 0.70434786363334 0.602632739332126 0.295984293171826 0.55840000912066 0.602879406957741 0.422510596963111 0.576975334008806 0.367087524841875 0.596085311381685 0.38750823580105 0.406757648642326 0.708379864402379 0.29047938789943 0.590032672435329 0.271695153430197 0.512067877721401 0.52526440608802 0.135755193183631 0.456930698038068 0.0866027852165309 0.116449493670392 0.463363350964708 0.211796873709782 0.44868637520186 0.629136446462215 0.545227966676405 0.436306688111575 0.424769696727135 0.290362250241835 0.388167935832686 0.407003643676114 0.527818250054252 0.386561015349685 0.352004031448149 0.164617077424325 0.636137648181419 0.368442910583916 0.212902331689294 0.672291389105536 0.375265686446823 0.4845887868067 0.202156202857623 0.169072260070782 0.569938046306837 0.360143004597295 0.480397706319793 0.713642351861848 0.296622198935259 0.470189726256302 0.426405400920363 0.627029785296049 0.465799368956234 0.620535361020925 0.346923286032749 0.10603025754261 0.398843583096041
"22" 0.753426476744637 0.583766789520652 1.01089065760271 0.952583572738336 0.512622711453131 0.457636446069778 0.151216206587643 0.412108495739857 0.608619824128536 0.702753765721991 0.885853926427956 0.810085254796193 0.145832797836938 0.390544598185581 1.02569669366738 0.789443592355584 0.599605364854551 0.528236732267682 0.620258436853042 0.413718944074853 0.611836063089153 0 0.510585152497633 0.364452259420843 0.951526853302943 0.905263644855102 0.853542322709157 0.263573521290817 0.240800385428671 0.103820048578233 0.905337512263474 0.987836535155437 0.252482800924606 0.685366101411077 0.917766236347034 0.906707984625204 0.295999770110349 0.962715954648858 0.342021431152512 0.214030278781974 0.801650134681601 0.0477789444922492 0.636899569164357 0.566689761684365 0.841690433168802 0.515101411188174 0.332536705825828 0.631033307486174 0.522755398404287 0.153296311897007 0.765781390926567 0.179135932698896 0.3922932416793 0.417567492344725 0.953359528378634 0.787051242748529 0.817715038059326 0.618526592398676 0.554029541118185 0.952732537220478 0.749609016141137 0.840556309118147 0.522487899172667 0.948983112408783 0.65886539504886 0.727567271966485 0.938227198989222 0.986921578515371 0.277164496524 0.802062531849458 0.766634142145364 0.737234105608494 0.521557253862346 0.166247265012223 0.355481722686945 0.882993893078569 0.906575816572416 0.320674333694374 0.335871130261501 0.587425140695527 0.0111328612426682 0.481804037296782 0.529447987278975 0.595145249769269
"23" 0.272484628015633 0.503138875003554 0.612860170080451 0.465796197126001 0.254018709245468 0.505240027635663 0.518701148833105 0.608247541652933 0.254741030338214 0.255145208675132 0.376311054904015 0.321081538459785 0.542104888428634 0.176045104495896 0.663147137952875 0.483628216892247 0.111294653172815 0.555084944762231 0.158494456202859 0.5370794809085 0.104354285503003 0.510585152497633 0 0.258110907556503 0.466917387811913 0.396619183193971 0.540523110831902 0.248910045582055 0.60083612237237 0.507828951948199 0.400175213255557 0.589532779153244 0.500925609156558 0.39539384401651 0.583202385558449 0.430770822362917 0.496345003755265 0.467450567498677 0.310013550275099 0.604310589070064 0.338219718826543 0.487140545087954 0.300113441536984 0.447461656490441 0.52185936040234 0.064052639573893 0.360281541418462 0.15830030903379 0.0468093025958169 0.364764746556579 0.275856887837584 0.344784391275873 0.56709053026639 0.492161285305053 0.493067961903975 0.427353751222865 0.345435148011874 0.347541245363004 0.348110477716648 0.556309825985759 0.385857526492578 0.393987862608486 0.103787151712244 0.637800436310181 0.342408291965619 0.288742083795451 0.663993627760569 0.476819677563326 0.383818614008665 0.305463430705391 0.258277562925895 0.53309842753124 0.296430218644841 0.386983682368159 0.614666143164188 0.397875357446319 0.499693849617439 0.32796823076931 0.529214168616633 0.454182040319197 0.519594165886463 0.31646295665732 0.0864945352934024 0.350767412374842
"24" 0.419077955016239 0.64827793656619 0.868467287928555 0.611832903674705 0.148177709250792 0.256815276087633 0.446142881454164 0.637785427139433 0.246600355809999 0.355649921891797 0.603099072410139 0.477727889864836 0.460659880201506 0.290738761854008 0.913782671040479 0.714968748789729 0.29339297320188 0.31691376639149 0.291418334246958 0.280168480122818 0.325899334682055 0.364452259420843 0.258110907556503 0 0.609267645882065 0.625994193468635 0.7764297920914 0.204470303229124 0.54771197773269 0.314981579943421 0.587451083840245 0.844954486336833 0.484553718227929 0.615784916085728 0.826171039284466 0.685831400632246 0.503588558220374 0.713219154680727 0.379173420876318 0.535965193852454 0.596099257822206 0.364919772610511 0.272560540788046 0.602597445911972 0.758996169108651 0.305347031517697 0.416490046770552 0.306599887291757 0.297666041145193 0.218305970451979 0.529500897333477 0.274283154874448 0.308981430334624 0.23775963837749 0.750246819530561 0.671697062342037 0.602328786612417 0.555785202551672 0.527644732306615 0.8111145774192 0.629532450739029 0.652058227149142 0.337812957243406 0.876270477799993 0.567944939438893 0.375305531293826 0.892928830980963 0.68180551971984 0.402373634235346 0.477543290106722 0.494857360252769 0.732142881139176 0.475245941258137 0.200301113160422 0.614168813511754 0.543733930055234 0.755249677808779 0.380598167081642 0.547396334712822 0.273411068963576 0.36931271873086 0.132755282992598 0.220863856132562 0.548117342672505
"25" 0.19890889251218 0.900115165692539 0.692240691808687 0.00921838729505352 0.480514349503943 0.744836627940807 0.982149030883906 1.06538893194499 0.376364848273058 0.253620026469871 0.24902149960221 0.145858328976054 1.00444539790379 0.639791542531882 0.778605093758274 0.735680910162139 0.359924602318911 0.751316569584132 0.331528485417216 0.808474367407512 0.3650872984184 0.951526853302943 0.466917387811913 0.609267645882065 0 0.261685581014237 0.761543268202909 0.704516954373551 1.06733081822755 0.921179028029773 0.124080485275129 0.677724027960839 0.967633597817729 0.703268274395205 0.763336696039314 0.435028525533019 0.961118647944142 0.37132308809835 0.771179596835695 1.06950447842277 0.45008434812798 0.936980339243111 0.374336851866958 0.842707382050894 0.743069708637891 0.498369947852541 0.821171828321507 0.321955556758184 0.480359104882947 0.798396378202538 0.37827345665536 0.802750287273262 0.855089547978796 0.757573215439299 0.50165377987289 0.64765089247155 0.428811104591136 0.694787865124476 0.736423383182824 0.661625359093735 0.624922887022576 0.498951609375051 0.520367152014375 0.82597637473507 0.655842959924334 0.236962400635787 0.882943392068202 0.187723447553302 0.849647787026067 0.164206966041853 0.298260637526469 0.851755020631514 0.698598982705698 0.800646558344475 1.07844340829653 0.0693801952139631 0.614595470630687 0.791290459628256 0.99145207948705 0.58433562235176 0.958868383087422 0.55002521624703 0.424097206375704 0.714770696479332
"26" 0.260659967202807 0.703066993102441 0.430831712859692 0.253316836711074 0.543721990869243 0.831272232782438 0.894972660326915 0.916291343819367 0.462445895102 0.336637397256397 0.0241406102232467 0.224379757145669 0.920159031154905 0.532762631970185 0.516919518482473 0.49340104475365 0.332664230586913 0.859265839441992 0.34547772733465 0.881717102439736 0.303237700875201 0.905263644855102 0.396619183193971 0.625994193468635 0.261685581014237 0 0.510629948092162 0.641815945930203 0.963148259938794 0.903866474269124 0.139508767935891 0.416055328309388 0.853155557366418 0.481843999649634 0.505840203857153 0.173477629613863 0.835215837786461 0.119129430984652 0.645742470229356 0.973488454116752 0.208229531329436 0.878693600606715 0.485714513131079 0.648635202098567 0.493119072294171 0.392836172444825 0.691571702023763 0.328085043456109 0.383059650196826 0.761336859646135 0.166867129712198 0.733462470391995 0.921187920531416 0.831495235325817 0.240712894291451 0.404386190964841 0.183451582046055 0.490913486429898 0.548351335978942 0.400251240166274 0.389576259875451 0.245614298041845 0.395068302867897 0.567877924290123 0.442772145107746 0.348469741812714 0.627519905999746 0.116464233312171 0.733653378903396 0.199390295553324 0.13866066031988 0.622053474345417 0.523645231956347 0.782219084660761 0.944683123070914 0.238710293067713 0.354756998840385 0.669625709679155 0.856276118467271 0.709349837964681 0.914616157506945 0.621972520963022 0.405437364117294 0.516355951188538
