"V1" "V2" "V3" "V4" "V5" "V6" "V7" "V8" "V9" "V10" "V11" "V12" "V13" "V14" "V15" "V16" "V17" "V18" "V19" "V20" "V21" "V22" "V23" "V24" "V25" "V26" "V27" "V28" "V29" "V30" "V31" "V32" "V33" "V34" "V35" "V36" "V37" "V38" "V39" "V40" "V41" "V42" "V43" "V44" "V45" "V46" "V47" "V48" "V49" "V50" "V51" "V52" "V53" "V54" "V55" "V56" "V57" "V58" "V59" "V60" "V61" "V62" "V63" "V64" "V65" "V66" "V67" "V68" "V69" "V70" "V71" "V72" "V73" "V74" "V75" "V76" "V77" "V78" "V79" "V80" "V81" "V82" "V83" "V84"
"1" 0 0.27027027027027 0.120868539324313 0.435797716124246 0.866552407669265 0.97447331769297 0.194894663538594 0.341867855153338 0.498353754448264 0.817986267590354 0.162162162162162 0.315186588910557 0.879936248437822 0.389789327077188 0.435797716124246 0.944013470085026 0.996707508896528 0.509944926057114 1.00981306444699 0.328797974610715 0.422175658157116 0.584683990615782 0.630373177821114 0.823326822255558 0.378378378378378 0.574602476364035 0.944013470085026 0.435797716124246 0.509944926057114 0.650897004259043 0.735214622093808 0.779578654154376 0.871595432248492 1.01558347178681 1.06474138397796 0.512801782730007 0.584683990615782 0.650897004259043 0.727222921463444 0.768252454246048 0.94555976673167 0.992300527064098 1.03975048982007 1.08781685391882 0.543236520060589 0.551245352820842 0.582179979149676 0.886552403613877 0.929981109950554 0.604342696621565 0.616311040594129 0.768252454246048 0.879936248437822 1.09451117466576 0.650897004259043 0.9173277161339 1.08108108108108 1.16936798123156 0.773936273690614 0.7980985437964 0.920507371131157 1.15680727346123 0.846079775270191 1.03270125267799 0.810810810810811 0.839144578176217 0.873269968724514 0.918918918918919 1.03834447093506 1.26652697447135 0.906111060229201 1.04953988318636 1.11435287178856 0.933117648736869 0.944013470085026 0.97447331769297 0.978960555474315 0.986393923832144 1.00981306444699 1.06474138397796 1.14027151944481 1.23262208118826 1.26652697447135 1.37599157420085
"2" 0.27027027027027 0 0.170933927576669 0.170933927576669 0.597046541469582 0.704778638400286 0.152887952688983 0.120868539324313 0.241737078648626 0.551245352820842 0.315186588910557 0.162162162162162 0.616311040594129 0.222870574357711 0.241737078648626 0.683735710306677 0.735214622093808 0.315186588910557 0.752885852820763 0.389789327077188 0.324324324324324 0.389789327077188 0.422175658157116 0.584683990615782 0.464990554975277 0.411663411127779 0.704778638400286 0.483474157297252 0.432432432432432 0.483474157297252 0.540540540540541 0.574602476364035 0.650897004259043 0.779578654154376 0.825099325539121 0.498353754448264 0.489480277737158 0.512801782730007 0.556520548161459 0.584683990615782 0.727222921463444 0.768252454246048 0.810810810810811 0.854669637883346 0.582179979149676 0.564340892373543 0.543236520060589 0.692229647290038 0.727222921463444 0.616311040594129 0.604342696621565 0.63268648166052 0.704778638400286 0.879936248437822 0.683735710306677 0.750942918348638 0.879936248437822 0.956313838538061 0.704778638400286 0.710970077727887 0.773936273690614 0.956313838538061 0.764439763444916 0.871595432248492 0.854669637883346 0.812610615047184 0.812610615047184 0.826868029231262 0.894753803094424 1.07294233736644 0.864864864864865 0.923676080574868 0.966948314594504 0.925256365871551 0.920507371131157 0.996707508896528 0.986393923832144 0.978960555474315 0.972972972972973 0.986393923832144 1.02560356546001 1.08781685391882 1.11304109632292 1.200194773577
"3" 0.120868539324313 0.170933927576669 0 0.324324324324324 0.756756756756757 0.864864864864865 0.0764439763444916 0.222870574357711 0.382219881722458 0.704778638400286 0.152887952688983 0.194894663538594 0.764439763444916 0.27027027027027 0.315186588910557 0.826868029231262 0.879936248437822 0.389789327077188 0.891482297430846 0.275622676410421 0.315186588910557 0.464990554975277 0.509944926057114 0.702702702702703 0.341867855153338 0.45866385806695 0.823326822255558 0.382219881722458 0.411663411127779 0.535107834411441 0.616311040594129 0.659813817066687 0.750942918348638 0.894753803094424 0.944013470085026 0.435797716124246 0.483474157297252 0.540540540540541 0.611551810755933 0.650897004259043 0.825099325539121 0.871595432248492 0.918918918918919 0.966948314594504 0.489480277737158 0.486486486486486 0.498353754448264 0.768252454246048 0.810810810810811 0.540540540540541 0.543236520060589 0.659813817066687 0.764439763444916 0.97447331769297 0.597046541469582 0.803571283638838 0.96240507106837 1.04953988318636 0.683735710306677 0.702702702702703 0.810810810810811 1.03834447093506 0.752885852820763 0.920507371131157 0.764439763444916 0.764439763444916 0.787038906949245 0.823326822255558 0.929981109950554 1.14920495272807 0.826868029231262 0.94555976673167 1.00546352636423 0.866552407669265 0.871595432248492 0.920507371131157 0.918918918918919 0.920507371131157 0.933117648736869 0.97447331769297 1.03975048982007 1.1247920025235 1.15680727346123 1.26190459783014
"4" 0.435797716124246 0.170933927576669 0.324324324324324 0 0.432432432432432 0.540540540540541 0.275622676410421 0.120868539324313 0.0764439763444916 0.382219881722458 0.445741148715423 0.194894663538594 0.445741148715423 0.194894663538594 0.170933927576669 0.512801782730007 0.564340892373543 0.216216216216216 0.582179979149676 0.464990554975277 0.315186588910557 0.275622676410421 0.291089989574838 0.422175658157116 0.540540540540541 0.324324324324324 0.540540540540541 0.535107834411441 0.411663411127779 0.382219881722458 0.411663411127779 0.435797716124246 0.498353754448264 0.616311040594129 0.659813817066687 0.509944926057114 0.445741148715423 0.432432432432432 0.445741148715423 0.461838040287434 0.574602476364035 0.611551810755933 0.650897004259043 0.692229647290038 0.616311040594129 0.584683990615782 0.532370691988979 0.556520548161459 0.584683990615782 0.630373177821114 0.604342696621565 0.543236520060589 0.582179979149676 0.727222921463444 0.704778638400286 0.63268648166052 0.735214622093808 0.803571283638838 0.657595949221429 0.650897004259043 0.668611723073134 0.810810810810811 0.704778638400286 0.752885852820763 0.871595432248492 0.787038906949245 0.764439763444916 0.756756756756757 0.787038906949245 0.929981109950554 0.826868029231262 0.826868029231262 0.854669637883346 0.906111060229201 0.891482297430846 0.993771692478391 0.97447331769297 0.957840278198343 0.933117648736869 0.918918918918919 0.933117648736869 0.97447331769297 0.993771692478391 1.06611259044951
"5" 0.866552407669265 0.597046541469582 0.756756756756757 0.432432432432432 0 0.108108108108108 0.704778638400286 0.543236520060589 0.382219881722458 0.0764439763444916 0.871595432248492 0.604342696621565 0.108108108108108 0.564340892373543 0.512801782730007 0.170933927576669 0.194894663538594 0.483474157297252 0.241737078648626 0.854669637883346 0.653137620194301 0.464990554975277 0.422175658157116 0.291089989574838 0.923676080574868 0.540540540540541 0.324324324324324 0.894753803094424 0.704778638400286 0.535107834411441 0.464990554975277 0.435797716124246 0.393519453474623 0.382219881722458 0.393519453474623 0.825099325539121 0.692229647290038 0.611551810755933 0.540540540540541 0.509944926057114 0.435797716124246 0.432432432432432 0.435797716124246 0.445741148715423 0.94555976673167 0.899638755518553 0.810810810810811 0.512801782730007 0.498353754448264 0.929981109950554 0.886552403613877 0.659813817066687 0.582179979149676 0.543236520060589 1.00546352636423 0.63268648166052 0.594594594594595 0.604342696621565 0.844351316314233 0.810810810810811 0.702702702702703 0.650897004259043 0.854669637883346 0.721171030493315 1.14920495272807 0.996707508896528 0.929981109950554 0.871595432248492 0.787038906949245 0.764439763444916 1.00546352636423 0.854669637883346 0.826868029231262 1.11435287178856 1.08108108108108 1.22549016743293 1.19041705651596 1.15680727346123 1.09451117466576 1.01558347178681 0.957840278198343 0.925256365871551 0.920507371131157 0.925256365871551
"6" 0.97447331769297 0.704778638400286 0.864864864864865 0.540540540540541 0.108108108108108 0 0.812610615047184 0.650897004259043 0.489480277737158 0.170933927576669 0.978960555474315 0.710970077727887 0.152887952688983 0.668611723073134 0.616311040594129 0.170933927576669 0.162162162162162 0.582179979149676 0.216216216216216 0.957840278198343 0.752885852820763 0.556520548161459 0.509944926057114 0.346114823645019 1.02560356546002 0.630373177821114 0.341867855153338 0.993771692478391 0.7980985437964 0.616311040594129 0.535107834411441 0.498353754448264 0.435797716124246 0.382219881722458 0.378378378378378 0.918918918918919 0.779578654154376 0.692229647290038 0.611551810755933 0.574602476364035 0.461838040287434 0.445741148715423 0.435797716124246 0.432432432432432 1.03975048982007 0.992300527064098 0.899638755518553 0.556520548161459 0.532370691988979 1.01988985211423 0.97447331769297 0.727222921463444 0.630373177821114 0.543236520060589 1.09451117466576 0.677295356007658 0.604342696621565 0.594594594594595 0.9173277161339 0.879936248437822 0.750942918348638 0.650897004259043 0.920507371131157 0.752885852820763 1.23262208118826 1.07021566882288 0.996707508896528 0.929981109950554 0.823326822255558 0.756756756756757 1.07294233736644 0.894753803094424 0.854669637883346 1.18549795672764 1.14920495272807 1.29954759785636 1.26190459783014 1.22549016743293 1.15680727346123 1.06611259044951 0.993771692478391 0.944013470085026 0.933117648736869 0.918918918918919
"7" 0.194894663538594 0.152887952688983 0.0764439763444916 0.275622676410421 0.704778638400286 0.812610615047184 0 0.162162162162162 0.324324324324324 0.648648648648649 0.170933927576669 0.120868539324313 0.704778638400286 0.194894663538594 0.241737078648626 0.764439763444916 0.817986267590354 0.315186588910557 0.826868029231262 0.241737078648626 0.241737078648626 0.389789327077188 0.435797716124246 0.63268648166052 0.315186588910557 0.382219881722458 0.752885852820763 0.341867855153338 0.341867855153338 0.45866385806695 0.540540540540541 0.584683990615782 0.677295356007658 0.823326822255558 0.873269968724514 0.378378378378378 0.411663411127779 0.464990554975277 0.535107834411441 0.574602476364035 0.750942918348638 0.7980985437964 0.846079775270191 0.894753803094424 0.445741148715423 0.435797716124246 0.435797716124246 0.692229647290038 0.735214622093808 0.489480277737158 0.486486486486486 0.584683990615782 0.687995787100425 0.899638755518553 0.551245352820842 0.727222921463444 0.886552403613877 0.97447331769297 0.616311040594129 0.63268648166052 0.735214622093808 0.96240507106837 0.683735710306677 0.844351316314233 0.721171030493315 0.704778638400286 0.721171030493315 0.752885852820763 0.854669637883346 1.07294233736644 0.764439763444916 0.871595432248492 0.929981109950554 0.810810810810811 0.812610615047184 0.871595432248492 0.866552407669265 0.864864864864865 0.871595432248492 0.906111060229201 0.966948314594504 1.04953988318636 1.08108108108108 1.18549795672764
"8" 0.341867855153338 0.120868539324313 0.222870574357711 0.120868539324313 0.543236520060589 0.650897004259043 0.162162162162162 0 0.162162162162162 0.486486486486486 0.328797974610715 0.0764439763444916 0.543236520060589 0.108108108108108 0.120868539324313 0.604342696621565 0.657595949221429 0.194894663538594 0.668611723073134 0.346114823645019 0.222870574357711 0.27027027027027 0.305775905377966 0.483474157297252 0.422175658157116 0.291089989574838 0.604342696621565 0.422175658157116 0.328797974610715 0.362605617972939 0.422175658157116 0.45866385806695 0.540540540540541 0.677295356007658 0.725211235945878 0.411663411127779 0.378378378378378 0.393519453474623 0.435797716124246 0.464990554975277 0.616311040594129 0.659813817066687 0.704778638400286 0.750942918348638 0.509944926057114 0.483474157297252 0.445741148715423 0.574602476364035 0.611551810755933 0.532370691988979 0.512801782730007 0.512801782730007 0.584683990615782 0.768252454246048 0.604342696621565 0.630373177821114 0.764439763444916 0.844351316314233 0.594594594594595 0.597046541469582 0.653137620194301 0.840883739789408 0.650897004259043 0.750942918348638 0.773936273690614 0.710970077727887 0.702702702702703 0.710970077727887 0.773936273690614 0.956313838538061 0.758684802573957 0.803571283638838 0.846079775270191 0.826868029231262 0.817986267590354 0.906111060229201 0.891482297430846 0.879936248437822 0.866552407669265 0.871595432248492 0.906111060229201 0.966948314594504 0.992300527064098 1.08108108108108
"9" 0.498353754448264 0.241737078648626 0.382219881722458 0.0764439763444916 0.382219881722458 0.489480277737158 0.324324324324324 0.162162162162162 0 0.324324324324324 0.489480277737158 0.222870574357711 0.382219881722458 0.194894663538594 0.152887952688983 0.445741148715423 0.498353754448264 0.170933927576669 0.512801782730008 0.483474157297252 0.305775905377966 0.216216216216216 0.222870574357711 0.346114823645019 0.556520548161459 0.275622676410421 0.464990554975277 0.540540540540541 0.389789327077188 0.324324324324324 0.341867855153338 0.362605617972939 0.422175658157116 0.540540540540541 0.584683990615782 0.498353754448264 0.411663411127779 0.382219881722458 0.382219881722458 0.393519453474623 0.498353754448264 0.535107834411441 0.574602476364035 0.616311040594129 0.611551810755933 0.574602476364035 0.509944926057114 0.483474157297252 0.509944926057114 0.616311040594129 0.584683990615782 0.486486486486486 0.512801782730007 0.650897004259043 0.692229647290038 0.564340892373543 0.659813817066687 0.727222921463444 0.616311040594129 0.604342696621565 0.604342696621565 0.735214622093808 0.657595949221429 0.683735710306677 0.854669637883346 0.752885852820763 0.721171030493315 0.704778638400286 0.721171030493315 0.854669637883346 0.787038906949245 0.764439763444916 0.787038906949245 0.873269968724514 0.854669637883346 0.966948314594504 0.944013470085026 0.923676080574868 0.891482297430846 0.866552407669265 0.871595432248492 0.906111060229201 0.923676080574868 0.992300527064098
"10" 0.817986267590354 0.551245352820842 0.704778638400286 0.382219881722458 0.0764439763444916 0.170933927576669 0.648648648648649 0.486486486486486 0.324324324324324 0 0.812610615047184 0.543236520060589 0.0764439763444916 0.498353754448264 0.445741148715423 0.152887952688983 0.194894663538594 0.411663411127779 0.229331929033475 0.787038906949245 0.582179979149676 0.389789327077188 0.346114823645019 0.222870574357711 0.854669637883346 0.464990554975277 0.275622676410421 0.823326822255558 0.630373177821114 0.45866385806695 0.389789327077188 0.362605617972939 0.328797974610715 0.341867855153338 0.362605617972939 0.750942918348638 0.616311040594129 0.535107834411441 0.464990554975277 0.435797716124246 0.378378378378378 0.382219881722458 0.393519453474623 0.411663411127779 0.871595432248492 0.825099325539121 0.735214622093808 0.445741148715423 0.435797716124246 0.854669637883346 0.810810810810811 0.584683990615782 0.512801782730007 0.498353754448264 0.929981109950554 0.564340892373543 0.543236520060589 0.564340892373543 0.768252454246048 0.735214622093808 0.63268648166052 0.604342696621565 0.779578654154376 0.657595949221429 1.07294233736644 0.920507371131157 0.854669637883346 0.7980985437964 0.721171030493315 0.721171030493315 0.929981109950554 0.787038906949245 0.764439763444916 1.03834447093506 1.00546352636423 1.14920495272807 1.11435287178856 1.08108108108108 1.01988985211423 0.944013470085026 0.891482297430846 0.866552407669265 0.864864864864865 0.879936248437822
"11" 0.162162162162162 0.315186588910557 0.152887952688983 0.445741148715423 0.871595432248492 0.978960555474315 0.170933927576669 0.328797974610715 0.489480277737158 0.812610615047184 0 0.27027027027027 0.864864864864865 0.328797974610715 0.382219881722458 0.920507371131157 0.97447331769297 0.445741148715423 0.978960555474315 0.170933927576669 0.315186588910557 0.512801782730007 0.564340892373543 0.773936273690614 0.216216216216216 0.483474157297252 0.891482297430846 0.275622676410421 0.382219881722458 0.556520548161459 0.653137620194301 0.702702702702703 0.803571283638838 0.957840278198343 1.00981306444699 0.362605617972939 0.45866385806695 0.540540540540541 0.630373177821114 0.677295356007658 0.873269968724514 0.923676080574868 0.97447331769297 1.02560356546001 0.382219881722458 0.393519453474623 0.435797716124246 0.7980985437964 0.846079775270191 0.445741148715423 0.461838040287434 0.650897004259043 0.779578654154376 1.01558347178681 0.489480277737158 0.810810810810811 0.992300527064098 1.08781685391882 0.630373177821114 0.659813817066687 0.803571283638838 1.06611259044951 0.704778638400286 0.920507371131157 0.648648648648649 0.683735710306677 0.725211235945878 0.779578654154376 0.9173277161339 1.16936798123156 0.752885852820763 0.920507371131157 0.993771692478391 0.773936273690614 0.787038906949245 0.812610615047184 0.817986267590354 0.826868029231262 0.854669637883346 0.918918918918919 1.00546352636423 1.1090964610099 1.14665964516737 1.26652697447135
"12" 0.315186588910557 0.162162162162162 0.194894663538594 0.194894663538594 0.604342696621565 0.710970077727887 0.120868539324313 0.0764439763444916 0.222870574357711 0.543236520060589 0.27027027027027 0 0.594594594594595 0.0764439763444916 0.120868539324313 0.650897004259043 0.704778638400286 0.194894663538594 0.710970077727887 0.27027027027027 0.162162162162162 0.27027027027027 0.315186588910557 0.512801782730007 0.346114823645019 0.27027027027027 0.63268648166052 0.346114823645019 0.27027027027027 0.346114823645019 0.422175658157116 0.464990554975277 0.556520548161459 0.702702702702703 0.752885852820763 0.341867855153338 0.328797974610715 0.362605617972939 0.422175658157116 0.45866385806695 0.630373177821114 0.677295356007658 0.725211235945878 0.773936273690614 0.435797716124246 0.411663411127779 0.382219881722458 0.574602476364035 0.616311040594129 0.461838040287434 0.445741148715423 0.483474157297252 0.574602476364035 0.779578654154376 0.532370691988979 0.616311040594129 0.768252454246048 0.854669637883346 0.543236520060589 0.551245352820842 0.630373177821114 0.844351316314233 0.604342696621565 0.735214622093808 0.702702702702703 0.650897004259043 0.650897004259043 0.668611723073134 0.750942918348638 0.956313838538061 0.702702702702703 0.773936273690614 0.825099325539121 0.764439763444916 0.758684802573957 0.839144578176217 0.826868029231262 0.817986267590354 0.810810810810811 0.826868029231262 0.873269968724514 0.94555976673167 0.97447331769297 1.07294233736644
"13" 0.879936248437822 0.616311040594129 0.764439763444916 0.445741148715423 0.108108108108108 0.152887952688983 0.704778638400286 0.543236520060589 0.382219881722458 0.0764439763444916 0.864864864864865 0.594594594594595 0 0.543236520060589 0.489480277737158 0.0764439763444916 0.120868539324313 0.445741148715423 0.152887952688983 0.826868029231262 0.616311040594129 0.411663411127779 0.362605617972939 0.194894663538594 0.891482297430846 0.483474157297252 0.216216216216216 0.854669637883346 0.653137620194301 0.464990554975277 0.382219881722458 0.346114823645019 0.291089989574838 0.275622676410421 0.291089989574838 0.773936273690614 0.630373177821114 0.54054054054054 0.45866385806695 0.422175658157116 0.328797974610715 0.324324324324324 0.328797974610715 0.341867855153338 0.894753803094424 0.846079775270191 0.750942918348638 0.411663411127779 0.393519453474623 0.871595432248492 0.825099325539121 0.574602476364035 0.483474157297252 0.435797716124246 0.94555976673167 0.532370691988979 0.486486486486486 0.498353754448264 0.764439763444916 0.727222921463444 0.604342696621565 0.543236520060589 0.768252454246048 0.616311040594129 1.08108108108108 0.9173277161339 0.844351316314233 0.779578654154376 0.683735710306677 0.657595949221429 0.920507371131157 0.752885852820763 0.721171030493315 1.03270125267799 0.996707508896528 1.14665964516737 1.1090964610099 1.07294233736644 1.00546352636423 0.918918918918919 0.854669637883346 0.817986267590354 0.812610615047184 0.817986267590354
"14" 0.389789327077188 0.222870574357711 0.27027027027027 0.194894663538594 0.564340892373543 0.668611723073134 0.194894663538594 0.108108108108108 0.194894663538594 0.498353754448264 0.328797974610715 0.0764439763444916 0.543236520060589 0 0.0540540540540541 0.594594594594595 0.648648648648649 0.120868539324313 0.650897004259043 0.291089989574838 0.120868539324313 0.194894663538594 0.241737078648626 0.445741148715423 0.362605617972939 0.194894663538594 0.564340892373543 0.346114823645019 0.222870574357711 0.27027027027027 0.346114823645019 0.389789327077188 0.483474157297252 0.63268648166052 0.683735710306677 0.315186588910557 0.27027027027027 0.291089989574838 0.346114823645019 0.382219881722458 0.556520548161459 0.604342696621565 0.653137620194301 0.702702702702703 0.422175658157116 0.389789327077188 0.341867855153338 0.498353754448264 0.54054054054054 0.435797716124246 0.411663411127779 0.411663411127779 0.498353754448264 0.704778638400286 0.509944926057114 0.54054054054054 0.692229647290038 0.779578654154376 0.486486486486486 0.489480277737158 0.556520548161459 0.768252454246048 0.543236520060589 0.659813817066687 0.677295356007658 0.604342696621565 0.594594594594595 0.604342696621565 0.677295356007658 0.879936248437822 0.650897004259043 0.702702702702703 0.750942918348638 0.721171030493315 0.710970077727887 0.803571283638838 0.787038906949245 0.773936273690614 0.758684802573957 0.764439763444916 0.803571283638838 0.871595432248492 0.899638755518553 0.996707508896528
"15" 0.435797716124246 0.241737078648626 0.315186588910557 0.170933927576669 0.512801782730007 0.616311040594129 0.241737078648626 0.120868539324313 0.152887952688983 0.445741148715423 0.382219881722458 0.120868539324313 0.489480277737158 0.0540540540540541 0 0.540540540540541 0.594594594594595 0.0764439763444916 0.597046541469582 0.341867855153338 0.152887952688983 0.152887952688983 0.194894663538594 0.393519453474623 0.411663411127779 0.170933927576669 0.512801782730007 0.389789327077188 0.241737078648626 0.241737078648626 0.305775905377966 0.346114823645019 0.435797716124246 0.582179979149676 0.63268648166052 0.346114823645019 0.275622676410421 0.275622676410421 0.315186588910557 0.346114823645019 0.509944926057114 0.556520548161459 0.604342696621565 0.653137620194301 0.45866385806695 0.422175658157116 0.362605617972939 0.45866385806695 0.498353754448264 0.464990554975277 0.435797716124246 0.393519453474623 0.464990554975277 0.659813817066687 0.540540540540541 0.509944926057114 0.650897004259043 0.735214622093808 0.489480277737158 0.486486486486486 0.532370691988979 0.727222921463444 0.540540540540541 0.630373177821114 0.704778638400286 0.616311040594129 0.597046541469582 0.597046541469582 0.653137620194301 0.840883739789408 0.657595949221429 0.683735710306677 0.725211235945878 0.735214622093808 0.721171030493315 0.823326822255558 0.803571283638838 0.787038906949245 0.764439763444916 0.758684802573957 0.787038906949245 0.846079775270191 0.871595432248492 0.96240507106837
"16" 0.944013470085026 0.683735710306677 0.826868029231262 0.512801782730007 0.170933927576669 0.170933927576669 0.764439763444916 0.604342696621565 0.445741148715423 0.152887952688983 0.920507371131157 0.650897004259043 0.0764439763444916 0.594594594594595 0.540540540540541 0 0.0540540540540541 0.489480277737158 0.0764439763444916 0.871595432248492 0.657595949221429 0.445741148715423 0.393519453474623 0.194894663538594 0.933117648736869 0.512801782730007 0.170933927576669 0.891482297430846 0.683735710306677 0.483474157297252 0.389789327077188 0.346114823645019 0.27027027027027 0.216216216216216 0.222870574357711 0.803571283638838 0.653137620194301 0.556520548161459 0.464990554975277 0.422175658157116 0.291089989574838 0.275622676410421 0.27027027027027 0.275622676410421 0.923676080574868 0.873269968724514 0.773936273690614 0.389789327077188 0.362605617972939 0.894753803094424 0.846079775270191 0.574602476364035 0.464990554975277 0.378378378378378 0.966948314594504 0.509944926057114 0.435797716124246 0.435797716124246 0.768252454246048 0.727222921463444 0.584683990615782 0.486486486486486 0.764439763444916 0.582179979149676 1.09451117466576 0.920507371131157 0.840883739789408 0.768252454246048 0.653137620194301 0.597046541469582 0.9173277161339 0.725211235945878 0.683735710306677 1.03270125267799 0.993771692478391 1.14920495272807 1.1090964610099 1.07021566882288 0.996707508896528 0.899638755518553 0.823326822255558 0.773936273690614 0.764439763444916 0.758684802573957
"17" 0.996707508896528 0.735214622093808 0.879936248437822 0.564340892373543 0.194894663538594 0.162162162162162 0.817986267590354 0.657595949221429 0.498353754448264 0.194894663538594 0.97447331769297 0.704778638400286 0.120868539324313 0.648648648648649 0.594594594594595 0.0540540540540541 0 0.543236520060589 0.0540540540540541 0.925256365871551 0.710970077727887 0.498353754448264 0.445741148715423 0.241737078648626 0.986393923832144 0.564340892373543 0.194894663538594 0.944013470085026 0.735214622093808 0.532370691988979 0.435797716124246 0.389789327077188 0.305775905377967 0.222870574357711 0.216216216216216 0.854669637883346 0.702702702702703 0.604342696621565 0.509944926057114 0.464990554975277 0.315186588910557 0.291089989574838 0.275622676410421 0.27027027027027 0.97447331769297 0.923676080574868 0.823326822255558 0.422175658157116 0.389789327077188 0.944013470085026 0.894753803094424 0.616311040594129 0.498353754448264 0.382219881722458 1.01558347178681 0.540540540540541 0.445741148715423 0.432432432432432 0.810810810810811 0.768252454246048 0.616311040594129 0.489480277737158 0.803571283638838 0.604342696621565 1.14027151944481 0.96240507106837 0.879936248437822 0.803571283638838 0.677295356007658 0.594594594594595 0.956313838538061 0.750942918348638 0.702702702702703 1.07294233736644 1.03270125267799 1.19041705651596 1.14920495272807 1.1090964610099 1.03270125267799 0.929981109950554 0.846079775270191 0.787038906949245 0.773936273690614 0.756756756756757
"18" 0.509944926057114 0.315186588910557 0.389789327077188 0.216216216216216 0.483474157297252 0.582179979149676 0.315186588910557 0.194894663538594 0.170933927576669 0.411663411127779 0.445741148715423 0.194894663538594 0.445741148715423 0.120868539324313 0.0764439763444916 0.489480277737158 0.543236520060589 0 0.540540540540541 0.382219881722458 0.170933927576669 0.0764439763444916 0.120868539324313 0.328797974610715 0.445741148715423 0.108108108108108 0.445741148715423 0.411663411127779 0.229331929033475 0.170933927576669 0.229331929033475 0.27027027027027 0.362605617972939 0.512801782730007 0.564340892373543 0.346114823645019 0.241737078648626 0.216216216216216 0.241737078648626 0.27027027027027 0.435797716124246 0.483474157297252 0.532370691988979 0.582179979149676 0.464990554975277 0.422175658157116 0.346114823645019 0.382219881722458 0.422175658157116 0.45866385806695 0.422175658157116 0.328797974610715 0.389789327077188 0.584683990615782 0.535107834411441 0.435797716124246 0.574602476364035 0.659813817066687 0.445741148715423 0.435797716124246 0.461838040287434 0.650897004259043 0.489480277737158 0.556520548161459 0.692229647290038 0.582179979149676 0.551245352820842 0.540540540540541 0.582179979149676 0.764439763444916 0.616311040594129 0.616311040594129 0.653137620194301 0.702702702702703 0.683735710306677 0.7980985437964 0.773936273690614 0.752885852820763 0.721171030493315 0.702702702702703 0.721171030493315 0.773936273690614 0.7980985437964 0.886552403613877
"19" 1.00981306444699 0.752885852820763 0.891482297430846 0.582179979149676 0.241737078648626 0.216216216216216 0.826868029231262 0.668611723073134 0.512801782730008 0.229331929033475 0.978960555474315 0.710970077727887 0.152887952688983 0.650897004259043 0.597046541469582 0.0764439763444916 0.0540540540540541 0.540540540540541 0 0.920507371131157 0.704778638400286 0.489480277737158 0.435797716124246 0.222870574357711 0.978960555474315 0.551245352820842 0.152887952688983 0.933117648736869 0.721171030493315 0.512801782730008 0.411663411127779 0.362605617972939 0.27027027027027 0.170933927576669 0.162162162162162 0.839144578176217 0.683735710306677 0.582179979149676 0.483474157297252 0.435797716124246 0.27027027027027 0.241737078648626 0.222870574357711 0.216216216216216 0.957840278198343 0.906111060229201 0.803571283638838 0.382219881722458 0.346114823645019 0.923676080574868 0.873269968724514 0.584683990615782 0.45866385806695 0.328797974610715 0.993771692478391 0.498353754448264 0.393519453474623 0.378378378378378 0.779578654154376 0.735214622093808 0.574602476364035 0.435797716124246 0.768252454246048 0.556520548161459 1.11304109632292 0.929981109950554 0.844351316314233 0.764439763444916 0.630373177821114 0.540540540540541 0.920507371131157 0.704778638400286 0.653137620194301 1.03834447093506 0.996707508896528 1.15680727346123 1.11435287178856 1.07294233736644 0.993771692478391 0.886552403613877 0.7980985437964 0.735214622093808 0.721171030493315 0.702702702702703
"20" 0.328797974610715 0.389789327077188 0.275622676410421 0.464990554975277 0.854669637883346 0.957840278198343 0.241737078648626 0.346114823645019 0.483474157297252 0.787038906949245 0.170933927576669 0.27027027027027 0.826868029231262 0.291089989574838 0.341867855153338 0.871595432248492 0.925256365871551 0.382219881722458 0.920507371131157 0 0.216216216216216 0.432432432432432 0.486486486486486 0.702702702702703 0.0764439763444916 0.382219881722458 0.812610615047184 0.108108108108108 0.241737078648626 0.445741148715423 0.551245352820842 0.604342696621565 0.710970077727887 0.871595432248492 0.925256365871551 0.194894663538594 0.315186588910557 0.411663411127779 0.512801782730007 0.564340892373543 0.773936273690614 0.826868029231262 0.879936248437822 0.933117648736869 0.216216216216216 0.222870574357711 0.27027027027027 0.683735710306677 0.735214622093808 0.275622676410421 0.291089989574838 0.509944926057114 0.653137620194301 0.906111060229201 0.324324324324324 0.677295356007658 0.873269968724514 0.97447331769297 0.464990554975277 0.498353754448264 0.659813817066687 0.944013470085026 0.540540540540541 0.779578654154376 0.489480277737158 0.512801782730007 0.556520548161459 0.616311040594129 0.768252454246048 1.03975048982007 0.582179979149676 0.764439763444916 0.844351316314233 0.604342696621565 0.616311040594129 0.648648648648649 0.650897004259043 0.657595949221429 0.683735710306677 0.750942918348638 0.844351316314233 0.956313838538061 0.996707508896528 1.1247920025235
"21" 0.422175658157116 0.324324324324324 0.315186588910557 0.315186588910557 0.653137620194301 0.752885852820763 0.241737078648626 0.222870574357711 0.305775905377966 0.582179979149676 0.315186588910557 0.162162162162162 0.616311040594129 0.120868539324313 0.152887952688983 0.657595949221429 0.710970077727887 0.170933927576669 0.704778638400286 0.216216216216216 0 0.216216216216216 0.27027027027027 0.486486486486486 0.275622676410421 0.170933927576669 0.597046541469582 0.241737078648626 0.108108108108108 0.241737078648626 0.341867855153338 0.393519453474623 0.498353754448264 0.657595949221429 0.710970077727887 0.194894663538594 0.170933927576669 0.229331929033475 0.315186588910557 0.362605617972939 0.564340892373543 0.616311040594129 0.668611723073134 0.721171030493315 0.305775905377966 0.27027027027027 0.222870574357711 0.483474157297252 0.532370691988979 0.315186588910557 0.291089989574838 0.346114823645019 0.464990554975277 0.702702702702703 0.389789327077188 0.498353754448264 0.677295356007658 0.773936273690614 0.382219881722458 0.393519453474623 0.498353754448264 0.750942918348638 0.445741148715423 0.611551810755933 0.556520548161459 0.489480277737158 0.489480277737158 0.512801782730007 0.616311040594129 0.854669637883346 0.540540540540541 0.630373177821114 0.692229647290038 0.604342696621565 0.597046541469582 0.683735710306677 0.668611723073134 0.657595949221429 0.648648648648649 0.668611723073134 0.725211235945878 0.810810810810811 0.844351316314233 0.956313838538061
"22" 0.584683990615782 0.389789327077188 0.464990554975277 0.275622676410421 0.464990554975277 0.556520548161459 0.389789327077188 0.27027027027027 0.216216216216216 0.389789327077188 0.512801782730007 0.27027027027027 0.411663411127779 0.194894663538594 0.152887952688983 0.445741148715423 0.498353754448264 0.0764439763444916 0.489480277737158 0.432432432432432 0.216216216216216 0 0.0540540540540541 0.27027027027027 0.489480277737158 0.0764439763444916 0.382219881722458 0.445741148715423 0.241737078648626 0.108108108108108 0.152887952688983 0.194894663538594 0.291089989574838 0.445741148715423 0.498353754448264 0.362605617972939 0.229331929033475 0.170933927576669 0.170933927576669 0.194894663538594 0.362605617972939 0.411663411127779 0.461838040287434 0.512801782730007 0.483474157297252 0.435797716124246 0.346114823645019 0.305775905377966 0.346114823645019 0.464990554975277 0.422175658157116 0.27027027027027 0.315186588910557 0.509944926057114 0.54054054054054 0.362605617972939 0.498353754448264 0.584683990615782 0.411663411127779 0.393519453474623 0.393519453474623 0.574602476364035 0.445741148715423 0.483474157297252 0.687995787100425 0.556520548161459 0.512801782730007 0.489480277737158 0.512801782730007 0.687995787100425 0.582179979149676 0.551245352820842 0.582179979149676 0.677295356007658 0.653137620194301 0.779578654154376 0.750942918348638 0.725211235945878 0.683735710306677 0.650897004259043 0.657595949221429 0.702702702702703 0.725211235945878 0.810810810810811
"23" 0.630373177821114 0.422175658157116 0.509944926057114 0.291089989574838 0.422175658157116 0.509944926057114 0.435797716124246 0.305775905377966 0.222870574357711 0.346114823645019 0.564340892373543 0.315186588910557 0.362605617972939 0.241737078648626 0.194894663538594 0.393519453474623 0.445741148715423 0.120868539324313 0.435797716124246 0.486486486486486 0.27027027027027 0.0540540540540541 0 0.216216216216216 0.543236520060589 0.120868539324313 0.328797974610715 0.498353754448264 0.291089989574838 0.120868539324313 0.120868539324313 0.152887952688983 0.241737078648626 0.393519453474623 0.445741148715423 0.411663411127779 0.27027027027027 0.194894663538594 0.162162162162162 0.170933927576669 0.315186588910557 0.362605617972939 0.411663411127779 0.461838040287434 0.532370691988979 0.483474157297252 0.389789327077188 0.27027027027027 0.305775905377966 0.509944926057114 0.464990554975277 0.275622676410421 0.291089989574838 0.464990554975277 0.584683990615782 0.341867855153338 0.45866385806695 0.540540540540541 0.435797716124246 0.411663411127779 0.382219881722458 0.535107834411441 0.461838040287434 0.461838040287434 0.727222921463444 0.584683990615782 0.532370691988979 0.498353754448264 0.498353754448264 0.650897004259043 0.604342696621565 0.543236520060589 0.564340892373543 0.704778638400286 0.677295356007658 0.810810810810811 0.779578654154376 0.750942918348638 0.702702702702703 0.657595949221429 0.650897004259043 0.683735710306677 0.702702702702703 0.779578654154376
"24" 0.823326822255558 0.584683990615782 0.702702702702703 0.422175658157116 0.291089989574838 0.346114823645019 0.63268648166052 0.483474157297252 0.346114823645019 0.222870574357711 0.773936273690614 0.512801782730007 0.194894663538594 0.445741148715423 0.393519453474623 0.194894663538594 0.241737078648626 0.328797974610715 0.222870574357711 0.702702702702703 0.486486486486486 0.27027027027027 0.216216216216216 0 0.758684802573957 0.328797974610715 0.120868539324313 0.710970077727887 0.498353754448264 0.291089989574838 0.194894663538594 0.152887952688983 0.108108108108108 0.194894663538594 0.241737078648626 0.616311040594129 0.461838040287434 0.362605617972939 0.27027027027027 0.229331929033475 0.170933927576669 0.194894663538594 0.229331929033475 0.27027027027027 0.735214622093808 0.683735710306677 0.582179979149676 0.222870574357711 0.216216216216216 0.702702702702703 0.653137620194301 0.382219881722458 0.291089989574838 0.315186588910557 0.773936273690614 0.341867855153338 0.341867855153338 0.389789327077188 0.574602476364035 0.535107834411441 0.411663411127779 0.411663411127779 0.574602476364035 0.435797716124246 0.899638755518553 0.727222921463444 0.650897004259043 0.584683990615782 0.498353754448264 0.532370691988979 0.727222921463444 0.564340892373543 0.543236520060589 0.840883739789408 0.803571283638838 0.956313838538061 0.9173277161339 0.879936248437822 0.810810810810811 0.725211235945878 0.668611723073134 0.648648648648649 0.650897004259043 0.683735710306677
"25" 0.378378378378378 0.464990554975277 0.341867855153338 0.540540540540541 0.923676080574868 1.02560356546002 0.315186588910557 0.422175658157116 0.556520548161459 0.854669637883346 0.216216216216216 0.346114823645019 0.891482297430846 0.362605617972939 0.411663411127779 0.933117648736869 0.986393923832144 0.445741148715423 0.978960555474315 0.0764439763444916 0.275622676410421 0.489480277737158 0.543236520060589 0.758684802573957 0 0.432432432432432 0.864864864864865 0.0764439763444916 0.275622676410421 0.489480277737158 0.597046541469582 0.650897004259043 0.758684802573957 0.920507371131157 0.97447331769297 0.194894663538594 0.341867855153338 0.445741148715423 0.551245352820842 0.604342696621565 0.817986267590354 0.871595432248492 0.925256365871551 0.978960555474315 0.170933927576669 0.194894663538594 0.27027027027027 0.721171030493315 0.773936273690614 0.241737078648626 0.27027027027027 0.532370691988979 0.683735710306677 0.944013470085026 0.275622676410421 0.702702702702703 0.906111060229201 1.00981306444699 0.45866385806695 0.498353754448264 0.677295356007658 0.97447331769297 0.535107834411441 0.7980985437964 0.432432432432432 0.483474157297252 0.540540540540541 0.611551810755933 0.779578654154376 1.06474138397796 0.556520548161459 0.768252454246048 0.854669637883346 0.564340892373543 0.582179979149676 0.597046541469582 0.604342696621565 0.616311040594129 0.653137620194301 0.735214622093808 0.840883739789408 0.96240507106837 1.00546352636423 1.14027151944481
"26" 0.574602476364035 0.411663411127779 0.45866385806695 0.324324324324324 0.540540540540541 0.630373177821114 0.382219881722458 0.291089989574838 0.275622676410421 0.464990554975277 0.483474157297252 0.27027027027027 0.483474157297252 0.194894663538594 0.170933927576669 0.512801782730007 0.564340892373543 0.108108108108108 0.551245352820842 0.382219881722458 0.170933927576669 0.0764439763444916 0.120868539324313 0.328797974610715 0.432432432432432 0 0.432432432432432 0.382219881722458 0.170933927576669 0.0764439763444916 0.170933927576669 0.222870574357711 0.328797974610715 0.489480277737158 0.543236520060589 0.291089989574838 0.152887952688983 0.108108108108108 0.152887952688983 0.194894663538594 0.393519453474623 0.445741148715423 0.498353754448264 0.551245352820842 0.411663411127779 0.362605617972939 0.27027027027027 0.315186588910557 0.362605617972939 0.389789327077188 0.346114823645019 0.222870574357711 0.305775905377966 0.532370691988979 0.464990554975277 0.346114823645019 0.509944926057114 0.604342696621565 0.341867855153338 0.328797974610715 0.362605617972939 0.584683990615782 0.382219881722458 0.464990554975277 0.611551810755933 0.483474157297252 0.445741148715423 0.432432432432432 0.483474157297252 0.692229647290038 0.512801782730007 0.512801782730007 0.556520548161459 0.604342696621565 0.582179979149676 0.704778638400286 0.677295356007658 0.653137620194301 0.616311040594129 0.594594594594595 0.616311040594129 0.677295356007658 0.704778638400286 0.803571283638838
