"V1" "V2" "V3" "V4" "V5" "V6" "V7" "V8" "V9" "V10" "V11" "V12" "V13" "V14" "V15" "V16" "V17" "V18" "V19" "V20" "V21"
"1" 0 0.670169907700495 0.591959742778666 0.657270807124819 0.517597363295803 0.573209594988319 0.55455578908327 0.250995030903639 0.824282632490299 0.320241876104552 0.665134200471425 0.429538981859756 0.274926387352487 0.484608286325976 0.551166738935701 0.23623898737419 0.650249380107895 0.341201894405803 0.239489086422129 0.328844086396701 0.60216177537451
"2" 0.670169907700495 0 0.108650048783385 0.281351157608946 0.21798594883386 0.924631463696702 1.02329881451438 0.905920765210611 0.648756205097548 0.925198472364248 0.536631918171366 0.300817810386622 0.697667226648888 0.400196648662124 1.111727272446 0.838857598656841 0.371270351466964 0.349884534970364 0.466149209722771 0.373732747247241 0.48749741594709
"3" 0.591959742778666 0.108650048783385 0 0.342945458256522 0.109489472102913 0.909632486428954 0.992433317621091 0.818453565236522 0.706268845465165 0.867064051056368 0.576881635509531 0.196073843607748 0.594981268464431 0.407974836949234 1.0662134312633 0.778808528765055 0.423141379215724 0.300275991544052 0.41094092054467 0.327463841208625 0.519104013153211
"4" 0.657270807124819 0.281351157608946 0.342945458256522 0 0.419458584082921 0.720600151270507 0.849215865077651 0.908239821164698 0.367749006850809 0.826666317721267 0.263094202828991 0.457267860794197 0.788964637650817 0.208036412780931 0.969615359732569 0.751798505963749 0.0933822965492921 0.326950013403285 0.417874898275146 0.331763578105206 0.227562313369389
"5" 0.517597363295803 0.21798594883386 0.109489472102913 0.419458584082921 0 0.89930349471939 0.964577595985131 0.730596852355615 0.769136287993597 0.811505603903499 0.62708050856139 0.0945348291201945 0.490929729664847 0.435950755656479 1.02217165650025 0.722312981444995 0.488498465454488 0.27734991319558 0.371361730504846 0.305508113882171 0.563409223693938
"6" 0.573209594988319 0.924631463696702 0.909632486428954 0.720600151270507 0.89930349471939 0 0.169975301677803 0.692163980242242 0.588965909676767 0.383859725694084 0.514317563455184 0.849868442914161 0.848135393029163 0.530671225704195 0.339332304153332 0.396888137618404 0.644011298402771 0.621989316976567 0.540588445131275 0.593802293270677 0.507694756605728
"7" 0.55455578908327 1.02329881451438 0.992433317621091 0.849215865077651 0.964577595985131 0.169975301677803 0 0.610601649316952 0.754723654061034 0.284791848728745 0.667351778016597 0.901732037698766 0.821326372145485 0.647474228585718 0.171360234161065 0.333642526572101 0.780983880703109 0.693631400832705 0.593540329926637 0.665800056821146 0.65089146372568
"8" 0.250995030903639 0.905920765210611 0.818453565236522 0.908239821164698 0.730596852355615 0.692163980242242 0.610601649316952 0 1.05457890867144 0.325863123152458 0.90035371580186 0.636857963689745 0.311345203052955 0.731500780709332 0.533160669628858 0.295492110278258 0.89894331573805 0.590348373953342 0.490390117693062 0.579336108550028 0.841102139310008
"9" 0.824282632490299 0.648756205097548 0.706268845465165 0.367749006850809 0.769136287993597 0.588965909676767 0.754723654061034 1.05457890867144 0 0.857803329696925 0.163146530539164 0.785105488902547 1.03503874578906 0.37260083720456 0.914235793409369 0.811794396699198 0.283180573038461 0.583048486907325 0.614308352306806 0.570417824973667 0.232204092202495
"10" 0.320241876104552 0.925198472364248 0.867064051056368 0.826666317721267 0.811505603903499 0.383859725694084 0.284791848728745 0.325863123152458 0.857803329696925 0 0.726852033190395 0.731719582506792 0.560826762465225 0.62082235569494 0.233085046144815 0.0892310154890358 0.784705920922994 0.575316618502057 0.459271026231189 0.551937473971121 0.68443259790759
"11" 0.665134200471425 0.536631918171366 0.576881635509531 0.263094202828991 0.62708050856139 0.514317563455184 0.667351778016597 0.90035371580186 0.163146530539164 0.726852033190395 0 0.633591191658353 0.871897629602785 0.211505919893813 0.813911501168285 0.672086593765422 0.169755548385468 0.422470117645544 0.451312710855812 0.408579098896343 0.0698118582917271
"12" 0.429538981859756 0.300817810386622 0.196073843607748 0.457267860794197 0.0945348291201945 0.849868442914161 0.901732037698766 0.636857963689745 0.785105488902547 0.731719582506792 0.633591191658353 0 0.39901207046173 0.429261783402712 0.948250184083391 0.642562455924389 0.513132091779395 0.238783974151139 0.310828235990438 0.264806484588499 0.566200755727622
"13" 0.274926387352487 0.697667226648888 0.594981268464431 0.788964637650817 0.490929729664847 0.848135393029163 0.821326372145485 0.311345203052955 1.03503874578906 0.560826762465225 0.871897629602785 0.39901207046173 0 0.667091292383916 0.79238458738844 0.490284350232893 0.811829799084378 0.468412704509959 0.421382328494685 0.472883279255811 0.803374372763771
"14" 0.484608286325976 0.400196648662124 0.407974836949234 0.208036412780931 0.435950755656479 0.530671225704195 0.647474228585718 0.731500780709332 0.37260083720456 0.62082235569494 0.211505919893813 0.429261783402712 0.667091292383916 0 0.762430115892484 0.548773671887263 0.169423236734403 0.210965147982152 0.252963790732914 0.197896125351269 0.141759444158069
"15" 0.551166738935701 1.111727272446 1.0662134312633 0.969615359732569 1.02217165650025 0.339332304153332 0.171360234161065 0.533160669628858 0.914235793409369 0.233085046144815 0.813911501168285 0.948250184083391 0.79238458738844 0.762430115892484 0 0.315167926258732 0.910514260367711 0.766893772744163 0.655707690386215 0.74075292109284 0.788703623968246
"16" 0.23623898737419 0.838857598656841 0.778808528765055 0.751798505963749 0.722312981444995 0.396888137618404 0.333642526572101 0.295492110278258 0.811794396699198 0.0892310154890358 0.672086593765422 0.642562455924389 0.490284350232893 0.548773671887263 0.315167926258732 0 0.715642776418271 0.489124745496577 0.372716123458713 0.466518797587342 0.6242929983393
"17" 0.650249380107895 0.371270351466964 0.423141379215724 0.0933822965492921 0.488498465454488 0.644011298402771 0.780983880703109 0.89894331573805 0.283180573038461 0.784705920922994 0.169755548385468 0.513132091779395 0.811829799084378 0.169423236734403 0.910514260367711 0.715642776418271 0 0.343446305304239 0.413491950834532 0.340474999523972 0.13983136358506
"18" 0.341201894405803 0.349884534970364 0.300275991544052 0.326950013403285 0.27734991319558 0.621989316976567 0.693631400832705 0.590348373953342 0.583048486907325 0.575316618502057 0.422470117645544 0.238783974151139 0.468412704509959 0.210965147982152 0.766893772744163 0.489124745496577 0.343446305304239 0 0.116508208573782 0.0282515648765438 0.3527046534148
"19" 0.239489086422129 0.466149209722771 0.41094092054467 0.417874898275146 0.371361730504846 0.540588445131275 0.593540329926637 0.490390117693062 0.614308352306806 0.459271026231189 0.451312710855812 0.310828235990438 0.421382328494685 0.252963790732914 0.655707690386215 0.372716123458713 0.413491950834532 0.116508208573782 0 0.0958068940236332 0.383593944697591
"20" 0.328844086396701 0.373732747247241 0.327463841208625 0.331763578105206 0.305508113882171 0.593802293270677 0.665800056821146 0.579336108550028 0.570417824973667 0.551937473971121 0.408579098896343 0.264806484588499 0.472883279255811 0.197896125351269 0.74075292109284 0.466518797587342 0.340474999523972 0.0282515648765438 0.0958068940236332 0 0.33879549832313
"21" 0.60216177537451 0.48749741594709 0.519104013153211 0.227562313369389 0.563409223693938 0.507694756605728 0.65089146372568 0.841102139310008 0.232204092202495 0.68443259790759 0.0698118582917271 0.566200755727622 0.803374372763771 0.141759444158069 0.788703623968246 0.6242929983393 0.13983136358506 0.3527046534148 0.383593944697591 0.33879549832313 0
