"V1" "V2" "V3" "V4" "V5" "V6" "V7" "V8" "V9" "V10" "V11" "V12" "V13" "V14" "V15" "V16" "V17" "V18" "V19" "V20" "V21"
"1" 0 0.643382622269987 0.470899260725249 0.341267500093401 0.489354099057354 0.685623958774497 0.372630342070707 0.733845079795134 0.606377174266358 0.744443043917301 0.480072241977227 0.67950891853607 0.328757093028849 0.434467401279687 0.663398989043745 0.517089683567255 0.522398013997485 0.41589130147512 0.899834733840812 0.841501294211964 0.491173905481061
"2" 0.643382622269987 0 0.19063652089842 0.314536082913421 0.546621578147427 0.44562497342267 0.354639907895647 0.850023238699081 0.892434891585245 0.272593104949346 0.41812762874025 0.208997731532678 0.858203797221472 0.213056905213054 0.987729203033523 0.363738303621257 0.397382473443033 0.808135637074546 0.489143566897851 0.609924963666083 0.694095158015923
"3" 0.470899260725249 0.19063652089842 0 0.186112322725052 0.510405444878345 0.505375497935243 0.167258413890583 0.832120132872778 0.82713385561226 0.407364355862969 0.394305852856753 0.331825911227526 0.72413096748925 0.108625511041125 0.916965242177605 0.363508651883536 0.395465124140705 0.706962205996842 0.620035069511485 0.686257795746977 0.63473029913325
"4" 0.341267500093401 0.314536082913421 0.186112322725052 0 0.34610807313163 0.417759049765189 0.232964620954171 0.666948413587057 0.644146033399579 0.413323066519615 0.250219255540326 0.343595868789021 0.548057456884127 0.102041670364487 0.732515413589506 0.246238513101637 0.269778567774688 0.521092923058264 0.594135424041197 0.59719778018606 0.455392619715973
"5" 0.489354099057354 0.546621578147427 0.510405444878345 0.34610807313163 0 0.258542485100611 0.576606766634284 0.322292162739306 0.350972406994234 0.440763833732596 0.12857077183311 0.419306153140774 0.458531877623253 0.402182034583361 0.44786322779122 0.188214392252504 0.158344819846828 0.327119639663598 0.494316921982187 0.368057947499971 0.156345030476632
"6" 0.685623958774497 0.44562497342267 0.505375497935243 0.417759049765189 0.258542485100611 0 0.633792888517044 0.451408433214124 0.571517578256067 0.230431518311685 0.206101616835919 0.250119065028216 0.714923470403635 0.409617145201601 0.666293838653648 0.175238003304717 0.163503719003094 0.58442049163818 0.236109209003262 0.182314418047109 0.39998100131354
"7" 0.372630342070707 0.354639907895647 0.167258413890583 0.232964620954171 0.576606766634284 0.633792888517044 0 0.89444801912796 0.8483403599048 0.56811715659217 0.482534074608013 0.492212131574739 0.673511812145381 0.22756953144778 0.929638917981108 0.471241160251198 0.49820260878987 0.697022063601682 0.77549892063013 0.81597415291913 0.671377547340722
"8" 0.733845079795134 0.850023238699081 0.832120132872778 0.666948413587057 0.322292162739306 0.451408433214124 0.89444801912796 0 0.217490394518101 0.680703671200208 0.441083754229675 0.686813054436795 0.550279154692556 0.723631318300724 0.278671232410514 0.487422825507124 0.45343123042618 0.377345764105817 0.632771508464841 0.417587235786685 0.243430022327663
"9" 0.606377174266358 0.892434891585245 0.82713385561226 0.644146033399579 0.350972406994234 0.571517578256067 0.8483403599048 0.217490394518101 0 0.783095801078622 0.477853758996893 0.768711303237593 0.358257876120283 0.724430347922617 0.0970629276835972 0.539145079774049 0.509060134168638 0.197642762457277 0.787732507139265 0.594407710993107 0.198343529388709
"10" 0.744443043917301 0.272593104949346 0.407364355862969 0.413323066519615 0.440763833732596 0.230431518311685 0.56811715659217 0.680703671200208 0.783095801078622 0 0.332650733044504 0.0759072272553238 0.861465222699312 0.350531917820523 0.87973956298091 0.269076521271079 0.288800046202803 0.760015371341838 0.217735777759153 0.357115834455 0.596067759527954
"11" 0.480072241977227 0.41812762874025 0.394305852856753 0.250219255540326 0.12857077183311 0.206101616835919 0.482534074608013 0.441083754229675 0.477853758996893 0.332650733044504 0 0.299872368707915 0.532387245052243 0.285844678299153 0.574355189897328 0.0648297841773441 0.0472951846365953 0.428381765242496 0.431576973777698 0.366789638081857 0.280533664027055
"12" 0.67950891853607 0.208997731532678 0.331825911227526 0.343595868789021 0.419306153140774 0.250119065028216 0.492212131574739 0.686813054436795 0.768711303237593 0.0759072272553238 0.299872368707915 0 0.816663170559513 0.275808084343241 0.865773971062161 0.235109294208824 0.26141055814599 0.72712910705446 0.290084064641203 0.403007820705118 0.575580606314589
"13" 0.328757093028849 0.858203797221472 0.72413096748925 0.548057456884127 0.458531877623253 0.714923470403635 0.673511812145381 0.550279154692556 0.358257876120283 0.861465222699312 0.532387245052243 0.816663170559513 0 0.649445396570231 0.380193497140213 0.593419811820018 0.579059385093037 0.173241776938656 0.950955104901892 0.816440404294674 0.355789847832537
"14" 0.434467401279687 0.213056905213054 0.108625511041125 0.102041670364487 0.402182034583361 0.409617145201601 0.22756953144778 0.723631318300724 0.724430347922617 0.350531917820523 0.285844678299153 0.275808084343241 0.649445396570231 0 0.815853609470358 0.257881895492146 0.288906643371428 0.614770245427383 0.550704819801317 0.591860794057433 0.529945030508682
"15" 0.663398989043745 0.987729203033523 0.916965242177605 0.732515413589506 0.44786322779122 0.666293838653648 0.929638917981108 0.278671232410514 0.0970629276835972 0.87973956298091 0.574355189897328 0.865773971062161 0.380193497140213 0.815853609470358 0 0.635968026396567 0.606037008479622 0.247707186838168 0.878718241613583 0.679200366274884 0.294158479874094
"16" 0.517089683567255 0.363738303621257 0.363508651883536 0.246238513101637 0.188214392252504 0.175238003304717 0.471241160251198 0.487422825507124 0.539145079774049 0.269076521271079 0.0648297841773441 0.235109294208824 0.593419811820018 0.257881895492146 0.635968026396567 0 0.0340519757720228 0.493062423539912 0.384021389346189 0.351429891338687 0.343028564895285
"17" 0.522398013997485 0.397382473443033 0.395465124140705 0.269778567774688 0.158344819846828 0.163503719003094 0.49820260878987 0.45343123042618 0.509060134168638 0.288800046202803 0.0472951846365953 0.26141055814599 0.579059385093037 0.288906643371428 0.606037008479622 0.0340519757720228 0 0.471215855996036 0.384970203995479 0.33239807795879 0.314337412350874
"18" 0.41589130147512 0.808135637074546 0.706962205996842 0.521092923058264 0.327119639663598 0.58442049163818 0.697022063601682 0.377345764105817 0.197642762457277 0.760015371341838 0.428381765242496 0.72712910705446 0.173241776938656 0.614770245427383 0.247707186838168 0.493062423539912 0.471215855996036 0 0.818715695091383 0.663397013008773 0.195516873698623
"19" 0.899834733840812 0.489143566897851 0.620035069511485 0.594135424041197 0.494316921982187 0.236109209003262 0.77549892063013 0.632771508464841 0.787732507139265 0.217735777759153 0.431576973777698 0.290084064641203 0.950955104901892 0.550704819801317 0.878718241613583 0.384021389346189 0.384970203995479 0.818715695091383 0 0.225582163350818 0.630231181686133
"20" 0.841501294211964 0.609924963666083 0.686257795746977 0.59719778018606 0.368057947499971 0.182314418047109 0.81597415291913 0.417587235786685 0.594407710993107 0.357115834455 0.366789638081857 0.403007820705118 0.816440404294674 0.591860794057433 0.679200366274884 0.351429891338687 0.33239807795879 0.663397013008773 0.225582163350818 0 0.467902717662032
"21" 0.491173905481061 0.694095158015923 0.63473029913325 0.455392619715973 0.156345030476632 0.39998100131354 0.671377547340722 0.243430022327663 0.198343529388709 0.596067759527954 0.280533664027055 0.575580606314589 0.355789847832537 0.529945030508682 0.294158479874094 0.343028564895285 0.314337412350874 0.195516873698623 0.630231181686133 0.467902717662032 0
