"V1" "V2" "V3" "V4" "V5" "V6" "V7" "V8" "V9" "V10" "V11" "V12" "V13" "V14" "V15" "V16" "V17" "V18" "V19" "V20" "V21"
"1" 0 0.473859036354067 0.575046089141246 0.415196406824142 0.643831968917258 0.434536593265379 0.658030844324162 0.399600601346391 0.525125122466403 0.376341815789359 0.411296191088374 0.746962655586621 0.595967240483822 0.341639913415402 0.511798754474846 0.724975482403096 0.853322101475533 0.574568340588769 0.231921788298543 0.855889586098907 0.434636993695428
"2" 0.473859036354067 0 0.830201173174043 0.0630657200594135 0.790537353634015 0.313138337933613 0.774873090309633 0.18807498371089 0.295113813151564 0.257253945100986 0.473842270490401 0.848114974688164 0.144075079956807 0.52342417483684 0.748665498811801 0.368822338969581 0.435509088572463 0.454410949921515 0.555953568660424 0.457086962760644 0.459739881166273
"3" 0.575046089141246 0.830201173174043 0 0.772126380755227 0.178526473768495 0.549537892562034 0.224172001225829 0.876259364358998 0.635195498102785 0.57872529173666 0.370489550986653 0.279495330796777 0.973656941590308 0.916522118009051 0.0816596751799392 0.822844361492621 0.985580077362144 1.12123844638491 0.794535075316878 0.958053656350498 1.00104774817464
"4" 0.415196406824142 0.0630657200594135 0.772126380755227 0 0.739372079378156 0.270557543817115 0.725963234738121 0.183192043544192 0.271853330871592 0.206646889405068 0.421264720442021 0.801753850861048 0.205364193643053 0.494679622325742 0.69078137012744 0.382813011529883 0.469719910257331 0.465827069506446 0.512870023684628 0.485757965879936 0.448191203631807
"5" 0.643831968917258 0.790537353634015 0.178526473768495 0.739372079378156 0 0.48332516226931 0.046838935897352 0.873750898125836 0.548200569504564 0.533566382490975 0.318384038830194 0.112900757408008 0.928568450969502 0.979449120290233 0.166289170041398 0.708702760288151 0.868763335197368 1.14122536495867 0.874582293506375 0.835392560262602 1.04145461148026
"6" 0.434536593265379 0.313138337933613 0.549537892562034 0.270557543817115 0.48332516226931 0 0.464117803266506 0.436475305092597 0.104132960631823 0.0776691446792888 0.179049641838297 0.535248929866958 0.446497709504993 0.667170193107118 0.469006328897082 0.31855913879789 0.472434047422903 0.722114067297774 0.626562232771496 0.459585954195265 0.669003681158172
"7" 0.658030844324162 0.774873090309633 0.224172001225829 0.725963234738121 0.046838935897352 0.464117803266506 0 0.867253175314183 0.52215472764508 0.519350476171988 0.308304608659167 0.0889467928512443 0.910593988703714 0.989504103424115 0.203679983654436 0.67408416726866 0.83282764828328 1.1392061477389 0.889749608816792 0.798150475163157 1.04525129747704
"8" 0.399600601346391 0.18807498371089 0.876259364358998 0.183192043544192 0.873750898125836 0.436475305092597 0.867253175314183 0 0.453310007783618 0.362749641175161 0.559174823326485 0.948656545324185 0.23248614998556 0.346678711971188 0.79777323243074 0.556203668811043 0.618909492740268 0.286243368427416 0.407346718137898 0.643353477849266 0.271669707107391
"9" 0.525125122466403 0.295113813151564 0.635195498102785 0.271853330871592 0.548200569504564 0.104132960631823 0.52215472764508 0.453310007783618 0 0.149041431313708 0.269002817059304 0.583157136213135 0.408282920969629 0.725379749399566 0.556531613451859 0.214448530575782 0.36925901832732 0.737635405893791 0.701613538696602 0.35546846889095 0.707397754645199
"10" 0.376341815789359 0.257253945100986 0.57872529173666 0.206646889405068 0.533566382490975 0.0776691446792888 0.519350476171988 0.362749641175161 0.149041431313708 0 0.216651518615326 0.595397034423671 0.397787468733867 0.591139694590255 0.49709750526072 0.353031740768604 0.494953712642065 0.647310505738351 0.556283365211623 0.489676062287374 0.591374151465415
"11" 0.411296191088374 0.473842270490401 0.370489550986653 0.421264720442021 0.318384038830194 0.179049641838297 0.308304608659167 0.559174823326485 0.269002817059304 0.216651518615326 0 0.389828304234625 0.614128845695621 0.71287193134244 0.290085020119626 0.471656460683147 0.632736660088431 0.833968451707857 0.636174848527576 0.612220113614458 0.750073444103536
"12" 0.746962655586621 0.848114974688164 0.279495330796777 0.801753850861048 0.112900757408008 0.535248929866958 0.0889467928512443 0.948656545324185 0.583157136213135 0.595397034423671 0.389828304234625 0 0.980684062188413 1.07816985921138 0.278730701160258 0.716476205700634 0.87066675812296 1.22327799148582 0.978654392150212 0.832584338932069 1.13223782894224
"13" 0.595967240483822 0.144075079956807 0.973656941590308 0.205364193643053 0.928568450969502 0.446497709504993 0.910593988703714 0.23248614998556 0.408282920969629 0.397787468733867 0.614128845695621 0.980684062188413 0 0.575306232673964 0.89205991127616 0.414767926966245 0.426586750130391 0.419957357728236 0.63871734699317 0.461603300803684 0.477243864997036
"14" 0.341639913415402 0.52342417483684 0.916522118009051 0.494679622325742 0.979449120290233 0.667170193107118 0.989504103424115 0.346678711971188 0.725379749399566 0.591139694590255 0.71287193134244 1.07816985921138 0.575306232673964 0 0.853115819316558 0.876129039637222 0.958909943464415 0.315310807596939 0.147073791802245 0.978862476124446 0.149054013353351
"15" 0.511798754474846 0.748665498811801 0.0816596751799392 0.69078137012744 0.166289170041398 0.469006328897082 0.203679983654436 0.79777323243074 0.556531613451859 0.49709750526072 0.290085020119626 0.278730701160258 0.89205991127616 0.853115819316558 0 0.748223050394164 0.910967174905118 1.04706509558902 0.736860018988633 0.885038675188259 0.931281621158693
"16" 0.724975482403096 0.368822338969581 0.822844361492621 0.382813011529883 0.708702760288151 0.31855913879789 0.67408416726866 0.556203668811043 0.214448530575782 0.353031740768604 0.471656460683147 0.716476205700634 0.414767926966245 0.876129039637222 0.748223050394164 0 0.162770188138856 0.816614752830262 0.877929253451587 0.141562667080521 0.827300707026262
"17" 0.853322101475533 0.435509088572463 0.985580077362144 0.469719910257331 0.868763335197368 0.472434047422903 0.83282764828328 0.618909492740268 0.36925901832732 0.494953712642065 0.632736660088431 0.87066675812296 0.426586750130391 0.958909943464415 0.910967174905118 0.162770188138856 0 0.846455080310861 0.98185936656281 0.0504508359199654 0.887608126856877
"18" 0.574568340588769 0.454410949921515 1.12123844638491 0.465827069506446 1.14122536495867 0.722114067297774 1.1392061477389 0.286243368427416 0.737635405893791 0.647310505738351 0.833968451707857 1.22327799148582 0.419957357728236 0.315310807596939 1.04706509558902 0.816614752830262 0.846455080310861 0 0.452623529581934 0.880209320921765 0.166538277921376
"19" 0.231921788298543 0.555953568660424 0.794535075316878 0.512870023684628 0.874582293506375 0.626562232771496 0.889749608816792 0.407346718137898 0.701613538696602 0.556283365211623 0.636174848527576 0.978654392150212 0.63871734699317 0.147073791802245 0.736860018988633 0.877929253451587 0.98185936656281 0.452623529581934 0 0.994705702117116 0.287388623065344
"20" 0.855889586098907 0.457086962760644 0.958053656350498 0.485757965879936 0.835392560262602 0.459585954195265 0.798150475163157 0.643353477849266 0.35546846889095 0.489676062287374 0.612220113614458 0.832584338932069 0.461603300803684 0.978862476124446 0.885038675188259 0.141562667080521 0.0504508359199654 0.880209320921765 0.994705702117116 0 0.913919117892358
"21" 0.434636993695428 0.459739881166273 1.00104774817464 0.448191203631807 1.04145461148026 0.669003681158172 1.04525129747704 0.271669707107391 0.707397754645199 0.591374151465415 0.750073444103536 1.13223782894224 0.477243864997036 0.149054013353351 0.931281621158693 0.827300707026262 0.887608126856877 0.166538277921376 0.287388623065344 0.913919117892358 0
