"V1" "V2" "V3" "V4" "V5" "V6" "V7" "V8" "V9" "V10" "V11" "V12" "V13" "V14" "V15" "V16" "V17" "V18" "V19" "V20" "V21"
"1" 0 0.657160682750827 0.613100150711283 0.389778445791202 0.427058281280892 0.986038872722618 0.306513686903208 0.749201693663932 0.846746522510557 0.810874284713257 0.562533529895286 0.887478882220138 0.250213789519469 0.36555550216087 0.400623340686213 0.552837804904459 0.853182702745141 0.462923354463922 0.407483262305685 0.632105064407149 0.684778706905288
"2" 0.657160682750827 0 0.991051348546625 0.53975382608548 0.785679130164759 0.93991280221104 0.351606527866439 0.270375060924068 0.392254501078718 0.831552779846233 0.424856052490434 0.324616581803338 0.451156846975415 0.595801568838961 0.917997161055435 0.996142164781945 0.738480710422195 0.613450505234534 0.766271969794842 0.235891443665438 0.428165501051859
"3" 0.613100150711283 0.991051348546625 0 0.451410476368718 0.2154495972024 0.610223967701264 0.756491031028872 0.896339454954036 0.916354127033609 0.461776800875586 0.612935168034871 1.03626978520293 0.798071063450444 0.398323198110078 0.252812286637265 0.101362016576244 0.611146508225638 0.384691470430611 0.23746574136557 0.813219564677766 0.703386879705649
"4" 0.389778445791202 0.53975382608548 0.451410476368718 0 0.249009939792543 0.608244601754269 0.347910674195711 0.480454308656781 0.537793807720657 0.43959927209296 0.213333331518512 0.627761372046799 0.436692821845972 0.0629322068201327 0.414268749552768 0.460937233906003 0.463678965806297 0.0964309133571542 0.231474027241065 0.379512868809102 0.336589190241959
"5" 0.427058281280892 0.785679130164759 0.2154495972024 0.249009939792543 0 0.620707407415481 0.541189744226925 0.72036536670942 0.760847450363647 0.445881872300144 0.439434592194282 0.865703971308066 0.587928553064182 0.189989606084924 0.202416027540058 0.211927559564654 0.550355692660873 0.2079825233328 0.022273554268459 0.625681946090844 0.548367282226362
"6" 0.986038872722618 0.93991280221104 0.610223967701264 0.608244601754269 0.620707407415481 0 0.925077081419385 0.704853830332259 0.635921883910862 0.177322324810924 0.543841317374873 0.783319176755401 1.03449721385718 0.620949652552938 0.804505413322042 0.704660724605935 0.202235529959635 0.52403915266589 0.629380157762826 0.704027503516615 0.511881011286719
"7" 0.306513686903208 0.351606527866439 0.756491031028872 0.347910674195711 0.541189744226925 0.925077081419385 0 0.486104032562735 0.60089313868571 0.769968251875801 0.398462397289498 0.61001045279923 0.130216182603623 0.375772229734055 0.619288681040979 0.732515658682313 0.749041935676188 0.444192117393491 0.519072143344678 0.374557094564243 0.493405269731618
"8" 0.749201693663932 0.270375060924068 0.896339454954036 0.480454308656781 0.72036536670942 0.704853830332259 0.486104032562735 0 0.126002985341989 0.627167495834652 0.2838033421794 0.14769427443099 0.613431715716959 0.543367707710244 0.894606649460567 0.928408478462991 0.503648848994071 0.516371783701543 0.705974401088893 0.11710208735277 0.21265814073865
"9" 0.846746522510557 0.392254501078718 0.916354127033609 0.537793807720657 0.760847450363647 0.635921883910862 0.60089313868571 0.126002985341989 0 0.587741179737696 0.32557250373348 0.147597497601993 0.730042462108465 0.599011189960411 0.94789385522275 0.960917159938935 0.442314613883588 0.552867620076362 0.749388660366188 0.226415419492666 0.213889965066518
"10" 0.810874284713257 0.831552779846233 0.461776800875586 0.43959927209296 0.445881872300144 0.177322324810924 0.769968251875801 0.627167495834652 0.587741179737696 0 0.412716267408794 0.732431801272044 0.872711378926959 0.446988910893678 0.634910652198108 0.549197787910658 0.169192990873958 0.351122985466168 0.453529310443276 0.599480264359988 0.417005780557236
"11" 0.562533529895286 0.424856052490434 0.612935168034871 0.213333331518512 0.439434592194282 0.543841317374873 0.398462397289498 0.2838033421794 0.32557250373348 0.412716267408794 0 0.426924396848084 0.521410084147201 0.27368495939761 0.622546459180422 0.645380111484661 0.355190738582525 0.233191994823196 0.426457204832847 0.207408687440693 0.125662300519985
"12" 0.887478882220138 0.324616581803338 1.03626978520293 0.627761372046799 0.865703971308066 0.783319176755401 0.61001045279923 0.14769427443099 0.147597497601993 0.732431801272044 0.426924396848084 0 0.73232154092671 0.690634478569122 1.04200938830087 1.07227106698041 0.58976001571212 0.660113581627833 0.851856068461178 0.260012809693077 0.337283168269186
"13" 0.250213789519469 0.451156846975415 0.798071063450444 0.436692821845972 0.587928553064182 1.03449721385718 0.130216182603623 0.613431715716959 0.730042462108465 0.872711378926959 0.521410084147201 0.73232154092671 0 0.449449938363039 0.624235925001795 0.758200170273252 0.866085638436078 0.531816519202127 0.565770495479034 0.503629952386751 0.621564368236813
"14" 0.36555550216087 0.595801568838961 0.398323198110078 0.0629322068201327 0.189989606084924 0.620949652552938 0.375772229734055 0.543367707710244 0.599011189960411 0.446988910893678 0.27368495939761 0.690634478569122 0.449449938363039 0 0.351462815284475 0.401389849972306 0.492699637539452 0.097398702862167 0.171215979311317 0.442099895795643 0.394931421507202
"15" 0.400623340686213 0.917997161055435 0.252812286637265 0.414268749552768 0.202416027540058 0.804505413322042 0.619288681040979 0.894606649460567 0.94789385522275 0.634910652198108 0.622546459180422 1.04200938830087 0.624235925001795 0.351462815284475 0 0.165323463918657 0.750626801900477 0.400689916720712 0.206112695182689 0.790871379761941 0.738884829502367
"16" 0.552837804904459 0.996142164781945 0.101362016576244 0.460937233906003 0.211927559564654 0.704660724605935 0.732515658682313 0.928408478462991 0.960917159938935 0.549197787910658 0.645380111484661 1.07227106698041 0.758200170273252 0.401389849972306 0.165323463918657 0 0.689783452656012 0.412206478818435 0.230196668849585 0.836557056872187 0.747061023396357
"17" 0.853182702745141 0.738480710422195 0.611146508225638 0.463678965806297 0.550355692660873 0.202235529959635 0.749041935676188 0.503648848994071 0.442314613883588 0.169192990873958 0.355190738582525 0.58976001571212 0.866085638436078 0.492699637539452 0.750626801900477 0.689783452656012 0 0.39751762113985 0.552086854816903 0.50272378747049 0.310320342885809
"18" 0.462923354463922 0.613450505234534 0.384691470430611 0.0964309133571542 0.2079825233328 0.52403915266589 0.444192117393491 0.516371783701543 0.552867620076362 0.351122985466168 0.233191994823196 0.660113581627833 0.531816519202127 0.097398702862167 0.400689916720712 0.412206478818435 0.39751762113985 0 0.197283830435587 0.428706187949998 0.340574061008304
"19" 0.407483262305685 0.766271969794842 0.23746574136557 0.231474027241065 0.022273554268459 0.629380157762826 0.519072143344678 0.705974401088893 0.749388660366188 0.453529310443276 0.426457204832847 0.851856068461178 0.565770495479034 0.171215979311317 0.206112695182689 0.230196668849585 0.552086854816903 0.197283830435587 0 0.609632927701758 0.537745973974832
"20" 0.632105064407149 0.235891443665438 0.813219564677766 0.379512868809102 0.625681946090844 0.704027503516615 0.374557094564243 0.11710208735277 0.226415419492666 0.599480264359988 0.207408687440693 0.260012809693077 0.503629952386751 0.442099895795643 0.790871379761941 0.836557056872187 0.50272378747049 0.428706187949998 0.609632927701758 0 0.192434079196922
"21" 0.684778706905288 0.428165501051859 0.703386879705649 0.336589190241959 0.548367282226362 0.511881011286719 0.493405269731618 0.21265814073865 0.213889965066518 0.417005780557236 0.125662300519985 0.337283168269186 0.621564368236813 0.394931421507202 0.738884829502367 0.747061023396357 0.310320342885809 0.340574061008304 0.537745973974832 0.192434079196922 0
