"V1" "V2" "V3" "V4" "V5" "V6" "V7" "V8" "V9" "V10" "V11" "V12" "V13" "V14" "V15" "V16" "V17" "V18" "V19" "V20" "V21" "V22" "V23" "V24" "V25" "V26" "V27" "V28" "V29" "V30" "V31" "V32" "V33" "V34" "V35" "V36" "V37" "V38" "V39" "V40" "V41" "V42"
"1" 0 0.923031814784701 0.138655481888402 0.578657753642007 0.563153604417275 0.600113418720505 0.937848068223329 0.58570685620228 0.906648885480418 1.00757486857546 0.978981086159982 0.857146287812672 0.268945091178672 0.618714850826837 0.702666783514122 0.231371373726916 0.68902825561911 0.512851426869899 0.168539699420977 0.760030541431375 0.558857093219601 0.859754776761886 0.19417987917429 0.0844874652703302 0.442305166451206 0.42647089303353 0.711569419098516 0.286675434122931 0.593393127204614 0.723955057862414 0.324536909966813 0.855802932660133 0.427622032763163 0.276931084097948 0.64926737123681 1.13265343435782 1.12674355789797 0.199866456637364 0.602283949425789 0.803598214748518 0.799354173969034 1.096123096572
"2" 0.923031814784701 0 0.805555121912965 0.711815393869527 0.442017162985967 0.456748722320436 0.148787008756214 0.898904466684073 0.195018436901999 0.181508273189277 0.0685156374388136 0.616634229281745 0.907984736560629 0.655594952778364 0.625618850758432 0.692773616744075 0.268009746288239 0.544727019052219 1.03624462000471 0.543707048027132 0.683488314881033 0.519665717582289 1.03863880838895 0.866670413346752 0.658499398043511 0.883954125089614 0.903725996438208 0.644261911852048 0.370947682614172 0.539524264560011 0.782800726831577 0.118142309926957 0.496295790591075 0.7363087163565 0.779506515033471 0.301776122449043 0.345854862563956 0.866031502931989 0.411084452030164 0.453060222781945 0.923108321312294 0.367656615680045
"3" 0.138655481888402 0.805555121912965 0 0.571565553680198 0.426866170113895 0.532357126980129 0.809524228073857 0.622077911405926 0.808792275124321 0.904508034168294 0.864675381234406 0.820236807981015 0.338742402336119 0.48648823093702 0.673720777626488 0.120574009007904 0.587998051835236 0.459301545958158 0.233905352188094 0.71446686687832 0.428906825353474 0.807196499404962 0.242726792948853 0.143711475485675 0.418144999197735 0.472969487911221 0.737583618390964 0.203374396160712 0.500837239118089 0.678161917863304 0.340742943554526 0.730691648671843 0.31935770125689 0.143430340116786 0.654310738015926 1.03362250101287 1.03424762735543 0.256946695900253 0.523139783397223 0.74203158618426 0.820926931995129 1.00916689030352
"4" 0.578657753642007 0.711815393869527 0.571565553680198 0 0.662835259213379 0.259860084056629 0.815375673385635 0.188027749067492 0.577015637511167 0.684590085478704 0.732225994915552 0.305009600806325 0.363598098690367 0.887719703822191 0.151463097345322 0.48582617081159 0.456390988020322 0.202575574678303 0.74717289423795 0.245859415661808 0.858212787280381 0.348522628752282 0.771521270946789 0.494446324736513 0.158738522585801 0.235484847686009 0.215554279714663 0.400031915421465 0.374621076199082 0.220567558701793 0.256330745151398 0.723708080434039 0.43006446934574 0.64730200221801 0.0939535727648067 0.767170292272926 0.729615286182377 0.391791693791587 0.312410740123969 0.335717744829142 0.275271580031379 0.677728008029218
"5" 0.563153604417275 0.442017162985967 0.426866170113895 0.662835259213379 0 0.451804482772787 0.401442511530366 0.809198864679218 0.528982319051529 0.591716740524363 0.509638143338665 0.762377833921022 0.660554053179454 0.258379971473055 0.673266062485904 0.346010566100859 0.345190347230103 0.462945942838394 0.635600178997716 0.650625887316649 0.261804532291151 0.699533504172349 0.630722934817571 0.535354859261137 0.52624328370497 0.717007128244779 0.877345413379995 0.353127898416057 0.336532445341988 0.622878659588042 0.574741654368713 0.339493482364657 0.239464906572753 0.318497337160354 0.755736044823251 0.725552647048103 0.750572426017526 0.590568598532715 0.403738231362115 0.616378525696919 0.935591495350117 0.748349881405167
"6" 0.600113418720505 0.456748722320436 0.532357126980129 0.259860084056629 0.451804482772787 0 0.555549133034448 0.444035015067484 0.348299355716039 0.458346244570663 0.484172547036085 0.319853802352238 0.489571920102006 0.701475966229302 0.223261755795696 0.415955365418056 0.196567973155772 0.100404897502765 0.754703296026396 0.205814357941536 0.686565342935136 0.281048689956573 0.770118181887523 0.522180204214847 0.214265971210394 0.433485166753228 0.466753287860042 0.328991178373868 0.123561702912464 0.174129637372486 0.357136542663256 0.463869693450823 0.261446204593465 0.548961618221305 0.339125086354292 0.563736389228641 0.543295781661799 0.471897636512586 0.0546834628542451 0.210137233130469 0.50643214890044 0.504486989993686
"7" 0.937848068223329 0.148787008756214 0.809524228073857 0.815375673385635 0.401442511530366 0.555549133034448 0 0.998538292598394 0.342582956282943 0.323141582420587 0.196526296642233 0.754301193132 0.964400594808417 0.569403025140064 0.746673034011628 0.707323936834641 0.358987144045625 0.631217581157858 1.03087973468264 0.672847475714878 0.608227956998473 0.659676786335652 1.02852473666386 0.892456349802593 0.738904981295425 0.963494025729234 1.01756407055227 0.676455701346783 0.449538595426742 0.664044604904448 0.847491209005745 0.0934442215202626 0.526656649796499 0.717331815046677 0.890893030775061 0.428094400747706 0.481465737642886 0.912150018988266 0.504077969030932 0.588272533526738 1.04500883693207 0.510305976809732
"8" 0.58570685620228 0.898904466684073 0.622077911405926 0.188027749067492 0.809198864679218 0.444035015067484 0.998538292598394 0 0.764217154363939 0.87105970176551 0.92021835439308 0.443951408125898 0.323324868484454 1.01150174531184 0.315403899802029 0.566925255754636 0.640101580837761 0.371571572041069 0.748190906302641 0.416668033293071 0.97346497322029 0.510873044010047 0.777270169799874 0.508911555167068 0.283399600267633 0.160459356775363 0.131484721611685 0.49628275035886 0.552027684607336 0.397982361006758 0.282337829874603 0.906056116709976 0.569873622697465 0.728151716297666 0.151240023333342 0.948792305154094 0.907381306266561 0.385966045258578 0.494478645137163 0.513644137716925 0.220830593094552 0.852807629848812
"9" 0.906648885480418 0.195018436901999 0.808792275124321 0.577015637511167 0.528982319051529 0.348299355716039 0.342582956282943 0.764217154363939 0 0.110117795684042 0.176606555167163 0.431260073182721 0.835190614448176 0.77464494879433 0.466076886801335 0.688815347794763 0.22101282424013 0.447894201928311 1.04243637739855 0.373478296951502 0.789170358752303 0.332118171256234 1.0509211565935 0.837918666426656 0.562562863257358 0.778948057910395 0.748373253665742 0.620033415220421 0.313520006349587 0.377515466837369 0.703462974467605 0.287114876770837 0.489979612468651 0.772672391852895 0.630447238089214 0.22600457770738 0.228866858667278 0.809343798943911 0.319987947298667 0.275314042913424 0.756083113744998 0.219420017853777
"10" 1.00757486857546 0.181508273189277 0.904508034168294 0.684590085478704 0.591716740524363 0.458346244570663 0.323141582420587 0.87105970176551 0.110117795684042 0 0.127449807597372 0.515484006523038 0.944408749526756 0.823579922125951 0.5678753469793 0.785611270007903 0.31855469156284 0.557773963984104 1.13840409323355 0.471649987570312 0.845492409943425 0.41581754417398 1.14526037357364 0.941113148414676 0.672593565440733 0.88892566116567 0.849537296722632 0.721069888057395 0.417092969862556 0.479563577425542 0.812930414531485 0.297241590748552 0.58523210764137 0.858159914494581 0.734428180130761 0.134373558481377 0.165758467062059 0.916883770262368 0.428759061933536 0.371141002214474 0.851768379147931 0.187236185583414
"11" 0.978981086159982 0.0685156374388136 0.864675381234406 0.732225994915552 0.509638143338665 0.484172547036085 0.196526296642233 0.92021835439308 0.176606555167163 0.127449807597372 0 0.607835486370519 0.950491708504359 0.723818124892121 0.634102056723864 0.750029802395249 0.306868182915964 0.577310159385944 1.09659330734246 0.545791202857632 0.752000528570925 0.508720799227936 1.09995888522459 0.919849001669905 0.692559276804094 0.916417299920784 0.915428402621646 0.697105719038333 0.411481185378929 0.54617441762522 0.822801699123361 0.185016847908857 0.551370870063477 0.800158324380306 0.793932475490777 0.236645766660658 0.285677643333135 0.912649678895823 0.443077260637403 0.449887427543348 0.928291755789276 0.31410338177399
"12" 0.857146287812672 0.616634229281745 0.820236807981015 0.305009600806325 0.762377833921022 0.319853802352238 0.754301193132 0.443951408125898 0.431260073182721 0.515484006523038 0.607835486370519 0 0.666398065703042 1.01707385732416 0.157625283806719 0.713226085679903 0.442891291613288 0.363625172990792 1.02297844713667 0.114039457364785 1.00517679151448 0.0998137163804328 1.04368064896391 0.773147107749438 0.414958627544386 0.538272634794116 0.372123328637206 0.622454482339084 0.425924911882216 0.147419504051299 0.549160787113334 0.677355352750728 0.580417924030614 0.859516791856739 0.29318173105309 0.552532899990096 0.497539403180035 0.685214230317648 0.360697284405658 0.166826944898562 0.349401166251201 0.437076212603542
"13" 0.268945091178672 0.907984736560629 0.338742402336119 0.363598098690367 0.660554053179454 0.489571920102006 0.964400594808417 0.323324868484454 0.835190614448176 0.944408749526756 0.950491708504359 0.666398065703042 0 0.799514273673233 0.509286706746469 0.333562487113755 0.643623562058649 0.389187755016947 0.426185937818052 0.589658407008533 0.748894910898605 0.694990231780786 0.456117153659936 0.202543251087225 0.279909894557521 0.163013202120784 0.453149407681137 0.307705459859206 0.539016652447447 0.556891693646641 0.132542314461792 0.872862750331517 0.44535634421808 0.471023867061577 0.412802327942058 1.05329978661519 1.03119589229316 0.0821759742276782 0.515735893791262 0.659175654802568 0.542392888467057 0.98872014519274
"14" 0.618714850826837 0.655594952778364 0.48648823093702 0.887719703822191 0.258379971473055 0.701475966229302 0.569403025140064 1.01150174531184 0.77464494879433 0.823579922125951 0.723818124892121 1.01707385732416 0.799514273673233 0 0.918421337629572 0.466955658704803 0.602899014930929 0.696925942940277 0.621843128062798 0.904215392932256 0.0643435732506791 0.957161411888585 0.604164646478874 0.626440498341085 0.737788990028478 0.894433999984617 1.09652825374244 0.518409853467975 0.591637886494154 0.874873759433169 0.747291194023606 0.539730985533457 0.459188818989441 0.343196732457979 0.981671759421766 0.953984131922463 0.987491256934479 0.719488310737434 0.65659992727333 0.874208829045866 1.16298848623673 0.992113224574999
"15" 0.702666783514122 0.625618850758432 0.673720777626488 0.151463097345322 0.673266062485904 0.223261755795696 0.746673034011628 0.315403899802029 0.466076886801335 0.5678753469793 0.634102056723864 0.157625283806719 0.509286706746469 0.918421337629572 0 0.57237314881839 0.398221568163092 0.23008552227373 0.869556610274561 0.101387299695689 0.898737639409518 0.198685271764983 0.891272920274003 0.618362375692617 0.260714964245801 0.386934642685059 0.282296381032221 0.481746768897006 0.345803265025168 0.0885688044610459 0.391646284038058 0.659931704078173 0.464513631220079 0.725583747299303 0.168808885404892 0.63590540763201 0.592400428565163 0.527823277728234 0.275815018076807 0.200486613702587 0.298432058084954 0.537417370775633
"16" 0.231371373726916 0.692773616744075 0.120574009007904 0.48582617081159 0.346010566100859 0.415955365418056 0.707323936834641 0.566925255754636 0.688815347794763 0.785611270007903 0.750029802395249 0.713226085679903 0.333562487113755 0.466955658704803 0.57237314881839 0 0.468276264795115 0.349724598465991 0.353637437542298 0.604585520531976 0.418991615883792 0.693875296032209 0.363295182647695 0.18996963017612 0.327512961637114 0.433834678227603 0.670860853389265 0.0908703813176955 0.380263256839446 0.568552122622884 0.288501599126413 0.624525834524648 0.200598867174684 0.162990591031607 0.574426582307369 0.913981519481157 0.913836122388177 0.255495573208521 0.403891748025336 0.62608328277491 0.749163516809612 0.88859639036064
"17" 0.68902825561911 0.268009746288239 0.587998051835236 0.456390988020322 0.345190347230103 0.196567973155772 0.358987144045625 0.640101580837761 0.22101282424013 0.31855469156284 0.306868182915964 0.442891291613288 0.643623562058649 0.602899014930929 0.398221568163092 0.468276264795115 0 0.277668285445845 0.821773418149805 0.341376335967917 0.605268001026287 0.365741140810129 0.829961285119369 0.623408989595966 0.39063627157673 0.616273449140158 0.660568262601908 0.402602425806925 0.104621304888003 0.323549929028175 0.516336369668547 0.267600658199895 0.268980637655696 0.554590200835733 0.533308540967889 0.445705691699833 0.448480516555322 0.607183278733504 0.146004104725642 0.28266267918215 0.693624034785996 0.430101627701036
"18" 0.512851426869899 0.544727019052219 0.459301545958158 0.202575574678303 0.462945942838394 0.100404897502765 0.631217581157858 0.371571572041069 0.447894201928311 0.557773963984104 0.577310159385944 0.363625172990792 0.389187755016947 0.696925942940277 0.23008552227373 0.349724598465991 0.277668285445845 0 0.67261526698437 0.255334879395182 0.673117363372672 0.349211000329918 0.69038490481776 0.432252190792838 0.115647053283607 0.339475969982881 0.418103010232222 0.259094189561929 0.181868941794491 0.219122406492486 0.256733672879201 0.538013204306243 0.238331479107441 0.497593083641863 0.29372297315736 0.664136979830459 0.642962126146677 0.373669266261826 0.134279008551626 0.290885606152406 0.47271390203698 0.602767789678572
"19" 0.168539699420977 1.03624462000471 0.233905352188094 0.74717289423795 0.635600178997716 0.754703296026396 1.03087973468264 0.748190906302641 1.04243637739855 1.13840409323355 1.09659330734246 1.02297844713667 0.426185937818052 0.621843128062798 0.869556610274561 0.353637437542298 0.821773418149805 0.67261526698437 0 0.923546175708473 0.557749778557938 1.02144412328198 0.0330354677814879 0.252777917234659 0.608865018640357 0.58787665432937 0.876002518999793 0.42923568695698 0.733041967354067 0.887286823081684 0.492889243068751 0.956239135448649 0.5532585117981 0.317982050248854 0.817359941625816 1.26745038676198 1.2672611729764 0.364929573159223 0.750910984995998 0.961783236030621 0.964438031830732 1.24086127216791
"20" 0.760030541431375 0.543707048027132 0.71446686687832 0.245859415661808 0.650625887316649 0.205814357941536 0.672847475714878 0.416668033293071 0.373478296951502 0.471649987570312 0.545791202857632 0.114039457364785 0.589658407008533 0.904215392932256 0.101387299695689 0.604585520531976 0.341376335967917 0.255334879395182 0.923546175708473 0 0.891481807300617 0.105401003104482 0.942788042399084 0.677013486459305 0.321990147735534 0.479503175240447 0.378517342975992 0.514211105359277 0.314182900024181 0.0363631358846876 0.464788855327069 0.590347469956702 0.466551747667165 0.747884528982222 0.26984906817281 0.535095444913812 0.491016524839886 0.59833704738198 0.247618305623838 0.100944815565235 0.38274769749272 0.436156274294307
"21" 0.558857093219601 0.683488314881033 0.428906825353474 0.858212787280381 0.261804532291151 0.686565342935136 0.608227956998473 0.97346497322029 0.789170358752303 0.845492409943425 0.752000528570925 1.00517679151448 0.748894910898605 0.0643435732506791 0.898737639409518 0.418991615883792 0.605268001026287 0.673117363372672 0.557749778557938 0.891481807300617 0 0.95056369820309 0.539873068378493 0.570515381012587 0.70496275794522 0.850711640594398 1.06357247345497 0.477601102757164 0.58286616369035 0.860684589060847 0.703872668359356 0.570305959360878 0.43495174924039 0.285548834323893 0.951949986609755 0.977774779867236 1.00739407353894 0.667985473825973 0.644809842558101 0.868487279614926 1.13296384883493 1.00815808163535
"22" 0.859754776761886 0.519665717582289 0.807196499404962 0.348522628752282 0.699533504172349 0.281048689956573 0.659676786335652 0.510873044010047 0.332118171256234 0.41581754417398 0.508720799227936 0.0998137163804328 0.694990231780786 0.957161411888585 0.198685271764983 0.693875296032209 0.365741140810129 0.349211000329918 1.02144412328198 0.105401003104482 0.95056369820309 0 1.03956320348472 0.777490500043596 0.425339933629745 0.583393767106034 0.455864657297573 0.604745843601967 0.367827677560003 0.138747894656136 0.569527084717157 0.585675367956761 0.539863965631576 0.830008643214668 0.360532265927021 0.457826194739241 0.406337954429357 0.702336228676066 0.310130450405036 0.083502037715468 0.442913599078573 0.347765005197022
"23" 0.19417987917429 1.03863880838895 0.242726792948853 0.771521270946789 0.630722934817571 0.770118181887523 1.02852473666386 0.777270169799874 1.0509211565935 1.14526037357364 1.09995888522459 1.04368064896391 0.456117153659936 0.604164646478874 0.891272920274003 0.363295182647695 0.829961285119369 0.69038490481776 0.0330354677814879 0.942788042399084 0.539873068378493 1.03956320348472 0 0.277379095632965 0.630611670649151 0.617153707709852 0.904448665917171 0.442607504469986 0.74355147971513 0.906463689316406 0.518518842921816 0.955795372500253 0.560998693825132 0.312225867178167 0.84336363926704 1.2752619519608 1.27683990904037 0.392774103792742 0.76419345491056 0.978282104117029 0.992625276223135 1.25185847571565
"24" 0.0844874652703302 0.866670413346752 0.143711475485675 0.494446324736513 0.535354859261137 0.522180204214847 0.892456349802593 0.508911555167068 0.837918666426656 0.941113148414676 0.919849001669905 0.773147107749438 0.202543251087225 0.626440498341085 0.618362375692617 0.18996963017612 0.623408989595966 0.432252190792838 0.252777917234659 0.677013486459305 0.570515381012587 0.777490500043596 0.277379095632965 0 0.358204347138865 0.351809060744335 0.632545266895227 0.222743463225439 0.524533079505104 0.641051842968904 0.241367164617675 0.807080964514882 0.370887567974466 0.285347206065982 0.56627648285037 1.06364601130747 1.05475445560737 0.124896626110416 0.527881715172442 0.723117867628103 0.719565089368322 1.0220105583552
"25" 0.442305166451206 0.658499398043511 0.418144999197735 0.158738522585801 0.52624328370497 0.214265971210394 0.738904981295425 0.283399600267633 0.562562863257358 0.672593565440733 0.692559276804094 0.414958627544386 0.279909894557521 0.737788990028478 0.260714964245801 0.327512961637114 0.39063627157673 0.115647053283607 0.608865018640357 0.321990147735534 0.70496275794522 0.425339933629745 0.630611670649151 0.358204347138865 0 0.225780800241856 0.358856632338162 0.24130149785548 0.290585791587518 0.286866098690777 0.148275923015991 0.645461797900698 0.28739386428921 0.4886079165675 0.249864211714455 0.776298735518678 0.751964757841455 0.277233991232425 0.249523387865264 0.381660446240467 0.429211652625733 0.708849353182471
"26" 0.42647089303353 0.883954125089614 0.472969487911221 0.235484847686009 0.717007128244779 0.433485166753228 0.963494025729234 0.160459356775363 0.778948057910395 0.88892566116567 0.916417299920784 0.538272634794116 0.163013202120784 0.894433999984617 0.386934642685059 0.433834678227603 0.616273449140158 0.339475969982881 0.58787665432937 0.479503175240447 0.850711640594398 0.583393767106034 0.617153707709852 0.351809060744335 0.225780800241856 0 0.290212226616047 0.37690511737908 0.516232129818335 0.451360955973495 0.147144592353836 0.870077298574563 0.481247624934549 0.58967966808447 0.261953918936391 0.984251365036731 0.952715449748638 0.227481171018965 0.473693367454977 0.563443237902634 0.379535077935917 0.904039572467671
"27" 0.711569419098516 0.903725996438208 0.737583618390964 0.215554279714663 0.877345413379995 0.466753287860042 1.01756407055227 0.131484721611685 0.748373253665742 0.849537296722632 0.915428402621646 0.372123328637206 0.453149407681137 1.09652825374244 0.282296381032221 0.670860853389265 0.660568262601908 0.418103010232222 0.876002518999793 0.378517342975992 1.06357247345497 0.455864657297573 0.904448665917171 0.632545266895227 0.358856632338162 0.290212226616047 0 0.592594124369735 0.586334181061401 0.370860312639498 0.39737593246426 0.927729265769002 0.642189806556496 0.833764773681991 0.127637063517333 0.9108167438195 0.861966342808801 0.511829224810484 0.520997296106354 0.479461177523558 0.0894443193932461 0.803618672763957
"28" 0.286675434122931 0.644261911852048 0.203374396160712 0.400031915421465 0.353127898416057 0.328991178373868 0.676455701346783 0.49628275035886 0.620033415220421 0.721069888057395 0.697105719038333 0.622454482339084 0.307705459859206 0.518409853467975 0.481746768897006 0.0908703813176955 0.402602425806925 0.259094189561929 0.42923568695698 0.514211105359277 0.477601102757164 0.604745843601967 0.442607504469986 0.222743463225439 0.24130149785548 0.37690511737908 0.592594124369735 0 0.307046785817821 0.478100402938076 0.23003298905315 0.588721272761303 0.150241923423186 0.247692188910584 0.490528226156162 0.846032170946321 0.84126693550842 0.241460119142862 0.321746427632756 0.538688757711036 0.667918959885912 0.812615881554234
"29" 0.593393127204614 0.370947682614172 0.500837239118089 0.374621076199082 0.336532445341988 0.123561702912464 0.449538595426742 0.552027684607336 0.313520006349587 0.417092969862556 0.411481185378929 0.425924911882216 0.539016652447447 0.591637886494154 0.345803265025168 0.380263256839446 0.104621304888003 0.181868941794491 0.733041967354067 0.314182900024181 0.58286616369035 0.367827677560003 0.74355147971513 0.524533079505104 0.290585791587518 0.516232129818335 0.586334181061401 0.307046785817821 0 0.287370079945736 0.412127098288772 0.356245036025593 0.189661693308169 0.485797677054725 0.458896388669233 0.539454589723444 0.534593040255225 0.503227651607286 0.0699985135489264 0.286420355995996 0.629268460869939 0.508351167762926
"30" 0.723955057862414 0.539524264560011 0.678161917863304 0.220567558701793 0.622878659588042 0.174129637372486 0.664044604904448 0.397982361006758 0.377515466837369 0.479563577425542 0.54617441762522 0.147419504051299 0.556891693646641 0.874873759433169 0.0885688044610459 0.568552122622884 0.323549929028175 0.219122406492486 0.887286823081684 0.0363631358846876 0.860684589060847 0.138747894656136 0.906463689316406 0.641051842968904 0.286866098690777 0.451360955973495 0.370860312639498 0.478100402938076 0.287370079945736 0 0.430811135670012 0.579220170306001 0.433376436812402 0.712673261502057 0.255472285750547 0.5508675610202 0.510233987667802 0.563669328816878 0.219140444520248 0.115888692678727 0.383597764665235 0.457388323426948
"31" 0.324536909966813 0.782800726831577 0.340742943554526 0.256330745151398 0.574741654368713 0.357136542663256 0.847491209005745 0.282337829874603 0.703462974467605 0.812930414531485 0.822801699123361 0.549160787113334 0.132542314461792 0.747291194023606 0.391646284038058 0.288501599126413 0.516336369668547 0.256733672879201 0.492889243068751 0.464788855327069 0.703872668359356 0.569527084717157 0.518518842921816 0.241367164617675 0.148275923015991 0.147144592353836 0.39737593246426 0.23003298905315 0.412127098288772 0.430811135670012 0 0.754843557632299 0.343563368692409 0.447331694200589 0.324911698268944 0.920870553011936 0.898703567475524 0.136415697443183 0.384693720606903 0.529442184197197 0.482178423855299 0.856562848805102
"32" 0.855802932660133 0.118142309926957 0.730691648671843 0.723708080434039 0.339493482364657 0.463869693450823 0.0934442215202626 0.906056116709976 0.287114876770837 0.297241590748552 0.185016847908857 0.677355352750728 0.872862750331517 0.539730985533457 0.659931704078173 0.624525834524648 0.267600658199895 0.538013204306243 0.956239135448649 0.590347469956702 0.570305959360878 0.585675367956761 0.955795372500253 0.807080964514882 0.645461797900698 0.870077298574563 0.927729265769002 0.588721272761303 0.356245036025593 0.579220170306001 0.754843557632299 0 0.438507730465114 0.647299246161537 0.800673554778368 0.419918076355032 0.462673386552239 0.82219745573704 0.411798989014075 0.510544873175721 0.9577134647138 0.48072192570823
"33" 0.427622032763163 0.496295790591075 0.31935770125689 0.43006446934574 0.239464906572753 0.261446204593465 0.526656649796499 0.569873622697465 0.489979612468651 0.58523210764137 0.551370870063477 0.580417924030614 0.44535634421808 0.459188818989441 0.464513631220079 0.200598867174684 0.268980637655696 0.238331479107441 0.5532585117981 0.466551747667165 0.43495174924039 0.539863965631576 0.560998693825132 0.370887567974466 0.28739386428921 0.481247624934549 0.642189806556496 0.150241923423186 0.189661693308169 0.433376436812402 0.343563368692409 0.438507730465114 0 0.296634034619293 0.523902615019911 0.71436000061889 0.716696349442146 0.386894803434828 0.231129666080767 0.463248150416751 0.705077235067972 0.694659874828723
"34" 0.276931084097948 0.7363087163565 0.143430340116786 0.64730200221801 0.318497337160354 0.548961618221305 0.717331815046677 0.728151716297666 0.772672391852895 0.858159914494581 0.800158324380306 0.859516791856739 0.471023867061577 0.343196732457979 0.725583747299303 0.162990591031607 0.554590200835733 0.497593083641863 0.317982050248854 0.747884528982222 0.285548834323893 0.830008643214668 0.312225867178167 0.285347206065982 0.4886079165675 0.58967966808447 0.833764773681991 0.247692188910584 0.485797677054725 0.712673261502057 0.447331694200589 0.647299246161537 0.296634034619293 0 0.736802245143609 0.991290305193251 1.00150426400635 0.388999100274688 0.525721713845824 0.756475477453215 0.91211349832133 0.984624795070638
"35" 0.64926737123681 0.779506515033471 0.654310738015926 0.0939535727648067 0.755736044823251 0.339125086354292 0.890893030775061 0.151240023333342 0.630447238089214 0.734428180130761 0.793932475490777 0.29318173105309 0.412802327942058 0.981671759421766 0.168808885404892 0.574426582307369 0.533308540967889 0.29372297315736 0.817359941625816 0.26984906817281 0.951949986609755 0.360532265927021 0.84336363926704 0.56627648285037 0.249864211714455 0.261953918936391 0.127637063517333 0.490528226156162 0.458896388669233 0.255472285750547 0.324911698268944 0.800673554778368 0.523902615019911 0.736802245143609 0 0.804711211880816 0.760588287932348 0.454797672246027 0.393361575445005 0.369253801759407 0.181318054730529 0.704788984566785
"36" 1.13265343435782 0.301776122449043 1.03362250101287 0.767170292272926 0.725552647048103 0.563736389228641 0.428094400747706 0.948792305154094 0.22600457770738 0.134373558481377 0.236645766660658 0.552532899990096 1.05329978661519 0.953984131922463 0.63590540763201 0.913981519481157 0.445705691699833 0.664136979830459 1.26745038676198 0.535095444913812 0.977774779867236 0.457826194739241 1.2752619519608 1.06364601130747 0.776298735518678 0.984251365036731 0.9108167438195 0.846032170946321 0.539454589723444 0.5508675610202 0.920870553011936 0.419918076355032 0.71436000061889 0.991290305193251 0.804711211880816 0 0.0705187766066335 1.03169307650237 0.541754611675699 0.435618744763387 0.900572070705641 0.129083050928858
"37" 1.12674355789797 0.345854862563956 1.03424762735543 0.729615286182377 0.750572426017526 0.543295781661799 0.481465737642886 0.907381306266561 0.228866858667278 0.165758467062059 0.285677643333135 0.497539403180035 1.03119589229316 0.987491256934479 0.592400428565163 0.913836122388177 0.448480516555322 0.642962126146677 1.2672611729764 0.491016524839886 1.00739407353894 0.406337954429357 1.27683990904037 1.05475445560737 0.751964757841455 0.952715449748638 0.861966342808801 0.84126693550842 0.534593040255225 0.510233987667802 0.898703567475524 0.462673386552239 0.716696349442146 1.00150426400635 0.760588287932348 0.0705187766066335 0 1.01483609290403 0.527769255818195 0.394362885664567 0.846856560957767 0.0624270944023102
"38" 0.199866456637364 0.866031502931989 0.256946695900253 0.391791693791587 0.590568598532715 0.471897636512586 0.912150018988266 0.385966045258578 0.809343798943911 0.916883770262368 0.912649678895823 0.685214230317648 0.0821759742276782 0.719488310737434 0.527823277728234 0.255495573208521 0.607183278733504 0.373669266261826 0.364929573159223 0.59833704738198 0.667985473825973 0.702336228676066 0.392774103792742 0.124896626110416 0.277233991232425 0.227481171018965 0.511829224810484 0.241460119142862 0.503227651607286 0.563669328816878 0.136415697443183 0.82219745573704 0.386894803434828 0.388999100274688 0.454797672246027 1.03169307650237 1.01483609290403 0 0.490005122845907 0.657667428054091 0.59986020672482 0.976187258450414
"39" 0.602283949425789 0.411084452030164 0.523139783397223 0.312410740123969 0.403738231362115 0.0546834628542451 0.504077969030932 0.494478645137163 0.319987947298667 0.428759061933536 0.443077260637403 0.360697284405658 0.515735893791262 0.65659992727333 0.275815018076807 0.403891748025336 0.146004104725642 0.134279008551626 0.750910984995998 0.247618305623838 0.644809842558101 0.310130450405036 0.76419345491056 0.527881715172442 0.249523387865264 0.473693367454977 0.520997296106354 0.321746427632756 0.0699985135489264 0.219140444520248 0.384693720606903 0.411798989014075 0.231129666080767 0.525721713845824 0.393361575445005 0.541754611675699 0.527769255818195 0.490005122845907 0 0.23218377339592 0.561091907663795 0.494183282143648
"40" 0.803598214748518 0.453060222781945 0.74203158618426 0.335717744829142 0.616378525696919 0.210137233130469 0.588272533526738 0.513644137716925 0.275314042913424 0.371141002214474 0.449887427543348 0.166826944898562 0.659175654802568 0.874208829045866 0.200486613702587 0.62608328277491 0.28266267918215 0.290885606152406 0.961783236030621 0.100944815565235 0.868487279614926 0.083502037715468 0.978282104117029 0.723117867628103 0.381660446240467 0.563443237902634 0.479461177523558 0.538688757711036 0.286420355995996 0.115888692678727 0.529442184197197 0.510544873175721 0.463248150416751 0.756475477453215 0.369253801759407 0.435618744763387 0.394362885664567 0.657667428054091 0.23218377339592 0 0.481393148099832 0.342048106052523
"41" 0.799354173969034 0.923108321312294 0.820926931995129 0.275271580031379 0.935591495350117 0.50643214890044 1.04500883693207 0.220830593094552 0.756083113744998 0.851768379147931 0.928291755789276 0.349401166251201 0.542392888467057 1.16298848623673 0.298432058084954 0.749163516809612 0.693624034785996 0.47271390203698 0.964438031830732 0.38274769749272 1.13296384883493 0.442913599078573 0.992625276223135 0.719565089368322 0.429211652625733 0.379535077935917 0.0894443193932461 0.667918959885912 0.629268460869939 0.383597764665235 0.482178423855299 0.9577134647138 0.705077235067972 0.91211349832133 0.181318054730529 0.900572070705641 0.846856560957767 0.59986020672482 0.561091907663795 0.481393148099832 0 0.786475229938678
"42" 1.096123096572 0.367656615680045 1.00916689030352 0.677728008029218 0.748349881405167 0.504486989993686 0.510305976809732 0.852807629848812 0.219420017853777 0.187236185583414 0.31410338177399 0.437076212603542 0.98872014519274 0.992113224574999 0.537417370775633 0.88859639036064 0.430101627701036 0.602767789678572 1.24086127216791 0.436156274294307 1.00815808163535 0.347765005197022 1.25185847571565 1.0220105583552 0.708849353182471 0.904039572467671 0.803618672763957 0.812615881554234 0.508351167762926 0.457388323426948 0.856562848805102 0.48072192570823 0.694659874828723 0.984624795070638 0.704788984566785 0.129083050928858 0.0624270944023102 0.976187258450414 0.494183282143648 0.342048106052523 0.786475229938678 0
