"V1" "V2" "V3" "V4" "V5" "V6" "V7" "V8" "V9" "V10" "V11" "V12" "V13" "V14" "V15" "V16" "V17" "V18" "V19" "V20" "V21"
"1" 0 0.206031501455085 0.471212071499161 0.206031501455085 0.383325938999964 0.762380803664362 0.986438657236118 0.460700442759917 0.666394502268034 0.923171109794486 0.997957096947027 0.857142857142857 0.857142857142857 0.89259996296076 1.01739964655799 0.87411763090162 0.921400885519834 0.942424142998322 1.14285714285714 1.33401343199186 1.09916480352408
"2" 0.206031501455085 0 0.285714285714286 0.0808122035641769 0.18070158058105 0.574278606921194 0.802038219863897 0.255550625999976 0.460700442759917 0.722806322324201 0.795907901553378 0.651528814342365 0.666394502268034 0.697517463756212 0.82412600582034 0.742857142857143 0.802038219863897 0.802038219863897 0.951046684405328 1.13137084989848 0.923171109794486
"3" 0.471212071499161 0.285714285714286 0 0.347586430302755 0.127775312999988 0.291372543633873 0.517450579322138 0.127775312999988 0.255550625999976 0.460700442759917 0.53908463611752 0.460700442759917 0.574278606921194 0.582745087267747 0.706818107248742 0.795907901553378 0.87037406924159 0.832012558774916 0.832012558774916 0.951046684405328 0.859045507335595
"4" 0.206031501455085 0.0808122035641769 0.347586430302755 0 0.228571428571429 0.628571428571429 0.857142857142857 0.291372543633873 0.488228785446716 0.762380803664362 0.832012558774916 0.666394502268034 0.651528814342365 0.688091118788131 0.81215259448868 0.688091118788131 0.742857142857143 0.751596939312338 0.937212540963241 1.1342533280731 0.894427190999916
"5" 0.383325938999964 0.18070158058105 0.127775312999988 0.228571428571429 0 0.4 0.628571428571429 0.0808122035641768 0.285714285714286 0.542104741743151 0.615447406529658 0.484873221385061 0.542104741743151 0.562791874388349 0.69045976991969 0.706818107248742 0.777226886213454 0.751596939312338 0.818161203615792 0.973107792338652 0.818161203615792
"6" 0.762380803664362 0.574278606921194 0.291372543633873 0.628571428571429 0.4 0 0.228571428571429 0.347586430302755 0.242436610692531 0.206031501455085 0.285714285714286 0.347586430302755 0.562791874388349 0.542104741743151 0.63887656499994 0.89259996296076 0.973107792338652 0.903507902905251 0.745051703451731 0.777226886213454 0.832012558774917
"7" 0.986438657236118 0.802038219863897 0.517450579322138 0.857142857142857 0.628571428571429 0.228571428571429 0 0.574278606921194 0.435187034620795 0.206031501455085 0.235606035749581 0.44629998148038 0.688091118788131 0.651528814342365 0.715997947779524 1.05366222369062 1.1342533280731 1.0505586463343 0.795907901553378 0.742857142857143 0.921400885519834
"8" 0.460700442759917 0.255550625999976 0.127775312999988 0.291372543633873 0.0808122035641768 0.347586430302755 0.574278606921194 0 0.206031501455085 0.471212071499161 0.542104741743151 0.404061017820884 0.471212071499161 0.488228785446716 0.615447406529658 0.668839994898264 0.742857142857143 0.706818107248742 0.742857142857143 0.89259996296076 0.751596939312338
"9" 0.666394502268034 0.460700442759917 0.255550625999976 0.488228785446716 0.285714285714286 0.242436610692531 0.435187034620795 0.206031501455085 0 0.285714285714286 0.347586430302755 0.206031501455085 0.347586430302755 0.342857142857143 0.460700442759917 0.651528814342365 0.731785627135183 0.666394502268034 0.582745087267747 0.697517463756212 0.631163486696415
"10" 0.923171109794486 0.722806322324201 0.460700442759917 0.762380803664362 0.542104741743151 0.206031501455085 0.206031501455085 0.471212071499161 0.285714285714286 0 0.0808122035641769 0.242436610692531 0.484873221385061 0.44629998148038 0.511101251999952 0.857142857142857 0.937212540963241 0.849489642703915 0.596588943366317 0.582745087267747 0.715997947779524
"11" 0.997957096947027 0.795907901553378 0.53908463611752 0.832012558774916 0.615447406529658 0.285714285714286 0.235606035749581 0.542104741743151 0.347586430302755 0.0808122035641769 0 0.255550625999976 0.491561443831007 0.44629998148038 0.491561443831007 0.872247858427071 0.951046684405328 0.857142857142857 0.562791874388349 0.517450579322138 0.697517463756212
"12" 0.857142857142857 0.651528814342365 0.460700442759917 0.666394502268034 0.484873221385061 0.347586430302755 0.44629998148038 0.404061017820884 0.206031501455085 0.242436610692531 0.255550625999976 0 0.242436610692531 0.206031501455085 0.291372543633873 0.618094504365255 0.697517463756212 0.607436903584837 0.4 0.491561443831007 0.488228785446716
"13" 0.857142857142857 0.666394502268034 0.574278606921194 0.651528814342365 0.542104741743151 0.562791874388349 0.688091118788131 0.471212071499161 0.347586430302755 0.484873221385061 0.491561443831007 0.242436610692531 0 0.0571428571428572 0.161624407128354 0.383325938999964 0.460700442759917 0.365892813567591 0.285714285714286 0.511101251999952 0.285714285714286
"14" 0.89259996296076 0.697517463756212 0.582745087267747 0.688091118788131 0.562791874388349 0.542104741743151 0.651528814342365 0.488228785446716 0.342857142857143 0.44629998148038 0.44629998148038 0.206031501455085 0.0571428571428572 0 0.127775312999988 0.435187034620795 0.511101251999952 0.41206300291017 0.255550625999976 0.460700442759917 0.291372543633873
"15" 1.01739964655799 0.82412600582034 0.706818107248742 0.81215259448868 0.69045976991969 0.63887656499994 0.715997947779524 0.615447406529658 0.460700442759917 0.511101251999952 0.491561443831007 0.291372543633873 0.161624407128354 0.127775312999988 0 0.460700442759917 0.526831111845308 0.416006279387458 0.127775312999988 0.3614031611621 0.206031501455085
"16" 0.87411763090162 0.742857142857143 0.795907901553378 0.688091118788131 0.706818107248742 0.89259996296076 1.05366222369062 0.668839994898264 0.651528814342365 0.857142857142857 0.872247858427071 0.618094504365255 0.383325938999964 0.435187034620795 0.460700442759917 0 0.0808122035641769 0.0808122035641769 0.517450579322138 0.802038219863897 0.3614031611621
"17" 0.921400885519834 0.802038219863897 0.87037406924159 0.742857142857143 0.777226886213454 0.973107792338652 1.1342533280731 0.742857142857143 0.731785627135183 0.937212540963241 0.951046684405328 0.697517463756212 0.460700442759917 0.511101251999952 0.526831111845308 0.0808122035641769 0 0.114285714285714 0.571428571428571 0.857142857142857 0.404061017820884
"18" 0.942424142998322 0.802038219863897 0.832012558774916 0.751596939312338 0.751596939312338 0.903507902905251 1.0505586463343 0.706818107248742 0.666394502268034 0.849489642703915 0.857142857142857 0.607436903584837 0.365892813567591 0.41206300291017 0.416006279387458 0.0808122035641769 0.114285714285714 0 0.457142857142857 0.742857142857143 0.291372543633873
"19" 1.14285714285714 0.951046684405328 0.832012558774916 0.937212540963241 0.818161203615792 0.745051703451731 0.795907901553378 0.742857142857143 0.582745087267747 0.596588943366317 0.562791874388349 0.4 0.285714285714286 0.255550625999976 0.127775312999988 0.517450579322138 0.571428571428571 0.457142857142857 0 0.285714285714286 0.18070158058105
"20" 1.33401343199186 1.13137084989848 0.951046684405328 1.1342533280731 0.973107792338652 0.777226886213454 0.742857142857143 0.89259996296076 0.697517463756212 0.582745087267747 0.517450579322138 0.491561443831007 0.511101251999952 0.460700442759917 0.3614031611621 0.802038219863897 0.857142857142857 0.742857142857143 0.285714285714286 0 0.460700442759917
"21" 1.09916480352408 0.923171109794486 0.859045507335595 0.894427190999916 0.818161203615792 0.832012558774917 0.921400885519834 0.751596939312338 0.631163486696415 0.715997947779524 0.697517463756212 0.488228785446716 0.285714285714286 0.291372543633873 0.206031501455085 0.3614031611621 0.404061017820884 0.291372543633873 0.18070158058105 0.460700442759917 0
