"V1" "V2" "V3" "V4" "V5" "V6" "V7" "V8" "V9" "V10" "V11" "V12" "V13" "V14" "V15" "V16" "V17" "V18" "V19" "V20" "V21"
"1" 0 0.817986267590354 0.27027027027027 0.944013470085026 0.702702702702703 0.362605617972939 0.773936273690614 0.393519453474623 0.966948314594504 0.94555976673167 0.582179979149676 1.01988985211423 0.920507371131157 0.9173277161339 1.07294233736644 1.07294233736644 0.879936248437822 0.923676080574868 1.08108108108108 1.11435287178856 1.30179400851809
"2" 0.817986267590354 0 0.597046541469582 0.152887952688983 0.229331929033475 0.683735710306677 0.241737078648626 0.752885852820763 0.328797974610715 0.378378378378378 0.735214622093808 0.435797716124246 0.498353754448264 0.564340892373543 0.594594594594595 0.710970077727887 0.996707508896528 0.899638755518553 0.773936273690614 0.764439763444916 0.773936273690614
"3" 0.27027027027027 0.597046541469582 0 0.704778638400286 0.445741148715423 0.170933927576669 0.512801782730007 0.241737078648626 0.702702702702703 0.677295356007658 0.378378378378378 0.750942918348638 0.650897004259043 0.650897004259043 0.803571283638838 0.810810810810811 0.704778638400286 0.710970077727887 0.825099325539121 0.854669637883346 1.03270125267799
"4" 0.944013470085026 0.152887952688983 0.704778638400286 0 0.275622676410421 0.764439763444916 0.241737078648626 0.826868029231262 0.222870574357711 0.291089989574838 0.773936273690614 0.328797974610715 0.435797716124246 0.509944926057114 0.498353754448264 0.63268648166052 0.996707508896528 0.879936248437822 0.702702702702703 0.683735710306677 0.650897004259043
"5" 0.702702702702703 0.229331929033475 0.445741148715423 0.275622676410421 0 0.489480277737158 0.0764439763444916 0.551245352820842 0.27027027027027 0.27027027027027 0.509944926057114 0.346114823645019 0.328797974610715 0.378378378378378 0.461838040287434 0.543236520060589 0.768252454246048 0.677295356007658 0.594594594594595 0.597046541469582 0.677295356007658
"6" 0.362605617972939 0.683735710306677 0.170933927576669 0.764439763444916 0.489480277737158 0 0.540540540540541 0.0764439763444916 0.710970077727887 0.668611723073134 0.222870574357711 0.735214622093808 0.604342696621565 0.584683990615782 0.750942918348638 0.727222921463444 0.540540540540541 0.564340892373543 0.727222921463444 0.764439763444916 0.97447331769297
"7" 0.773936273690614 0.241737078648626 0.512801782730007 0.241737078648626 0.0764439763444916 0.540540540540541 0 0.597046541469582 0.194894663538594 0.194894663538594 0.532370691988979 0.27027027027027 0.27027027027027 0.328797974610715 0.393519453474623 0.486486486486486 0.764439763444916 0.659813817066687 0.543236520060589 0.540540540540541 0.604342696621565
"8" 0.393519453474623 0.752885852820763 0.241737078648626 0.826868029231262 0.551245352820842 0.0764439763444916 0.597046541469582 0 0.758684802573957 0.710970077727887 0.194894663538594 0.773936273690614 0.63268648166052 0.604342696621565 0.773936273690614 0.735214622093808 0.489480277737158 0.532370691988979 0.727222921463444 0.768252454246048 0.992300527064098
"9" 0.966948314594504 0.328797974610715 0.702702702702703 0.222870574357711 0.27027027027027 0.710970077727887 0.194894663538594 0.758684802573957 0 0.0764439763444916 0.657595949221429 0.108108108108108 0.229331929033475 0.305775905377966 0.275622676410421 0.411663411127779 0.825099325539121 0.692229647290038 0.483474157297252 0.461838040287434 0.445741148715423
"10" 0.94555976673167 0.378378378378378 0.677295356007658 0.291089989574838 0.27027027027027 0.668611723073134 0.194894663538594 0.710970077727887 0.0764439763444916 0 0.597046541469582 0.0764439763444916 0.152887952688983 0.229331929033475 0.216216216216216 0.341867855153338 0.750942918348638 0.616311040594129 0.411663411127779 0.393519453474623 0.411663411127779
"11" 0.582179979149676 0.735214622093808 0.378378378378378 0.773936273690614 0.509944926057114 0.222870574357711 0.532370691988979 0.194894663538594 0.657595949221429 0.597046541469582 0 0.648648648648649 0.489480277737158 0.445741148715423 0.616311040594129 0.556520548161459 0.328797974610715 0.341867855153338 0.540540540540541 0.584683990615782 0.823326822255558
"12" 1.01988985211423 0.435797716124246 0.750942918348638 0.328797974610715 0.346114823645019 0.735214622093808 0.27027027027027 0.773936273690614 0.108108108108108 0.0764439763444916 0.648648648648649 0 0.170933927576669 0.241737078648626 0.170933927576669 0.315186588910557 0.773936273690614 0.630373177821114 0.389789327077188 0.362605617972939 0.341867855153338
"13" 0.920507371131157 0.498353754448264 0.650897004259043 0.435797716124246 0.328797974610715 0.604342696621565 0.27027027027027 0.63268648166052 0.229331929033475 0.152887952688983 0.489480277737158 0.170933927576669 0 0.0764439763444916 0.152887952688983 0.216216216216216 0.604342696621565 0.464990554975277 0.275622676410421 0.27027027027027 0.382219881722458
"14" 0.9173277161339 0.564340892373543 0.650897004259043 0.509944926057114 0.378378378378378 0.584683990615782 0.328797974610715 0.604342696621565 0.305775905377966 0.229331929033475 0.445741148715423 0.241737078648626 0.0764439763444916 0 0.170933927576669 0.170933927576669 0.532370691988979 0.389789327077188 0.216216216216216 0.222870574357711 0.389789327077188
"15" 1.07294233736644 0.594594594594595 0.803571283638838 0.498353754448264 0.461838040287434 0.750942918348638 0.393519453474623 0.773936273690614 0.275622676410421 0.216216216216216 0.616311040594129 0.170933927576669 0.152887952688983 0.170933927576669 0 0.152887952688983 0.668611723073134 0.512801782730007 0.229331929033475 0.194894663538594 0.229331929033475
"16" 1.07294233736644 0.710970077727887 0.810810810810811 0.63268648166052 0.543236520060589 0.727222921463444 0.486486486486486 0.735214622093808 0.411663411127779 0.341867855153338 0.556520548161459 0.315186588910557 0.216216216216216 0.170933927576669 0.152887952688983 0 0.543236520060589 0.382219881722458 0.0764439763444916 0.0540540540540541 0.275622676410421
"17" 0.879936248437822 0.996707508896528 0.704778638400286 0.996707508896528 0.768252454246048 0.540540540540541 0.764439763444916 0.489480277737158 0.825099325539121 0.750942918348638 0.328797974610715 0.773936273690614 0.604342696621565 0.532370691988979 0.668611723073134 0.543236520060589 0 0.162162162162162 0.486486486486486 0.540540540540541 0.810810810810811
"18" 0.923676080574868 0.899638755518553 0.710970077727887 0.879936248437822 0.677295356007658 0.564340892373543 0.659813817066687 0.532370691988979 0.692229647290038 0.616311040594129 0.341867855153338 0.630373177821114 0.464990554975277 0.389789327077188 0.512801782730007 0.382219881722458 0.162162162162162 0 0.324324324324324 0.378378378378378 0.648648648648649
"19" 1.08108108108108 0.773936273690614 0.825099325539121 0.702702702702703 0.594594594594595 0.727222921463444 0.543236520060589 0.727222921463444 0.483474157297252 0.411663411127779 0.540540540540541 0.389789327077188 0.275622676410421 0.216216216216216 0.229331929033475 0.0764439763444916 0.486486486486486 0.324324324324324 0 0.0540540540540541 0.324324324324324
"20" 1.11435287178856 0.764439763444916 0.854669637883346 0.683735710306677 0.597046541469582 0.764439763444916 0.540540540540541 0.768252454246048 0.461838040287434 0.393519453474623 0.584683990615782 0.362605617972939 0.27027027027027 0.222870574357711 0.194894663538594 0.0540540540540541 0.540540540540541 0.378378378378378 0.0540540540540541 0 0.27027027027027
"21" 1.30179400851809 0.773936273690614 1.03270125267799 0.650897004259043 0.677295356007658 0.97447331769297 0.604342696621565 0.992300527064098 0.445741148715423 0.411663411127779 0.823326822255558 0.341867855153338 0.382219881722458 0.389789327077188 0.229331929033475 0.275622676410421 0.810810810810811 0.648648648648649 0.324324324324324 0.27027027027027 0
