"V1" "V2" "V3" "V4" "V5" "V6" "V7" "V8" "V9" "V10" "V11" "V12" "V13" "V14" "V15" "V16" "V17" "V18" "V19" "V20" "V21"
"1" 0 0.0808122035641769 0.582745087267747 0.206031501455085 0.488228785446716 0.986438657236118 0.285714285714286 0.666394502268034 1.0222025039999 0.542104741743151 0.857142857142857 0.615447406529658 0.937212540963241 0.849489642703915 1.10951359079701 0.706818107248742 1.09767844070277 0.973107792338652 1.03015750727543 1.15705467036095 1.37380746059101
"2" 0.0808122035641769 0 0.517450579322138 0.127775312999988 0.416006279387458 0.921400885519834 0.206031501455085 0.588321722342114 0.945882591842677 0.471212071499161 0.777226886213454 0.542104741743151 0.857142857142857 0.768778516975641 1.03015750727543 0.63887656499994 1.01739964655799 0.914285714285714 0.957888835099441 1.07816927223504 1.29299525702683
"3" 0.582745087267747 0.517450579322138 0 0.460700442759917 0.127775312999988 0.404061017820884 0.416006279387458 0.228571428571429 0.484873221385061 0.565685424949238 0.416006279387458 0.571428571428571 0.488228785446716 0.514285714285714 0.618094504365255 0.697517463756212 0.63887656499994 0.999591753402052 0.887095696929144 0.859045507335595 0.945882591842677
"4" 0.206031501455085 0.127775312999988 0.460700442759917 0 0.342857142857143 0.857142857142857 0.0808122035641769 0.488228785446716 0.849489642703915 0.347586430302755 0.666394502268034 0.416006279387458 0.745051703451731 0.646497628513415 0.921400885519834 0.517450579322138 0.903507902905251 0.802038219863897 0.832012558774916 0.951046684405328 1.17247340163904
"5" 0.488228785446716 0.416006279387458 0.127775312999988 0.342857142857143 0 0.514285714285714 0.291372543633873 0.206031501455085 0.53908463611752 0.44629998148038 0.41206300291017 0.460700442759917 0.491561443831007 0.471212071499161 0.646497628513415 0.588321722342114 0.651528814342365 0.894427190999916 0.808122035641769 0.818161203615792 0.951046684405328
"6" 0.986438657236118 0.921400885519834 0.404061017820884 0.857142857142857 0.514285714285714 0 0.802038219863897 0.435187034620795 0.291372543633873 0.87037406924159 0.44629998148038 0.84370417487048 0.460700442759917 0.607436903584837 0.460700442759917 0.951046684405328 0.526831111845308 1.21487380716967 1.01739964655799 0.87037406924159 0.8
"7" 0.285714285714286 0.206031501455085 0.416006279387458 0.0808122035641769 0.291372543633873 0.802038219863897 0 0.416006279387458 0.777226886213454 0.285714285714286 0.588321722342114 0.347586430302755 0.666394502268034 0.565685424949238 0.84370417487048 0.457142857142857 0.82412600582034 0.751596939312338 0.762380803664362 0.872247858427071 1.09171275283102
"8" 0.666394502268034 0.588321722342114 0.228571428571429 0.488228785446716 0.206031501455085 0.435187034620795 0.416006279387458 0 0.361403161162101 0.435187034620795 0.206031501455085 0.41206300291017 0.285714285714286 0.285714285714286 0.44629998148038 0.526831111845308 0.44629998148038 0.81215259448868 0.668839994898264 0.631163486696415 0.745051703451731
"9" 1.0222025039999 0.945882591842677 0.484873221385061 0.849489642703915 0.53908463611752 0.291372543633873 0.777226886213454 0.361403161162101 0 0.745051703451731 0.235606035749581 0.695172860605511 0.206031501455085 0.383325938999964 0.171428571428571 0.777226886213454 0.235606035749581 0.999591753402051 0.768778516975641 0.588321722342114 0.517450579322138
"10" 0.542104741743151 0.471212071499161 0.565685424949238 0.347586430302755 0.44629998148038 0.87037406924159 0.285714285714286 0.435187034620795 0.745051703451731 0 0.514285714285714 0.0808122035641769 0.574278606921194 0.416006279387458 0.751596939312338 0.171428571428571 0.706818107248742 0.471212071499161 0.488228785446716 0.646497628513415 0.921400885519834
"11" 0.857142857142857 0.777226886213454 0.416006279387458 0.666394502268034 0.41206300291017 0.44629998148038 0.588321722342114 0.206031501455085 0.235606035749581 0.514285714285714 0 0.460700442759917 0.0808122035641769 0.161624407128354 0.255550625999976 0.542104741743151 0.242436610692531 0.777226886213454 0.571428571428572 0.460700442759917 0.53908463611752
"12" 0.615447406529658 0.542104741743151 0.571428571428571 0.416006279387458 0.460700442759917 0.84370417487048 0.347586430302755 0.41206300291017 0.695172860605511 0.0808122035641769 0.460700442759917 0 0.514285714285714 0.347586430302755 0.688091118788131 0.127775312999988 0.63887656499994 0.435187034620795 0.416006279387458 0.565685424949238 0.84370417487048
"13" 0.937212540963241 0.857142857142857 0.488228785446716 0.745051703451731 0.491561443831007 0.460700442759917 0.666394502268034 0.285714285714286 0.206031501455085 0.574278606921194 0.0808122035641769 0.514285714285714 0 0.18070158058105 0.18070158058105 0.582745087267747 0.161624407128354 0.793853942254275 0.565685424949238 0.416006279387458 0.460700442759917
"14" 0.849489642703915 0.768778516975641 0.514285714285714 0.646497628513415 0.471212071499161 0.607436903584837 0.565685424949238 0.285714285714286 0.383325938999964 0.416006279387458 0.161624407128354 0.347586430302755 0.18070158058105 0 0.342857142857143 0.404061017820884 0.291372543633873 0.618094504365255 0.41206300291017 0.347586430302755 0.526831111845308
"15" 1.10951359079701 1.03015750727543 0.618094504365255 0.921400885519834 0.646497628513415 0.460700442759917 0.84370417487048 0.44629998148038 0.171428571428571 0.751596939312338 0.255550625999976 0.688091118788131 0.18070158058105 0.342857142857143 0 0.745051703451731 0.0808122035641769 0.923171109794486 0.666394502268034 0.44629998148038 0.347586430302755
"16" 0.706818107248742 0.63887656499994 0.697517463756212 0.517450579322138 0.588321722342114 0.951046684405328 0.457142857142857 0.526831111845308 0.777226886213454 0.171428571428571 0.542104741743151 0.127775312999988 0.582745087267747 0.404061017820884 0.745051703451731 0 0.685714285714286 0.307723703264829 0.333197251134017 0.53908463611752 0.849489642703915
"17" 1.09767844070277 1.01739964655799 0.63887656499994 0.903507902905251 0.651528814342365 0.526831111845308 0.82412600582034 0.44629998148038 0.235606035749581 0.706818107248742 0.242436610692531 0.63887656499994 0.161624407128354 0.291372543633873 0.0808122035641769 0.685714285714286 0 0.849489642703915 0.588321722342114 0.365892813567591 0.307723703264829
"18" 0.973107792338652 0.914285714285714 0.999591753402052 0.802038219863897 0.894427190999916 1.21487380716967 0.751596939312338 0.81215259448868 0.999591753402051 0.471212071499161 0.777226886213454 0.435187034620795 0.793853942254275 0.618094504365255 0.923171109794486 0.307723703264829 0.849489642703915 0 0.285714285714286 0.571428571428571 0.914285714285714
"19" 1.03015750727543 0.957888835099441 0.887095696929144 0.832012558774916 0.808122035641769 1.01739964655799 0.762380803664362 0.668839994898264 0.768778516975641 0.488228785446716 0.571428571428572 0.416006279387458 0.565685424949238 0.41206300291017 0.666394502268034 0.333197251134017 0.588321722342114 0.285714285714286 0 0.285714285714286 0.628571428571429
"20" 1.15705467036095 1.07816927223504 0.859045507335595 0.951046684405328 0.818161203615792 0.87037406924159 0.872247858427071 0.631163486696415 0.588321722342114 0.646497628513415 0.460700442759917 0.565685424949238 0.416006279387458 0.347586430302755 0.44629998148038 0.53908463611752 0.365892813567591 0.571428571428571 0.285714285714286 0 0.342857142857143
"21" 1.37380746059101 1.29299525702683 0.945882591842677 1.17247340163904 0.951046684405328 0.8 1.09171275283102 0.745051703451731 0.517450579322138 0.921400885519834 0.53908463611752 0.84370417487048 0.460700442759917 0.526831111845308 0.347586430302755 0.849489642703915 0.307723703264829 0.914285714285714 0.628571428571429 0.342857142857143 0
