"V1" "V2" "V3" "V4" "V5" "V6" "V7" "V8" "V9" "V10" "V11" "V12" "V13" "V14" "V15" "V16" "V17" "V18" "V19" "V20" "V21" "V22" "V23" "V24" "V25" "V26" "V27" "V28" "V29" "V30" "V31" "V32" "V33" "V34" "V35" "V36" "V37" "V38" "V39" "V40" "V41" "V42"
"1" 0 0.312027132331345 0.341342134492419 0.139874349615161 0.44458964477768 0.170820747859002 0.424355809652813 0.309572320526514 0.213509952013296 0.325503150253587 0.271745856731532 0.217712248218421 0.089829426570736 0.170948359215652 0.395506944539775 0.188204101779418 0.302290311693752 0.394102379445728 0.0765715300726079 0.2414100390111 0.265859183417811 0.148600521939198 0.430919849046142 0.0917896762526156 0.212065462056709 0.128461035181455 0.326441000698101 0.0760232107410476 0.249552615025191 0.187826070523682 0.133857658798418 0.185124598861519 0.213277317911782 0.333669847057625 0.394029525550998 0.284221636570429 0.274307484142145 0.338077479259879 0.264026232184672 0.264582780767066 0.37594013569619 0.127514694224627
"2" 0.312027132331345 0 0.120456445722174 0.279679008662746 0.336102425541207 0.230686623434033 0.178320034522076 0.0532686620317439 0.306704088055354 0.165890614824575 0.172511396400639 0.357116132692188 0.272797527267091 0.154038669039391 0.247943970197456 0.127441888481759 0.0447277597192832 0.38643848301118 0.254496547637324 0.137900609714039 0.334714760883486 0.335769613251026 0.127410370731486 0.373501733342603 0.175239248307743 0.22074990818866 0.391374078758671 0.258146872114417 0.124407381386618 0.127047411892525 0.179199355449038 0.153098785819155 0.216962407285778 0.286023966034757 0.296666194434334 0.265196197330876 0.223217580322474 0.217877946994266 0.0960738363841507 0.290216274446434 0.180883123680282 0.217297257354721
"3" 0.341342134492419 0.120456445722174 0 0.257497310094045 0.217042348573465 0.202006797044297 0.0834737021471432 0.173635078988652 0.253565685657861 0.0571350224881377 0.0974414185436499 0.307160618775862 0.273566945253435 0.226575096942072 0.128186986350866 0.164302783459323 0.079968142548918 0.282900080651732 0.268469416749175 0.102227142111857 0.263965746514819 0.309995085306406 0.126910487041662 0.376322612544272 0.140740900053546 0.290412134428685 0.308379688429424 0.310805886383406 0.232149268840636 0.193642972196477 0.215091836582594 0.156218106490687 0.168319229941142 0.185262422956071 0.181257876982652 0.180677287604439 0.141740641081121 0.107970561757594 0.0800386446959536 0.215476744931806 0.0606867699655101 0.218841130992784
"4" 0.139874349615161 0.279679008662746 0.257497310094045 0 0.311312352426648 0.0554913500251991 0.333254767814229 0.301335305225476 0.0750447713997876 0.222888745862873 0.166453199371713 0.0969011729531815 0.0520215617055772 0.199293041987077 0.274957743925189 0.1611203691794 0.25115460950152 0.254299889441507 0.0799204894644721 0.158676760526934 0.127921688789305 0.0561396950632923 0.372491589295465 0.12683143449092 0.117406235868614 0.204693977753002 0.19175110741849 0.173971891415536 0.277233158963946 0.192044841071749 0.133432609192722 0.126703265219933 0.0942322179311603 0.198346234111493 0.262121637901167 0.149421509067441 0.149920376813289 0.219065006259057 0.197249832732549 0.125397841682713 0.273540832220928 0.0707534550282953
"5" 0.44458964477768 0.336102425541207 0.217042348573465 0.311312352426648 0 0.274022325211488 0.204172141906392 0.388524678391909 0.25352233195517 0.172686708614107 0.19666002388204 0.289914640140283 0.355702193302144 0.401441425246848 0.0891034515761641 0.329298715994598 0.292725393610735 0.128059044509167 0.37023169293203 0.244832773790242 0.219230870915199 0.337682089161098 0.312796920962617 0.433382543065435 0.248658200656152 0.451130085787132 0.21129346921819 0.449331382505623 0.434164188349702 0.371373183608637 0.359721012553829 0.295331467026834 0.232874246329758 0.113339285090028 0.051099452792705 0.161894213291699 0.172794268968306 0.126461083560453 0.262625647193145 0.191182676976706 0.160159862396837 0.32355335463284
"6" 0.170820747859002 0.230686623434033 0.202006797044297 0.0554913500251991 0.274022325211488 0 0.278279036714715 0.257738413376191 0.0842857191828727 0.168790633081029 0.112194566376689 0.128597677568917 0.0837496465090719 0.175843825402756 0.227398414749482 0.122146739863924 0.199027370178629 0.238529768827684 0.0963878281004149 0.103845859086757 0.129272637085315 0.109470290375981 0.317924686600463 0.178606244988411 0.0621933532254529 0.199319593418886 0.195530770505728 0.182367426826597 0.24613624747368 0.160396773475266 0.112551767185485 0.0813165230171189 0.0433057012362121 0.164702349745927 0.223303489395152 0.115741685430676 0.103872714426247 0.170292829199498 0.143768281270016 0.10577689728776 0.219810142817672 0.0548559740484072
"7" 0.424355809652813 0.178320034522076 0.0834737021471432 0.333254767814229 0.204172141906392 0.278279036714715 0 0.229178433865246 0.317829778536682 0.112016806659819 0.167187280718827 0.370487957353998 0.353971200644522 0.306486240388358 0.123642937359082 0.247126362536899 0.149312953243275 0.302688827445539 0.350736199758195 0.183702820928502 0.317405421813648 0.383021411824506 0.110192269468438 0.455528597275563 0.219342051599211 0.371706285255324 0.349805487004404 0.393970153761535 0.300723949039598 0.273794838004144 0.298498570182362 0.239331152395076 0.240375488733568 0.217828345773566 0.186704483755439 0.230833920677764 0.199554614860727 0.141160122473492 0.163255430871815 0.269650129626193 0.0670778177867541 0.300478502507262
"8" 0.309572320526514 0.0532686620317439 0.173635078988652 0.301335305225476 0.388524678391909 0.257738413376191 0.229178433865246 0 0.33854777225673 0.217159776057253 0.217339469632363 0.386264505470937 0.285466175740048 0.140412911712583 0.300737897286104 0.140697076627339 0.0958432419907898 0.433468595167501 0.262497188342493 0.176908410050655 0.371744096624493 0.356397234811985 0.162358838278832 0.38086628373177 0.209083500990633 0.201876650972924 0.431480293470364 0.246581981514076 0.0849166398448011 0.122628463189915 0.183781911518777 0.176617060025812 0.251663497761732 0.333270447158575 0.347978342283924 0.308310150704186 0.266906900543355 0.268416826237365 0.138712701115239 0.329705473312442 0.234130978972322 0.233670240893351
"9" 0.213509952013296 0.306704088055354 0.253565685657861 0.0750447713997876 0.25352233195517 0.0842857191828727 0.317829778536682 0.33854777225673 0 0.206449623820344 0.156126097455823 0.0535998627795083 0.127060027409788 0.258864611410763 0.235062341122399 0.206076720156704 0.270302786865659 0.181375179464352 0.154079920698775 0.170754471940253 0.052876942581684 0.0843173866479748 0.378099643202339 0.18165493246636 0.131466998727175 0.274754950156896 0.1175630966513 0.24798297703451 0.330421458378969 0.244643918240892 0.194014041515721 0.164048983467948 0.0905525343018041 0.141325980351361 0.207952067916018 0.0982383180064354 0.118654227381761 0.185276321933479 0.213505393300464 0.0625461385738042 0.252419292625244 0.13138939855891
"10" 0.325503150253587 0.165890614824575 0.0571350224881377 0.222888745862873 0.172686708614107 0.168790633081029 0.112016806659819 0.217159776057253 0.206449623820344 0 0.0565961479986761 0.259530266157643 0.248223868273078 0.238986793116154 0.0888531709950009 0.168929271192512 0.12150701015033 0.226538188007387 0.249543713399101 0.0877793389630217 0.210808649670879 0.271365155053441 0.182313334053752 0.347293849360829 0.113980410752607 0.296787433722185 0.252139536077347 0.307604355104575 0.262443433351737 0.206916244578847 0.211409442614828 0.146198184016897 0.129096803787181 0.128209977608637 0.130854600025428 0.125634915243547 0.0894622181709078 0.0526153887273598 0.0919637889507709 0.16227722995512 0.0512246361788087 0.198350860040959
"11" 0.271745856731532 0.172511396400639 0.0974414185436499 0.166453199371713 0.19666002388204 0.112194566376689 0.167187280718827 0.217339469632363 0.156126097455823 0.0565961479986761 0 0.209723122811025 0.192229972475269 0.204828264744317 0.127469376020059 0.132678532828901 0.129332356561009 0.216502989612654 0.195313862127807 0.0487924053770002 0.169744363363867 0.215924973139166 0.22273922625718 0.290716643753363 0.0598235926279783 0.255909748599903 0.220811786813944 0.260137408858019 0.244353439343264 0.175244511977764 0.166096987595742 0.100317169404342 0.0732068436454173 0.117005950753534 0.14755297414077 0.0929899661752231 0.0509435112787739 0.0722648764540642 0.0786768283896211 0.122152600508113 0.107684178644183 0.144231219039143
"12" 0.217712248218421 0.357116132692188 0.307160618775862 0.0969011729531815 0.289914640140283 0.128597677568917 0.370487957353998 0.386264505470937 0.0535998627795083 0.259530266157643 0.209723122811025 0 0.142841034632913 0.29515233891515 0.28237146806594 0.249826742358237 0.322094731362794 0.19776686812914 0.173862925191128 0.222825850624615 0.0709791382851542 0.0698111720170324 0.431603259806237 0.163578053845348 0.182460078085017 0.300808617799465 0.113685952406167 0.266316119267542 0.371074583550666 0.285162937690688 0.229210305165064 0.209907424949635 0.142992840887128 0.182319820447083 0.248329645065252 0.145483494688514 0.170948895898725 0.235518732955547 0.265383603103562 0.106372360912855 0.304582330876318 0.165630620117791
"13" 0.089829426570736 0.272797527267091 0.273566945253435 0.0520215617055772 0.355702193302144 0.0837496465090719 0.353971200644522 0.285466175740048 0.127060027409788 0.248223868273078 0.192229972475269 0.142841034632913 0 0.166435744346998 0.311068418655504 0.146394954504469 0.251582284873419 0.305621107970029 0.0317090024826243 0.171358707100317 0.179935260510636 0.0830788720863839 0.378453301433673 0.103725311831213 0.134959210977576 0.159396829272908 0.243380899296407 0.123709484944234 0.248024194533554 0.167017025259104 0.104227841796565 0.124073952173734 0.127035804633768 0.244133193534662 0.305456362889619 0.194687916777297 0.187489843418759 0.253853334372715 0.203235717835909 0.174986082341799 0.299432383880248 0.0568947192722487
"14" 0.170948359215652 0.154038669039391 0.226575096942072 0.199293041987077 0.401441425246848 0.175843825402756 0.306486240388358 0.140412911712583 0.258864611410763 0.238986793116154 0.204828264744317 0.29515233891515 0.166435744346998 0 0.326433703255684 0.0721499805603145 0.160783298586156 0.402986374432425 0.137466957757425 0.156730803982855 0.3049990375217 0.247411076614305 0.280801290403484 0.249381547433648 0.15990151945018 0.0672768871851048 0.371028994414223 0.106378198466337 0.0823768223115145 0.0329448477679281 0.0659520061706545 0.110607347564825 0.193794790739808 0.312310079726533 0.352263466132587 0.271167034978021 0.238652632003312 0.275781223077546 0.149768223050477 0.275773337414497 0.279435174553269 0.129550316395755
"15" 0.395506944539775 0.247943970197456 0.128186986350866 0.274957743925189 0.0891034515761641 0.227398414749482 0.123642937359082 0.300737897286104 0.235062341122399 0.0888531709950009 0.127469376020059 0.28237146806594 0.311068418655504 0.326433703255684 0 0.255264807668891 0.205248163094437 0.179889793066033 0.319018979778706 0.171266658548659 0.218426853095316 0.313690038523367 0.227960168363457 0.401694685549422 0.186202670808686 0.381754409072453 0.236879001727728 0.387603165812943 0.350908939615271 0.294822516845686 0.293229798237599 0.227284691842688 0.184097964316656 0.10615040160841 0.0630680646584882 0.137211671662381 0.125047293726866 0.0574321112658059 0.180811393139109 0.176001856965517 0.0713723858203515 0.268818652334019
"16" 0.188204101779418 0.127441888481759 0.164302783459323 0.1611203691794 0.329298715994598 0.122146739863924 0.247126362536899 0.140697076627339 0.206076720156704 0.168929271192512 0.132678532828901 0.249826742358237 0.146394954504469 0.0721499805603145 0.255264807668891 0 0.114164723435669 0.334916729945171 0.127057712984309 0.0847082993876361 0.246744034679478 0.215785448380473 0.242715785331922 0.246083230218757 0.0908879727811307 0.128228257309439 0.311176952380844 0.147054667152027 0.125822299065045 0.0440901669635739 0.0545631468148842 0.0436396218346308 0.129087240116767 0.241759030072093 0.280139737418634 0.202796096045235 0.16806802984231 0.203782010240749 0.0843962176135018 0.212084850331 0.212282561433261 0.0930269126550054
"17" 0.302290311693752 0.0447277597192832 0.079968142548918 0.25115460950152 0.292725393610735 0.199027370178629 0.149312953243275 0.0958432419907898 0.270302786865659 0.12150701015033 0.129332356561009 0.322094731362794 0.251582284873419 0.160783298586156 0.205248163094437 0.114164723435669 0 0.341956363309025 0.237628337310429 0.099575093397969 0.294782590033715 0.3071314956357 0.128780482710735 0.354653614532018 0.139777801409608 0.227681461267822 0.349531621721097 0.257521806663054 0.153289677733133 0.129270562528072 0.168713252523184 0.12778296334176 0.179783837751198 0.241560005071535 0.252359850885506 0.222308771156148 0.18025744872688 0.173263602883701 0.0567977996526543 0.249112472669053 0.140543383470295 0.1947692821738
"18" 0.394102379445728 0.38643848301118 0.282900080651732 0.254299889441507 0.128059044509167 0.238529768827684 0.302688827445539 0.433468595167501 0.181375179464352 0.226538188007387 0.216502989612654 0.19776686812914 0.305621107970029 0.402986374432425 0.179889793066033 0.334916729945171 0.341956363309025 0 0.329030870921742 0.261389105436923 0.131459325543947 0.260450110072606 0.401220638227946 0.358556557622752 0.244063499444206 0.436828522527403 0.0939268290266244 0.420071390010277 0.456737062045382 0.378925361085106 0.346581859170088 0.292812476623811 0.209873898869738 0.100415328935326 0.117690907930271 0.132129347767527 0.169366372291952 0.174987443584774 0.295094002347165 0.133027689446759 0.242078707216478 0.293385736464926
"19" 0.0765715300726079 0.254496547637324 0.268469416749175 0.0799204894644721 0.37023169293203 0.0963878281004149 0.350736199758195 0.262497188342493 0.154079920698775 0.249543713399101 0.195313862127807 0.173862925191128 0.0317090024826243 0.137466957757425 0.319018979778706 0.127057712984309 0.237628337310429 0.329030870921742 0 0.167070369144308 0.206722661233615 0.114667674962553 0.366029240933103 0.119171936115984 0.135773964195659 0.127712819440031 0.271412683739357 0.0940687052935334 0.219662296396408 0.141484053964985 0.0788387018760224 0.113430421798811 0.137742139799057 0.260940471266056 0.319381664539981 0.211747614044274 0.198706467789079 0.261599434944091 0.193689118781011 0.196641444963491 0.300258817500638 0.0512002289981007
"20" 0.2414100390111 0.137900609714039 0.102227142111857 0.158676760526934 0.244832773790242 0.103845859086757 0.183702820928502 0.176908410050655 0.170754471940253 0.0877793389630217 0.0487924053770002 0.222825850624615 0.171358707100317 0.156730803982855 0.171266658548659 0.0847082993876361 0.099575093397969 0.261389105436923 0.167070369144308 0 0.196840021862033 0.213314831668589 0.214082414362637 0.274342258287229 0.0418726803328535 0.210523025828283 0.254773930872807 0.219839271092311 0.196509907974264 0.126622695412728 0.123655471041072 0.0585752899312616 0.0802146030323363 0.163578339152515 0.196179273498865 0.132273636742129 0.0921239314720585 0.119076035571927 0.042792307059533 0.153099049219683 0.135914539272131 0.116838259044475
"21" 0.265859183417811 0.334714760883486 0.263965746514819 0.127921688789305 0.219230870915199 0.129272637085315 0.317405421813648 0.371744096624493 0.052876942581684 0.210808649670879 0.169744363363867 0.0709791382851542 0.179935260510636 0.3049990375217 0.218426853095316 0.246744034679478 0.294782590033715 0.131459325543947 0.206722661233615 0.196840021862033 0 0.129053344467337 0.390819096369713 0.227300106498101 0.162877383483847 0.325474975926257 0.0664326019763183 0.300447382817979 0.372483582055659 0.287784287162223 0.241651828774473 0.203330863078043 0.120399906616252 0.114475895597433 0.17913116529075 0.086573212207984 0.122237297742458 0.177451135436663 0.23891402827915 0.048572184094106 0.250371230629831 0.180751649654715
"22" 0.148600521939198 0.335769613251026 0.309995085306406 0.0561396950632923 0.337682089161098 0.109470290375981 0.383021411824506 0.356397234811985 0.0843173866479748 0.271365155053441 0.215924973139166 0.0698111720170324 0.0830788720863839 0.247411076614305 0.313690038523367 0.215785448380473 0.3071314956357 0.260450110072606 0.114667674962553 0.213314831668589 0.129053344467337 0 0.427394975143746 0.0983473704711656 0.171591305775206 0.241956652939856 0.182167710394434 0.202487131584903 0.327691361574343 0.243909842254532 0.182803253857052 0.182723336378956 0.142733860253612 0.225005773556735 0.291389818788607 0.179594870820241 0.190895982121128 0.260371132438136 0.252797586708148 0.146505964446978 0.320894021990196 0.123397825000316
"23" 0.430919849046142 0.127410370731486 0.126910487041662 0.372491589295465 0.312796920962617 0.317924686600463 0.110192269468438 0.162358838278832 0.378099643202339 0.182313334053752 0.22273922625718 0.431603259806237 0.378453301433673 0.280801290403484 0.227960168363457 0.242715785331922 0.128780482710735 0.401220638227946 0.366029240933103 0.214082414362637 0.390819096369713 0.427394975143746 0 0.482022825903479 0.25587129920648 0.347839580660318 0.434448666971315 0.382980408974819 0.246119750612306 0.252117435300155 0.297155988276101 0.254433489145428 0.289878813519678 0.307789152288827 0.289729873052587 0.307396183785634 0.268625643491518 0.228470344528301 0.17601377179833 0.342363062624234 0.159525354950708 0.321578614125977
"24" 0.0917896762526156 0.373501733342603 0.376322612544272 0.12683143449092 0.433382543065435 0.178606244988411 0.455528597275563 0.38086628373177 0.18165493246636 0.347293849360829 0.290716643753363 0.163578053845348 0.103725311831213 0.249381547433648 0.401694685549422 0.246083230218757 0.354653614532018 0.358556557622752 0.119171936115984 0.274342258287229 0.227300106498101 0.0983473704711656 0.482022825903479 0 0.236260393917515 0.217532741761943 0.277233078616279 0.166530737257674 0.331171870619948 0.258748646517247 0.197183257705424 0.227589938606674 0.220267417725971 0.320107796445219 0.385676832863239 0.272731222016324 0.276699819913461 0.345894382329298 0.306960945871228 0.242694293152216 0.398385708818943 0.160483142576909
"25" 0.212065462056709 0.175239248307743 0.140740900053546 0.117406235868614 0.248658200656152 0.0621933532254529 0.219342051599211 0.209083500990633 0.131466998727175 0.113980410752607 0.0598235926279783 0.182460078085017 0.134959210977576 0.15990151945018 0.186202670808686 0.0908879727811307 0.139777801409608 0.244063499444206 0.135773964195659 0.0418726803328535 0.162877383483847 0.171591305775206 0.25587129920648 0.236260393917515 0 0.202979379222692 0.224525063421761 0.202218304870608 0.214752016883058 0.134862410790893 0.111152727219152 0.0493142738374027 0.0425813566424702 0.152616450800024 0.197931646808775 0.111934154822487 0.0792664678021094 0.12952009264518 0.0833182970788763 0.123424448302096 0.16499090333424 0.0845945374296628
"26" 0.128461035181455 0.22074990818866 0.290412134428685 0.204693977753002 0.451130085787132 0.199319593418886 0.371706285255324 0.201876650972924 0.274754950156896 0.296787433722185 0.255909748599903 0.300808617799465 0.159396829272908 0.0672768871851048 0.381754409072453 0.128228257309439 0.227681461267822 0.436828522527403 0.127712819440031 0.210523025828283 0.325474975926257 0.241956652939856 0.347839580660318 0.217532741761943 0.202979379222692 0 0.391721200436221 0.0528987415942819 0.128130382313153 0.0985400233719672 0.0920967041021461 0.155907090670971 0.228334997434943 0.353587031020868 0.400682523888455 0.30826394518646 0.281619137561476 0.32814876478167 0.211569605208766 0.304856554868939 0.340435438078685 0.145178131637684
"27" 0.326441000698101 0.391374078758671 0.308379688429424 0.19175110741849 0.21129346921819 0.195530770505728 0.349805487004404 0.431480293470364 0.1175630966513 0.252139536077347 0.220811786813944 0.113685952406167 0.243380899296407 0.371028994414223 0.236879001727728 0.311176952380844 0.349531621721097 0.0939268290266244 0.271412683739357 0.254773930872807 0.0664326019763183 0.182167710394434 0.434448666971315 0.277233078616279 0.224525063421761 0.391721200436221 0 0.365427315461774 0.436990693730007 0.352955944517753 0.308008664253576 0.267566831417291 0.182882902745808 0.13245939237544 0.183948150728128 0.128624963690147 0.170141037011183 0.209339407852769 0.29536612211787 0.1017814454981 0.283564567886878 0.247154728504255
"28" 0.0760232107410476 0.258146872114417 0.310805886383406 0.173971891415536 0.449331382505623 0.182367426826597 0.393970153761535 0.246581981514076 0.24798297703451 0.307604355104575 0.260137408858019 0.266316119267542 0.123709484944234 0.106378198466337 0.387603165812943 0.147054667152027 0.257521806663054 0.420071390010277 0.0940687052935334 0.219839271092311 0.300447382817979 0.202487131584903 0.382980408974819 0.166530737257674 0.202218304870608 0.0528987415942819 0.365427315461774 0 0.178503469707854 0.131180531071768 0.0965762103959513 0.161476881413759 0.218399350188088 0.345002733600434 0.39826355932394 0.297106820101703 0.276721329499422 0.331543021344129 0.230779621832154 0.287057697508205 0.354939803688358 0.128130921930268
"29" 0.249552615025191 0.124407381386618 0.232149268840636 0.277233158963946 0.434164188349702 0.24613624747368 0.300723949039598 0.0849166398448011 0.330421458378969 0.262443433351737 0.244353439343264 0.371074583550666 0.248024194533554 0.0823768223115145 0.350908939615271 0.125822299065045 0.153289677733133 0.456737062045382 0.219662296396408 0.196509907974264 0.372483582055659 0.327691361574343 0.246119750612306 0.331171870619948 0.214752016883058 0.128130382313153 0.436990693730007 0.178503469707854 0 0.0859950460613613 0.14488946735854 0.169424724376239 0.254598993725998 0.360036577796821 0.388507488635233 0.32535013052604 0.287599571512438 0.308394098861163 0.171559639772714 0.337477500505718 0.291720372748382 0.206503952902455
"30" 0.187826070523682 0.127047411892525 0.193642972196477 0.192044841071749 0.371373183608637 0.160396773475266 0.273794838004144 0.122628463189915 0.244643918240892 0.206916244578847 0.175244511977764 0.285162937690688 0.167017025259104 0.0329448477679281 0.294822516845686 0.0440901669635739 0.129270562528072 0.378925361085106 0.141484053964985 0.126622695412728 0.287784287162223 0.243909842254532 0.252117435300155 0.258748646517247 0.134862410790893 0.0985400233719672 0.352955944517753 0.131180531071768 0.0859950460613613 0 0.0629255421948602 0.0866573351065194 0.172050265798032 0.285765232913236 0.3227741661513 0.246796215930536 0.212099449283757 0.245238524997706 0.117020128460011 0.254976730211019 0.246651157788225 0.121336360186386
"31" 0.133857658798418 0.179199355449038 0.215091836582594 0.133432609192722 0.359721012553829 0.112551767185485 0.298498570182362 0.183781911518777 0.194014041515721 0.211409442614828 0.166096987595742 0.229210305165064 0.104227841796565 0.0659520061706545 0.293229798237599 0.0545631468148842 0.168713252523184 0.346581859170088 0.0788387018760224 0.123655471041072 0.241651828774473 0.182803253857052 0.297155988276101 0.197183257705424 0.111152727219152 0.0920967041021461 0.308008664253576 0.0965762103959513 0.14488946735854 0.0629255421948602 0 0.0659540888449894 0.13704488325771 0.261568842212414 0.309069256994511 0.21676409742062 0.189537893819881 0.238243359225917 0.135321781762253 0.216042393835072 0.258377329770517 0.0636630931464987
"32" 0.185124598861519 0.153098785819155 0.156218106490687 0.126703265219933 0.295331467026834 0.0813165230171189 0.239331152395076 0.176617060025812 0.164048983467948 0.146198184016897 0.100317169404342 0.209907424949635 0.124073952173734 0.110607347564825 0.227284691842688 0.0436396218346308 0.12778296334176 0.292812476623811 0.113430421798811 0.0585752899312616 0.203330863078043 0.182723336378956 0.254433489145428 0.227589938606674 0.0493142738374027 0.155907090670971 0.267566831417291 0.161476881413759 0.169424724376239 0.0866573351065194 0.0659540888449894 0 0.0855326985857105 0.201885569163567 0.24508553431883 0.160775499406094 0.128377148006442 0.17256122045671 0.0802910196736767 0.168532598854351 0.194400161168946 0.0671792359254807
"33" 0.213277317911782 0.216962407285778 0.168319229941142 0.0942322179311603 0.232874246329758 0.0433057012362121 0.240375488733568 0.251663497761732 0.0905525343018041 0.129096803787181 0.0732068436454173 0.142992840887128 0.127035804633768 0.193794790739808 0.184097964316656 0.129087240116767 0.179783837751198 0.209873898869738 0.137742139799057 0.0802146030323363 0.120399906616252 0.142733860253612 0.289878813519678 0.220267417725971 0.0425813566424702 0.228334997434943 0.182882902745808 0.218399350188088 0.254598993725998 0.172050265798032 0.13704488325771 0.0855326985857105 0 0.126686292406619 0.18188013563718 0.0799504461865179 0.0610356437792357 0.127046139483062 0.122988580581741 0.0830027573267336 0.179438927753368 0.0909543025470133
"34" 0.333669847057625 0.286023966034757 0.185262422956071 0.198346234111493 0.113339285090028 0.164702349745927 0.217828345773566 0.333270447158575 0.141325980351361 0.128209977608637 0.117005950753534 0.182319820447083 0.244133193534662 0.312310079726533 0.10615040160841 0.241759030072093 0.241560005071535 0.100415328935326 0.260940471266056 0.163578339152515 0.114475895597433 0.225005773556735 0.307789152288827 0.320107796445219 0.152616450800024 0.353587031020868 0.13245939237544 0.345002733600434 0.360036577796821 0.285765232913236 0.261568842212414 0.201885569163567 0.126686292406619 0 0.0666817295557435 0.0494517123874937 0.0737138809165596 0.0793890983969144 0.1952239768304 0.0787912930488058 0.152363019107402 0.217126033191984
"35" 0.394029525550998 0.296666194434334 0.181257876982652 0.262121637901167 0.051099452792705 0.223303489395152 0.186704483755439 0.347978342283924 0.207952067916018 0.130854600025428 0.14755297414077 0.248329645065252 0.305456362889619 0.352263466132587 0.0630680646584882 0.280139737418634 0.252359850885506 0.117690907930271 0.319381664539981 0.196179273498865 0.17913116529075 0.291389818788607 0.289729873052587 0.385676832863239 0.197931646808775 0.400682523888455 0.183948150728128 0.39826355932394 0.388507488635233 0.3227741661513 0.309069256994511 0.24508553431883 0.18188013563718 0.0666817295557435 0 0.113029850025415 0.121695166400706 0.0804060535642002 0.21724076199357 0.145446642847773 0.130775272247827 0.272483035489802
"36" 0.284221636570429 0.265196197330876 0.180677287604439 0.149421509067441 0.161894213291699 0.115741685430676 0.230833920677764 0.308310150704186 0.0982383180064354 0.125634915243547 0.0929899661752231 0.145483494688514 0.194687916777297 0.271167034978021 0.137211671662381 0.202796096045235 0.222308771156148 0.132129347767527 0.211747614044274 0.132273636742129 0.086573212207984 0.179594870820241 0.307396183785634 0.272731222016324 0.111934154822487 0.30826394518646 0.128624963690147 0.297106820101703 0.32535013052604 0.246796215930536 0.21676409742062 0.160775499406094 0.0799504461865179 0.0494517123874937 0.113029850025415 0 0.0420513952646743 0.0913177095038801 0.17002549110947 0.0396455042304377 0.163798703940528 0.168990853298248
"37" 0.274307484142145 0.223217580322474 0.141740641081121 0.149920376813289 0.172794268968306 0.103872714426247 0.199554614860727 0.266906900543355 0.118654227381761 0.0894622181709078 0.0509435112787739 0.170948895898725 0.187489843418759 0.238652632003312 0.125047293726866 0.16806802984231 0.18025744872688 0.169366372291952 0.198706467789079 0.0921239314720585 0.122237297742458 0.190895982121128 0.268625643491518 0.276699819913461 0.0792664678021094 0.281619137561476 0.170141037011183 0.276721329499422 0.287599571512438 0.212099449283757 0.189537893819881 0.128377148006442 0.0610356437792357 0.0737138809165596 0.121695166400706 0.0420513952646743 0 0.0696466154295562 0.128348239547898 0.0737379538937742 0.133778216193253 0.150903154479195
"38" 0.338077479259879 0.217877946994266 0.107970561757594 0.219065006259057 0.126461083560453 0.170292829199498 0.141160122473492 0.268416826237365 0.185276321933479 0.0526153887273598 0.0722648764540642 0.235518732955547 0.253853334372715 0.275781223077546 0.0574321112658059 0.203782010240749 0.173263602883701 0.174987443584774 0.261599434944091 0.119076035571927 0.177451135436663 0.260371132438136 0.228470344528301 0.345894382329298 0.12952009264518 0.32814876478167 0.209339407852769 0.331543021344129 0.308394098861163 0.245238524997706 0.238243359225917 0.17256122045671 0.127046139483062 0.0793890983969144 0.0804060535642002 0.0913177095038801 0.0696466154295562 0 0.136944689529285 0.130888342975207 0.0743564786519796 0.211490348715214
"39" 0.264026232184672 0.0960738363841507 0.0800386446959536 0.197249832732549 0.262625647193145 0.143768281270016 0.163255430871815 0.138712701115239 0.213505393300464 0.0919637889507709 0.0786768283896211 0.265383603103562 0.203235717835909 0.149768223050477 0.180811393139109 0.0843962176135018 0.0567977996526543 0.295094002347165 0.193689118781011 0.042792307059533 0.23891402827915 0.252797586708148 0.17601377179833 0.306960945871228 0.0833182970788763 0.211569605208766 0.29536612211787 0.230779621832154 0.171559639772714 0.117020128460011 0.135321781762253 0.0802910196736767 0.122988580581741 0.1952239768304 0.21724076199357 0.17002549110947 0.128348239547898 0.136944689529285 0 0.194142543354682 0.129669221280536 0.146624437163217
"40" 0.264582780767066 0.290216274446434 0.215476744931806 0.125397841682713 0.191182676976706 0.10577689728776 0.269650129626193 0.329705473312442 0.0625461385738042 0.16227722995512 0.122152600508113 0.106372360912855 0.174986082341799 0.275773337414497 0.176001856965517 0.212084850331 0.249112472669053 0.133027689446759 0.196641444963491 0.153099049219683 0.048572184094106 0.146505964446978 0.342363062624234 0.242694293152216 0.123424448302096 0.304856554868939 0.1017814454981 0.287057697508205 0.337477500505718 0.254976730211019 0.216042393835072 0.168532598854351 0.0830027573267336 0.0787912930488058 0.145446642847773 0.0396455042304377 0.0737379538937742 0.130888342975207 0.194142543354682 0 0.202745764864433 0.160579529582546
"41" 0.37594013569619 0.180883123680282 0.0606867699655101 0.273540832220928 0.160159862396837 0.219810142817672 0.0670778177867541 0.234130978972322 0.252419292625244 0.0512246361788087 0.107684178644183 0.304582330876318 0.299432383880248 0.279435174553269 0.0713723858203515 0.212282561433261 0.140543383470295 0.242078707216478 0.300258817500638 0.135914539272131 0.250371230629831 0.320894021990196 0.159525354950708 0.398385708818943 0.16499090333424 0.340435438078685 0.283564567886878 0.354939803688358 0.291720372748382 0.246651157788225 0.258377329770517 0.194400161168946 0.179438927753368 0.152363019107402 0.130775272247827 0.163798703940528 0.133778216193253 0.0743564786519796 0.129669221280536 0.202745764864433 0 0.249111633560606
"42" 0.127514694224627 0.217297257354721 0.218841130992784 0.0707534550282953 0.32355335463284 0.0548559740484072 0.300478502507262 0.233670240893351 0.13138939855891 0.198350860040959 0.144231219039143 0.165630620117791 0.0568947192722487 0.129550316395755 0.268818652334019 0.0930269126550054 0.1947692821738 0.293385736464926 0.0512002289981007 0.116838259044475 0.180751649654715 0.123397825000316 0.321578614125977 0.160483142576909 0.0845945374296628 0.145178131637684 0.247154728504255 0.128130921930268 0.206503952902455 0.121336360186386 0.0636630931464987 0.0671792359254807 0.0909543025470133 0.217126033191984 0.272483035489802 0.168990853298248 0.150903154479195 0.211490348715214 0.146624437163217 0.160579529582546 0.249111633560606 0
