"V1" "V2" "V3" "V4" "V5" "V6" "V7" "V8" "V9" "V10" "V11" "V12" "V13" "V14" "V15" "V16" "V17" "V18" "V19" "V20" "V21" "V22" "V23" "V24" "V25" "V26" "V27" "V28" "V29" "V30" "V31" "V32" "V33" "V34" "V35" "V36" "V37" "V38" "V39" "V40" "V41" "V42" "V43" "V44" "V45" "V46" "V47" "V48" "V49" "V50" "V51" "V52" "V53" "V54" "V55" "V56" "V57" "V58" "V59" "V60" "V61" "V62" "V63" "V64" "V65" "V66" "V67" "V68" "V69" "V70" "V71" "V72" "V73" "V74" "V75" "V76" "V77" "V78" "V79" "V80" "V81" "V82" "V83" "V84"
"1" 0 0.834184628583591 0.776163888657204 0.534361333458006 1.07038605935797 0.295032380823921 1.01714707157627 1.22199775835692 0.963116519178651 0.573903019997122 0.807065363674043 1.146554822402 0.947774134722152 0.499195216519183 0.97023518103851 0.8653209685441 0.992714168162892 0.689329840543669 0.829049045279249 0.188983916827278 0.106454722501109 0.650586284425712 0.158364172429633 0.740232164003267 0.879682445298097 0.440586447771429 0.882302886695541 0.79920227108087 0.668154007581973 0.887165101263778 1.00122783487072 0.937007751634503 0.383234651647008 0.85230464977028 1.123686103457 0.826993445104884 0.618133996184693 0.0550347858329182 0.893213502484641 0.218555444784118 0.768747639610823 0.680655492079558 0.869356678475482 0.923474165223325 1.06617545293233 0.723626863481281 0.733048135702997 0.894362216120127 1.11826716740154 0.34703796793647 0.790562566378045 0.677960143695665 0.698723514602405 1.05441923100169 0.317212191003591 0.122365727543491 0.938760322853339 0.952867947687196 0.711676242409848 1.01005925041803 0.593918073867772 0.88376527350597 0.821908298429654 0.203019489356077 0.991300541698329 0.700698600119584 0.822280784432454 1.00730546644887 0.319146249304506 0.938312770246267 0.617700498023005 1.05674847691306 0.573638326600917 0.43863871265666 1.25021476736407 0.975079040605382 0.495776317998045 1.11439577492337 0.830230264074524 0.681008162664485 0.878911470424083 0.158098500417259 0.886256150925707 0.611407633811949
"2" 0.834184628583591 0 0.182507579919678 0.544474910739019 0.35195925454572 0.542510585481838 0.259827627662704 0.406776265570304 0.527411893043373 0.297822867062376 0.473994995300606 0.339882584128294 0.253756063365177 0.538199904685951 0.176296240256147 0.650562423186295 0.4584164237332 0.405535705101103 0.638820005034014 0.656303157048899 0.74869257912619 0.190921994854571 0.676526547747644 0.236117208014846 0.423135480215953 0.469589760815608 0.649676261992151 0.207117899551536 0.375397633339943 0.563981203848021 0.291375683176957 0.277749016424166 0.466766962062428 0.0930235570195753 0.311013112823111 0.090106505520544 0.416325013623857 0.882745519218527 0.403613039407064 0.681803685931813 0.451193841656043 0.495997003985502 0.268133727474878 0.659949091443029 0.321798034698269 0.111892391868132 0.502374529181042 0.704162622095966 0.293089199958564 0.641331625393071 0.473114388509275 0.398940307926589 0.155378108880124 0.382708241569779 0.668119568302433 0.753013610957848 0.49447047337542 0.268041079281176 0.353981421521541 0.398780279397809 0.282202669700903 0.662383135907485 0.0607984960684491 0.659626976147803 0.178424399299395 0.169964231027182 0.084195177703839 0.289783963544738 0.606455967760386 0.10506465353356 0.218117914614116 0.299803733630377 0.634989327747388 0.414309631008767 0.420836129638707 0.639082877472266 0.595457680599778 0.2962433850643 0.388048907957325 0.543805749382242 0.178276748874362 0.676195883016721 0.172884822851963 0.226334622419304
"3" 0.776163888657204 0.182507579919678 0 0.38971570444473 0.299522239088077 0.507201669117354 0.439078553782448 0.552760578882443 0.694293124600721 0.202298961633408 0.292482436384681 0.496645095386483 0.435761951349458 0.392026178277155 0.352091833579208 0.791060273481417 0.634044648994355 0.228113302492597 0.773695923672815 0.588155833406821 0.678626541836901 0.162094430436793 0.626652475401888 0.0586003232532816 0.25329926526165 0.498427181723032 0.793249308323468 0.364545515262193 0.203107018730596 0.715807217154204 0.228768179709863 0.173860937428896 0.392930713733544 0.115727074859632 0.359363265451754 0.0998146335067151 0.252535042815158 0.818320402680638 0.239284778175134 0.591654168649223 0.58769896971038 0.318504285214455 0.123104074456437 0.481214291432083 0.500671131270992 0.185283742120145 0.62737093067038 0.844863662269567 0.366350508422379 0.661110372645031 0.290930196093381 0.223483747260232 0.243786715463344 0.565213307040692 0.553066921737014 0.717995886371715 0.66039161953935 0.182906786333125 0.174752270585427 0.28140925028097 0.182274713367653 0.481225352161807 0.233284253359625 0.581940172702948 0.344853834115868 0.0947646655104046 0.102598850990696 0.471952121968753 0.61318464061726 0.255102420626856 0.200796323294499 0.477426392889183 0.714939433878652 0.415924342788345 0.546818998863858 0.466754757553192 0.656132170929868 0.354922307679163 0.54269299154427 0.366289638819658 0.103357669392219 0.62133291330542 0.11179519930521 0.19796432814051
"4" 0.534361333458006 0.544474910739019 0.38971570444473 0 0.620984472093597 0.395721827039396 0.80022012668201 0.940368298966061 0.954631032335478 0.26889454325091 0.282027275203923 0.880171254803359 0.77138877947179 0.0383561518753023 0.720399268005043 0.974654660918501 0.926741533541795 0.192972082121278 0.946143138357685 0.366748570960571 0.428509691914931 0.379915406724618 0.436187548495816 0.332436787356129 0.371076097371698 0.524049997902074 0.983967710800361 0.651278745616946 0.195753283311917 0.934736046050618 0.562627258725586 0.491779537094362 0.263314462890959 0.503222826703047 0.736086363495546 0.48300564225623 0.13922692734053 0.556679896072469 0.391717373514463 0.315812249560726 0.790519863520153 0.150416642874112 0.42297554538639 0.392101036420699 0.861723496285384 0.475528936775004 0.799813480827788 1.02344043050004 0.750560811629056 0.613443134769797 0.265300546574775 0.187832657975021 0.500472620575386 0.903940593951496 0.226120719606499 0.537729368101751 0.921047352479569 0.515182761539274 0.238825227959753 0.524597259531335 0.276458306759714 0.355450940509563 0.573022098034996 0.339461124507305 0.721639193844567 0.375253549574562 0.483105567239735 0.820341882480734 0.551902774846853 0.637001286874665 0.380217716336956 0.841536516702105 0.779072126411161 0.431377851424033 0.93652876810961 0.440790795826723 0.693755515078179 0.735538717763701 0.790401083182557 0.146834628864171 0.480047946726281 0.420912297877203 0.49087015123042 0.367038769753416
"5" 1.07038605935797 0.35195925454572 0.299522239088077 0.620984472093597 0 0.806649644517557 0.496518870422674 0.477644173720192 0.849278748682591 0.499287492796061 0.388142022493026 0.461804244850397 0.544418314130215 0.636921281763329 0.418796300163258 0.995933429254582 0.763116878148013 0.428181687761645 0.9868182450482 0.881485177031493 0.969997712987509 0.45349136553213 0.923993254594456 0.330154164351369 0.285317439184386 0.78745425049021 0.993331484347077 0.553421978402389 0.429368926125452 0.903077963265466 0.0708891468053863 0.134321204756283 0.688354654936383 0.27107079300789 0.182750019563393 0.290535251821101 0.487371694294843 1.11010184096141 0.256347371116777 0.875751315665431 0.800419475486899 0.495060531556875 0.204073121348576 0.500848149598902 0.543136603422047 0.434815319117819 0.853733040606023 1.04888800664643 0.226136623693148 0.954731018801243 0.399719711018141 0.433300160055725 0.492993317344485 0.640591931854212 0.821562964837276 1.01688664312304 0.819132177123484 0.117708702917149 0.384070428067151 0.134241910079512 0.479393488690622 0.527273732073225 0.409613257644523 0.872008402865059 0.387164024601541 0.388842373114564 0.298084760203319 0.548773286207524 0.909494432138604 0.320872399908696 0.492740470806057 0.517532790085531 0.981215990897768 0.711142744228763 0.429856203641696 0.444957369006298 0.933481624456419 0.198301912810459 0.729156507677605 0.533168064659588 0.204866925019204 0.917742136871027 0.201872306697525 0.492450017839307
"6" 0.295032380823921 0.542510585481838 0.507201669117354 0.395721827039396 0.806649644517557 0 0.723411368015768 0.926965379078363 0.71039586783584 0.310108560690895 0.613351541405636 0.851570268672712 0.656589579585215 0.358036450487751 0.675204892144119 0.658393512178006 0.723471384395983 0.482389544865376 0.624474896682194 0.145564359580437 0.226245765609094 0.365406612583871 0.136895980914943 0.4820392106267 0.661620423329165 0.181974640811823 0.672269088562071 0.508047529195137 0.450478819404731 0.652686619783913 0.735959651696387 0.677452260052381 0.142668992733439 0.569013337541978 0.839951285005274 0.543880448789853 0.415674662775235 0.346678697500024 0.668160994468781 0.216846552853982 0.517947323984981 0.508639888226141 0.614507512247534 0.771199618986887 0.773854327430021 0.431045658848647 0.49872844163272 0.698851462690149 0.830890679596683 0.218067130629015 0.598591793132834 0.46888660088911 0.403812822784642 0.768651471284286 0.285970602437162 0.212876581562402 0.682040927012714 0.689483007651236 0.486668082220866 0.766988297902476 0.329391122453866 0.740627144663567 0.527442455144689 0.169788460176796 0.696439275375282 0.422357516876074 0.538446273465953 0.715928200369723 0.156499598605587 0.645679710682309 0.329688218770527 0.76347466514358 0.408210308443437 0.146644933966889 0.955864453739184 0.805219781317931 0.318968992628375 0.829092606231176 0.562116428578325 0.52836955157971 0.606472140270598 0.140964213019953 0.61241243980253 0.325214409387067
"7" 1.01714707157627 0.259827627662704 0.439078553782448 0.80022012668201 0.496518870422674 0.723411368015768 0 0.222957016814289 0.375787702450015 0.541589647425354 0.724785275013839 0.146466360026758 0.0880766648203201 0.790901969289314 0.0887965101748089 0.561252772917087 0.278101562313643 0.664971256207367 0.564298465663183 0.85659649902287 0.946058530138205 0.427698533724808 0.860033281670369 0.494857735643349 0.660313973823069 0.595838992453642 0.552838439749149 0.222567829210386 0.635224548051072 0.455976919686772 0.462956010693978 0.483596406746451 0.683916045767904 0.330495895363153 0.354987890742168 0.340206720833168 0.675333162857938 1.06977558023462 0.636581282031427 0.897977212374347 0.405406822819535 0.755525174407784 0.500398270187787 0.903416150631169 0.0619780982755558 0.330950100924649 0.471654818835824 0.608770450980064 0.309644772481057 0.755359611070362 0.725742753835613 0.658642779106833 0.329576895237607 0.144267110510748 0.901839403928411 0.917888946802781 0.35155690111319 0.463899880454011 0.612835499816594 0.592372623748453 0.529042615873365 0.910806937432093 0.227912053180822 0.867330953583604 0.11104215350994 0.425384384996923 0.336641216753794 0.0551132867391046 0.739192964659016 0.196761103130104 0.441477338973011 0.0420828349140915 0.666322551182301 0.578513149151694 0.280494627253178 0.873056323225647 0.661294760994903 0.333100251892578 0.310026944634937 0.803366759564377 0.402491615619516 0.864142356764426 0.392852725067973 0.453151764422963
"8" 1.22199775835692 0.406776265570304 0.552760578882443 0.940368298966061 0.477644173720192 0.926965379078363 0.222957016814289 0 0.555434482003131 0.704465991217889 0.802840827302458 0.077621818316039 0.309900342914229 0.93852405826399 0.251784513881529 0.758601532207833 0.451996354025009 0.77698104810896 0.767039057345606 1.05276606778234 1.14419031081605 0.59662377291836 1.0637554937849 0.611264222861557 0.717361300025463 0.812393286985138 0.747465711980069 0.441577478438719 0.755453010345567 0.651325332760904 0.476036565031125 0.52457696460893 0.869272517216586 0.437592376771727 0.296315730016958 0.45736494827458 0.804983491484302 1.27319989085237 0.689388743018294 1.08511251427903 0.622126697510648 0.865333649761084 0.567713936985892 0.95753134813473 0.203970137899575 0.507066801216846 0.688877627562278 0.801461311757397 0.251515225103331 0.9753290176263 0.808268905141858 0.774168481863071 0.523666178528509 0.294397039743004 1.07488529788232 1.12844350993864 0.539001651679872 0.499117079502608 0.722842393176697 0.603311555526782 0.688410891450684 0.975139411652474 0.403180452159365 1.05956497115604 0.232839963501403 0.57361697970436 0.45742834233132 0.260164435938671 0.956108100471809 0.305463832418727 0.619810275115259 0.19594704156772 0.888242708026741 0.785682192691173 0.0788113010291226 0.911685451217318 0.884207636237022 0.27939254386775 0.525132469044399 0.912164320790782 0.478706832759541 1.06607972684284 0.467348916238351 0.629549893460357
"9" 0.963116519178651 0.527411893043373 0.694293124600721 0.954631032335478 0.849278748682591 0.71039586783584 0.375787702450015 0.555434482003131 0 0.690975384929335 0.981490106903941 0.495410383588887 0.307357757006492 0.931506526436367 0.435059729009625 0.211863132003218 0.103438974126471 0.883729301218593 0.230206945785689 0.855613426556493 0.927584396425135 0.594130716685595 0.8270619233261 0.734855155676816 0.946020665724992 0.531922667711474 0.197507864521105 0.329996350697432 0.845746872991695 0.110111654445521 0.802251122373988 0.802354151656082 0.745639138001428 0.620123620406585 0.7275221475105 0.616180044686102 0.864791006459917 1.0180112627992 0.928674693604734 0.924272365268228 0.194722723462094 0.966657881151245 0.794982903227774 1.17343093044861 0.359528087557303 0.517316145684559 0.235810497010014 0.248341023072842 0.683795070554585 0.62873357707816 0.976977335794925 0.873021264307096 0.470415399535064 0.261061432477132 0.96972530187327 0.843842181448126 0.0343260903415413 0.78916813185425 0.841719818487878 0.921729674330678 0.688860906783898 1.16883112262302 0.467801666393357 0.879645735190639 0.470655063732178 0.632915224422291 0.60943833475055 0.32117330772032 0.644624766975924 0.528540663872888 0.581217513021533 0.377241916781393 0.443059924703703 0.577600791785 0.629720495563555 1.16087688985325 0.487871757481501 0.705768668048314 0.164243121378662 1.01103176592598 0.70504204958949 0.83866059571006 0.698720314089728 0.594112260858132
"10" 0.573903019997122 0.297822867062376 0.202298961633408 0.26889454325091 0.499287492796061 0.310108560690895 0.541589647425354 0.704465991217889 0.690975384929335 0 0.344811922279244 0.637353549552048 0.505490300635255 0.252921005986661 0.46768213166047 0.73269664654018 0.658571359991031 0.218093892740266 0.707766483123753 0.386169965995798 0.477147122881833 0.114143086010811 0.424858815371727 0.171958151110954 0.366988290557487 0.341212489310268 0.739648682742402 0.382386107642052 0.178444039329228 0.680643044957094 0.429166265781143 0.368204255549039 0.190677170821629 0.287271093345338 0.554734531383497 0.262544560494599 0.178416179976651 0.6165224158267 0.368350541733575 0.394835259447616 0.53820791085445 0.285572396568708 0.304413920950422 0.529755592536238 0.601966619069503 0.211244448892213 0.557900679675473 0.784165841958126 0.554974272742135 0.486307777214371 0.333664629869716 0.204680924801008 0.231605895170221 0.637302874048146 0.370927610308512 0.517983481576308 0.657000383952356 0.381622546286143 0.198857629436769 0.457773070228938 0.0200253834784518 0.51180073732197 0.314073179192562 0.38133451265469 0.475308840913059 0.134732324619233 0.25938922732784 0.556748478211314 0.432283784348748 0.400048083258276 0.111515998201011 0.583533976426816 0.58668891559419 0.246525269594441 0.714168675207278 0.54395800928791 0.513313185976463 0.547576473832331 0.527040709456898 0.325826945444669 0.305057405739678 0.41916323614124 0.312603966155133 0.0983331926791913
"11" 0.807065363674043 0.473994995300606 0.292482436384681 0.282027275203923 0.388142022493026 0.613351541405636 0.724785275013839 0.802840827302458 0.981490106903941 0.344811922279244 0 0.759724377166087 0.727731836308512 0.312018282047489 0.636235128068054 1.05895247976971 0.925526339033798 0.132049011797679 1.03744833626007 0.627693588997135 0.700623078104668 0.400182195060118 0.689990375923682 0.246724964233262 0.104297827591933 0.683856587674562 1.06351283248157 0.651870427448971 0.168576984015043 0.993354678112967 0.348287965782787 0.284563053898107 0.471001278530223 0.394299856613847 0.543081783536855 0.386405356730674 0.198071418687537 0.833933994454065 0.132258340729117 0.590501081320879 0.857584743550777 0.132059741780909 0.235216527182478 0.192866488439332 0.785255703847438 0.464502093767861 0.887629027627733 1.11196584823305 0.571731973689557 0.816210304057249 0.0167418673429701 0.145911710039954 0.515746674366508 0.855876803411022 0.507490972815324 0.792309220727081 0.94729686230339 0.311080043479674 0.148669649562857 0.267132477637568 0.334404204916909 0.188778599881594 0.525711600466168 0.605833975305349 0.62281486882914 0.350136025120339 0.391030237877314 0.76148293692225 0.757799185691355 0.531511674918733 0.426400044747228 0.760878292021124 0.931500478038137 0.587377307279923 0.777442352687025 0.199189527423474 0.857270654754424 0.54967532077141 0.824868161328834 0.155060002733293 0.328679458515443 0.677489560785346 0.33961353462705 0.416185528472178
"12" 1.146554822402 0.339882584128294 0.496645095386483 0.880171254803359 0.461804244850397 0.851570268672712 0.146466360026758 0.077621818316039 0.495410383588887 0.637353549552048 0.759724377166087 0 0.234169846249164 0.87631723468051 0.176802167460892 0.693553183304118 0.39250263146441 0.723682571153514 0.699999135658892 0.978981379851637 1.07007227368146 0.527445800753989 0.988439352161874 0.555199226831833 0.679952365627472 0.734963061231808 0.683377722652157 0.363956892048507 0.699696897445598 0.586608847537723 0.448911452252958 0.489369594785625 0.797564884115482 0.380934903750705 0.289050466697807 0.398594536982205 0.746973685848079 1.19806576774499 0.65300454017512 1.01337549873686 0.549232648520451 0.813246654518759 0.52510949402517 0.92296094737703 0.136607036566339 0.43567240256677 0.615834340390532 0.73824971188246 0.240988191548383 0.897708635898618 0.763839421643129 0.719858938737864 0.449077274406743 0.236286280531885 1.00651111351573 1.05192232519488 0.47627419667574 0.465203020724188 0.6696777279013 0.579492015621627 0.622043174654463 0.937426371827532 0.330748107737879 0.986642903277399 0.162204711427839 0.508996702909149 0.397744047235481 0.187651320335562 0.878672564432949 0.243238355303477 0.548749312324641 0.123673761947301 0.812700576045886 0.709511091719993 0.137108640402461 0.881833471758382 0.807207778917112 0.269009721914798 0.452730322888925 0.860633074071463 0.431644954505997 0.991115913937896 0.420508689767001 0.558954375602756
"13" 0.947774134722152 0.253756063365177 0.435761951349458 0.77138877947179 0.544418314130215 0.656589579585215 0.0880766648203201 0.309900342914229 0.307357757006492 0.505490300635255 0.727731836308512 0.234169846249164 0 0.758191815418731 0.127702040549102 0.480569893723134 0.218874101574465 0.653463755331984 0.481346096851272 0.794005772658208 0.881599384349017 0.39200655195893 0.792173373294171 0.487145668815511 0.674078135744197 0.518889627232211 0.473410303231303 0.148641303683151 0.620382582010122 0.377307266227571 0.501717160558509 0.51080466785089 0.630294970880387 0.339201326056821 0.42152592469084 0.342558178384708 0.654538499987778 1.00119916440762 0.652833552420937 0.840958937475919 0.317951944424717 0.742968677568307 0.515825649964938 0.913172121099567 0.119910645077469 0.295862535642356 0.383977695838542 0.529710422203961 0.379249423245522 0.674212916318355 0.726659371292779 0.645545214806062 0.27954100596485 0.132929561799288 0.853350448636162 0.84469448262646 0.279506223903967 0.494412342145829 0.603836874073001 0.626377606063117 0.495528698824983 0.91613543413773 0.205259342323467 0.807274733717249 0.163596661879661 0.403258946874998 0.337331583195842 0.0595544370731398 0.661235149364287 0.226052234630387 0.398567141585525 0.116635412205118 0.578555565846966 0.510227492969154 0.368548296668153 0.889646304653179 0.575501211086847 0.399938782272435 0.223493942084724 0.790363197609664 0.419862985795754 0.797529658693211 0.411719052987232 0.411156509121085
"14" 0.499195216519183 0.538199904685951 0.392026178277155 0.0383561518753023 0.636921281763329 0.358036450487751 0.790901969289314 0.93852405826399 0.931506526436367 0.252921005986661 0.312018282047489 0.87631723468051 0.758191815418731 0 0.713107829975526 0.945349143957932 0.907039601350885 0.212019858887915 0.916263207952271 0.329233622694781 0.393032039467098 0.366230044024055 0.398231288137501 0.336374126221847 0.396550193615326 0.490019244800363 0.955096219866498 0.633842834263078 0.207872997626125 0.908227871985067 0.576287489197131 0.505657693091093 0.227555776360042 0.503160738631026 0.744292497185917 0.481820269766019 0.149804349900368 0.523118235070001 0.415577614650123 0.280884860949777 0.763919883471613 0.18221096727708 0.436002299972786 0.429507658438865 0.851998588492363 0.462946114410557 0.77096668417267 0.993552757405189 0.756424198912392 0.575926168756372 0.295290129096787 0.204762151947674 0.483759701712377 0.890184963343748 0.195970800770487 0.499950674829492 0.898176612981673 0.528124508999586 0.252869873796269 0.546078637712118 0.262886947942448 0.393375806093588 0.563055244750202 0.302583695711846 0.716322904808041 0.368243008098463 0.481301875143226 0.808651915709047 0.514362762163882 0.633759863875058 0.362832273762056 0.832540154909872 0.744402304175404 0.398631322999866 0.937904747407847 0.476733158429615 0.658524310329644 0.742633918604534 0.767456167248626 0.183451353969151 0.486411404538848 0.383118215006603 0.496926633316995 0.349749976177929
"15" 0.97023518103851 0.176296240256147 0.352091833579208 0.720399268005043 0.418796300163258 0.675204892144119 0.0887965101748089 0.251784513881529 0.435059729009625 0.46768213166047 0.636235128068054 0.176802167460892 0.127702040549102 0.713107829975526 0 0.603127990979656 0.344871847864294 0.579094432709599 0.601198931299012 0.802201973388911 0.893270235397804 0.355388549794447 0.812019833931577 0.408645878177687 0.571639480035498 0.564762110467543 0.597112350667026 0.203814313574368 0.550452534168008 0.501996284552202 0.380018408927584 0.396670851810203 0.621847573920084 0.242046616037253 0.295250443420744 0.252674863450076 0.592524010325168 1.02153786085692 0.54807799896233 0.837497757063672 0.427599140402301 0.669692297719092 0.411723067388038 0.81463953377612 0.149135360394052 0.26113157146159 0.490996326529493 0.65350083513609 0.25475269543928 0.731125341647132 0.637381872571388 0.573241442677439 0.272289205804182 0.228667407191794 0.833879011028919 0.877156391994932 0.406995373275192 0.377823955590578 0.526462378646453 0.507805764208792 0.453683946711538 0.822055390315086 0.155632944665182 0.810106682297745 0.0375422939460821 0.345256821922297 0.249494008040987 0.133187330218127 0.708239077160676 0.108637135564536 0.374088147431851 0.1253723661666 0.66907390229073 0.534114988827487 0.288339899515404 0.784730172101282 0.652167088391706 0.273909824786017 0.339140420059099 0.717550198390534 0.313835439236889 0.814493491994195 0.304297624804723 0.384800048395844
"16" 0.8653209685441 0.650562423186295 0.791060273481417 0.974654660918501 0.995933429254582 0.658393512178006 0.561252772917087 0.758601532207833 0.211863132003218 0.73269664654018 1.05895247976971 0.693553183304118 0.480569893723134 0.945349143957932 0.603127990979656 0 0.311273260546377 0.944983951398798 0.0363982333614853 0.795531929247082 0.852008846630632 0.658772262793719 0.75113249146202 0.819743648726502 1.04286569777224 0.478594262676997 0.0192694689180341 0.443894947816864 0.905168157119694 0.107291354937365 0.940357370432902 0.926918630061791 0.732366425253791 0.741853931086477 0.897830367036664 0.731594559502227 0.911009842519266 0.918344148154189 1.03030821217399 0.874213245468858 0.203362030063876 1.01822633939718 0.905408092826913 1.25120842764445 0.557084295939044 0.605777728444108 0.175354234668839 0.0538824808158385 0.857839464400769 0.518319928447682 1.05140305280478 0.932566127577489 0.548279732776076 0.465890962410877 0.939892457740987 0.742956597922165 0.22090484075652 0.91852270633288 0.911679535474482 1.04817875009371 0.736403424844381 1.23913180375028 0.590162024597286 0.825132412086596 0.640544399307261 0.712440157398386 0.724064843552333 0.509787464383134 0.552114638757455 0.679917372392538 0.634472137759322 0.571189489928933 0.296927245747196 0.553614693358817 0.830083978515257 1.2507195968359 0.369550679139734 0.876729266978407 0.267558679184007 1.05805459348178 0.826132416381772 0.766020468703755 0.822115449471372 0.645736078618424
"17" 0.992714168162892 0.4584164237332 0.634044648994355 0.926741533541795 0.763116878148013 0.723471384395983 0.278101562313643 0.451996354025009 0.103438974126471 0.658571359991031 0.925526339033798 0.39250263146441 0.218874101574465 0.907039601350885 0.344871847864294 0.311273260546377 0 0.837036345288801 0.32536147874689 0.868759989404195 0.946856732734213 0.553527827036487 0.848532082024148 0.679576841084212 0.881379738363361 0.553177660382858 0.298325368447636 0.279247349476365 0.800656074718911 0.205114619390596 0.72030870831798 0.726623833773106 0.738815410661128 0.549112232345938 0.632544606878438 0.548489554254872 0.825785216840534 1.04772844922114 0.862009963091432 0.931136772189453 0.236719906179079 0.923286075086795 0.726044540668769 1.11525415787601 0.257192943621984 0.467527913355796 0.294468466892466 0.350751128171473 0.587663387520672 0.672045255782675 0.922513582093149 0.827353011702836 0.429051889944321 0.157625773343433 0.965880838096135 0.877061070353065 0.0910318147208456 0.711386343293814 0.791556946931633 0.843776993061397 0.653593669962971 1.11415650886142 0.401685959101164 0.889570308396758 0.378759611478704 0.583182935013705 0.542336791902767 0.223000882820951 0.67909698312107 0.444678725833654 0.547075139991544 0.275962186143136 0.509557313737729 0.582461901208357 0.526384819521919 1.09728167915629 0.540560757595793 0.610682797129691 0.162593991386009 0.969194447006293 0.632514870218252 0.858277639279482 0.625188700836524 0.560250590856528
"18" 0.689329840543669 0.405535705101103 0.228113302492597 0.192972082121278 0.428181687761645 0.482389544865376 0.664971256207367 0.77698104810896 0.883729301218593 0.218093892740266 0.132049011797679 0.723682571153514 0.653463755331984 0.212019858887915 0.579094432709599 0.944983951398798 0.837036345288801 0 0.92159621357689 0.505557190788867 0.583435737444555 0.290793265346247 0.564644326031334 0.170508909825911 0.190472940339018 0.553545280789296 0.950797777493797 0.558454147255235 0.0399758559499243 0.885851306914846 0.371204972781949 0.30042922124265 0.340533322136623 0.343168709216703 0.550876754001095 0.327837307597283 0.0712447285685175 0.720106539785579 0.206061015506797 0.476838755591364 0.746403927681438 0.0905982303351882 0.233031939556865 0.311671972070905 0.726845871571096 0.369530155288858 0.771436381169251 0.997267411255597 0.569611090566976 0.684161325299392 0.118596547269628 0.0139229282067107 0.413335989787839 0.785403649608129 0.404915510444926 0.666374670695305 0.849404623135559 0.324648215978857 0.0541401822258734 0.334156162122957 0.210421454318405 0.294757191037149 0.448213032693319 0.486484381367543 0.572937051465783 0.253977984907107 0.330177597102928 0.694501272010501 0.625801847788507 0.483134290317807 0.310803017570212 0.704150191954313 0.803362149146523 0.456703481460172 0.764382030832193 0.329670165731219 0.727484525608599 0.552299390045489 0.722890460991836 0.138456552085978 0.301874992832615 0.553145727089484 0.313177166934763 0.299293139166771
"19" 0.829049045279249 0.638820005034014 0.773695923672815 0.946143138357685 0.9868182450482 0.624474896682194 0.564298465663183 0.767039057345606 0.230206945785689 0.707766483123753 1.03744833626007 0.699999135658892 0.481346096851272 0.916263207952271 0.601198931299012 0.0363982333614853 0.32536147874689 0.92159621357689 0 0.760764575904853 0.816403671456273 0.637478552471348 0.715637157910427 0.800341106793046 1.02437763458596 0.445465704663586 0.0545831281398538 0.433481429434703 0.881689943809205 0.120781860581677 0.929678250772799 0.913671332085378 0.701338506519159 0.729109237043952 0.894652895743832 0.71778704950842 0.885784988644848 0.882026009057068 1.01264162502939 0.839902555607246 0.187951495345198 0.993311376769917 0.889722390219694 1.2292485751292 0.564105161145756 0.588585698837717 0.150160378576528 0.0773000006971014 0.855816148702063 0.482028833511527 1.02948386992793 0.908995076374122 0.530123797948975 0.476671924202085 0.906858537898607 0.706683362159584 0.234330594408737 0.906216710151853 0.889631515099273 1.03482148578408 0.712202418799765 1.21613949635441 0.578905810951024 0.790636495750814 0.638731003680316 0.692908047588019 0.710173467824105 0.514279241218039 0.516279541467752 0.673514024130265 0.611793538477936 0.576813943861436 0.260634285769129 0.522558113353835 0.836969692814872 1.2305594665496 0.333301237581377 0.873807855741137 0.262562161362016 1.0324484719693 0.81274197350049 0.730652467783517 0.809170683962181 0.622737064776444
"20" 0.188983916827278 0.656303157048899 0.588155833406821 0.366748570960571 0.881485177031493 0.145564359580437 0.85659649902287 1.05276606778234 0.855613426556493 0.386169965995798 0.627693588997135 0.978981379851637 0.794005772658208 0.329233622694781 0.802201973388911 0.795531929247082 0.868759989404195 0.505557190788867 0.760764575904853 0 0.0924848928245912 0.468733343338576 0.0735442033776388 0.551343318493698 0.695118303683953 0.325105960872076 0.810248337697347 0.64625321351411 0.482158061272521 0.795541281192859 0.812448752054013 0.748038253186868 0.195768291817606 0.667937859778013 0.938631964802949 0.642669767214711 0.434377462672038 0.230432286672183 0.707394173488499 0.0853516320151734 0.662628696234403 0.505813440017815 0.680383662952104 0.758734145332242 0.909396713105205 0.547957256247146 0.640762781381042 0.833391828160725 0.93521440468536 0.310897464630637 0.611490764645964 0.493628893939817 0.530150175642741 0.909760482254198 0.183713053306694 0.171540125503041 0.827467178582232 0.764016531753565 0.524876178252359 0.821984608911302 0.406136280817584 0.722050255738565 0.649829441464561 0.0354083543486651 0.820270689415408 0.515268097124868 0.638327393967398 0.852891945079243 0.256766815755348 0.761228447387084 0.438244338151202 0.897478730566727 0.52887798930419 0.288563562770791 1.0758784552316 0.804548422297545 0.440571179464712 0.93012682735747 0.707605654518721 0.512550253600659 0.691178519461026 0.0558996510472781 0.698772765141195 0.430707313967794
"21" 0.106454722501109 0.74869257912619 0.678626541836901 0.428509691914931 0.969997712987509 0.226245765609094 0.946058530138205 1.14419031081605 0.927584396425135 0.477147122881833 0.700623078104668 1.07007227368146 0.881599384349017 0.393032039467098 0.893270235397804 0.852008846630632 0.946856732734213 0.583435737444555 0.816403671456273 0.0924848928245912 0 0.561208722101466 0.101421208496665 0.640164660489366 0.773870847784752 0.395918321515064 0.867758137031312 0.733314788620921 0.563015575557042 0.861032764429245 0.901460534713873 0.836127904306953 0.287409717860371 0.760086757601029 1.03053251280558 0.734836631578042 0.512301900382685 0.14010426182899 0.787817529998153 0.113157370333093 0.73319935508678 0.574288643373559 0.767809026101051 0.818634630442017 0.99796154642012 0.640084159667889 0.705633165462531 0.886325013396508 1.02751340492517 0.344782588615666 0.684114902994426 0.572216245588922 0.621024480764216 0.994860339332621 0.215628565079742 0.146909319802839 0.900779730551364 0.852812674256108 0.606916200971473 0.906138056647004 0.497039883472006 0.779493828722261 0.741508846084189 0.0984128373957214 0.911889411329159 0.607237061041841 0.730562649129197 0.940752725485554 0.300820146055745 0.853583177722698 0.530670948244578 0.986667086675213 0.572060344366162 0.372694066970454 1.16803914648838 0.869300389016178 0.487033434213824 1.0222220132968 0.784683312725336 0.575283102685018 0.781838883159317 0.088947281858746 0.789634933523703 0.523184565988386
"22" 0.650586284425712 0.190921994854571 0.162094430436793 0.379915406724618 0.45349136553213 0.365406612583871 0.427698533724808 0.59662377291836 0.594130716685595 0.114143086010811 0.400182195060118 0.527445800753989 0.39200655195893 0.366230044024055 0.355388549794447 0.658772262793719 0.553527827036487 0.290793265346247 0.637478552471348 0.468733343338576 0.561208722101466 0 0.494762255665562 0.168198123392257 0.392859094160992 0.336742939422755 0.663460512386994 0.274701950975837 0.252095558310979 0.595603201126162 0.38289596516257 0.334511901344495 0.276627901238052 0.20360677861758 0.474756799862842 0.178492029072933 0.27234846572714 0.697376205428659 0.385570066390811 0.491057374415145 0.457793585132077 0.372534722041152 0.284444075449301 0.592533267459311 0.487907503031407 0.0971013639331192 0.487920850666489 0.711796466962195 0.467690745691646 0.501563704337439 0.392772030829575 0.27952865040696 0.12470862003119 0.524242640803765 0.479100269748412 0.578266056969537 0.559841891794602 0.340459173330099 0.253343939569208 0.443263265839362 0.103570638436417 0.581955255740508 0.200680301519392 0.470173028206496 0.365266672370874 0.0673314454061275 0.173051594498732 0.442706249310546 0.456140554134305 0.295628884319407 0.0393131954407006 0.469691518337657 0.555865247513909 0.257693562862289 0.611529027315657 0.593569634478192 0.494594988495443 0.464450210568419 0.432356873980554 0.417226695153798 0.248794363725957 0.492635049406062 0.252904687034397 0.0403237393538225
"23" 0.158364172429633 0.676526547747644 0.626652475401888 0.436187548495816 0.923993254594456 0.136895980914943 0.860033281670369 1.0637554937849 0.8270619233261 0.424858815371727 0.689990375923682 0.988439352161874 0.792173373294171 0.398231288137501 0.812019833931577 0.75113249146202 0.848532082024148 0.564644326031334 0.715637157910427 0.0735442033776388 0.101421208496665 0.494762255665562 0 0.59475306076753 0.752362524457666 0.296085962888014 0.766745939593611 0.643535282667163 0.53850781932616 0.759655202388862 0.854004043518512 0.791977972624586 0.236507093815537 0.697553837096365 0.969081557336332 0.672265025060129 0.494001054669974 0.209816203376742 0.76288614929015 0.154608152243217 0.632513283225979 0.571427823361304 0.726004278250254 0.827347311460687 0.909952713286076 0.565663037688311 0.60425597412042 0.786107300782928 0.962248121283354 0.249469364930321 0.674068347766543 0.552157823596295 0.540381429016678 0.90184122163065 0.256667203909786 0.102536147933062 0.800627475259212 0.806287903376864 0.579560737376962 0.87244633566905 0.444829317489066 0.791599644444496 0.663560996402348 0.107934211842272 0.832942362011985 0.547366977143693 0.667281151986278 0.851618913243879 0.201355639419096 0.78040475705438 0.460920851841003 0.899938090088038 0.474136818385081 0.282024753119862 1.09189827889685 0.871008368207244 0.387847747734571 0.959169358969354 0.686081242810806 0.580806446312862 0.728401976634455 0.018755972592992 0.735209205647981 0.455160171028346
"24" 0.740232164003267 0.236117208014846 0.0586003232532816 0.332436787356129 0.330154164351369 0.4820392106267 0.494857735643349 0.611264222861557 0.734855155676816 0.171958151110954 0.246724964233262 0.555199226831833 0.487145668815511 0.336374126221847 0.408645878177687 0.819743648726502 0.679576841084212 0.170508909825911 0.800341106793046 0.551343318493698 0.640164660489366 0.168198123392257 0.59475306076753 0 0.225226555571302 0.494071887015726 0.823132405427746 0.405148131554506 0.144515123585275 0.749579593879525 0.26129675169137 0.197245441997383 0.35857329700919 0.174313192705394 0.409931241220289 0.15759839573751 0.194486636366041 0.780252321164727 0.217389999524263 0.548441541760274 0.616887153439821 0.261088048841042 0.132469507490563 0.438669022498694 0.556656736181379 0.218451180568063 0.651916079414901 0.873265659596952 0.420157463702304 0.650311171489761 0.242996813283862 0.165289046858693 0.27220141879291 0.617979122640632 0.503530666021859 0.68939278505594 0.700689039746096 0.212698637438122 0.117986673684027 0.287808976510158 0.152689772738084 0.434839586926737 0.282503136599377 0.542409753855088 0.402641698940857 0.107437606615682 0.159716326339367 0.525815958042152 0.599075177248975 0.313345108418323 0.202730716110707 0.533789438179524 0.722883581180035 0.405647154088258 0.6043263728485 0.431363897201392 0.658584869156499 0.407082191402805 0.579221792103631 0.308939431775244 0.151183961828329 0.58801024972772 0.161265652543056 0.196278056073068
"25" 0.879682445298097 0.423135480215953 0.25329926526165 0.371076097371698 0.285317439184386 0.661620423329165 0.660313973823069 0.717361300025463 0.946020665724992 0.366988290557487 0.104297827591933 0.679952365627472 0.674078135744197 0.396550193615326 0.571639480035498 1.04286569777224 0.881379738363361 0.190472940339018 1.02437763458596 0.695118303683953 0.773870847784752 0.392859094160992 0.752362524457666 0.225226555571302 0 0.706742829852858 1.04557636017795 0.617025536584034 0.213881665623267 0.969056344087541 0.250709307651299 0.192949629910775 0.522703602643345 0.334896434963788 0.446783195333985 0.333034456832601 0.261570932890292 0.910533869790151 0.0293504885932708 0.667147996816868 0.839602263765609 0.226721843154831 0.15991762591892 0.244109086281587 0.718872399840391 0.43770713158038 0.876539728363289 1.09655772085263 0.478661123491891 0.852299950468379 0.117800298127953 0.201736159677354 0.494592469964022 0.797290024599361 0.592070214562275 0.853343000889606 0.91232387208849 0.218864642716494 0.174959203948965 0.162949744467062 0.352068186049409 0.257874837762665 0.480070844280363 0.676752767736072 0.553637492268557 0.33224136143826 0.339063168053524 0.701589821028419 0.796667177146139 0.463806651619572 0.425602509542592 0.693706777583886 0.944248552924519 0.61330946871205 0.686479940504623 0.215947819050871 0.876175820138605 0.455119553637541 0.795928420915269 0.256868925600887 0.257822743954267 0.741566164560366 0.267587188088798 0.417748229639197
"26" 0.440586447771429 0.469589760815608 0.498427181723032 0.524049997902074 0.78745425049021 0.181974640811823 0.595838992453642 0.812393286985138 0.531922667711474 0.341212489310268 0.683856587674562 0.734963061231808 0.518889627232211 0.490019244800363 0.564762110467543 0.478594262676997 0.553177660382858 0.553545280789296 0.445465704663586 0.325105960872076 0.395918321515064 0.336742939422755 0.296085962888014 0.494071887015726 0.706742829852858 0 0.491846374527133 0.373310513810432 0.515433235157142 0.470839884758094 0.717509674189701 0.671247343312711 0.264483119825768 0.523493402593129 0.780457892978491 0.500713211302449 0.499041572601451 0.495466449031677 0.705727292525172 0.398802290690099 0.33800921996596 0.604472742709272 0.619453580753173 0.86242919531303 0.638770844797791 0.362377150679751 0.316757633179565 0.521024570927192 0.761602865742344 0.171742393580951 0.67164369492284 0.539671344002865 0.314722990107954 0.616913594004282 0.461394646098827 0.329106116763745 0.504866515624437 0.676575378779396 0.539906914204707 0.778390110936666 0.354888887986487 0.839118653831788 0.436175320270044 0.351475016356673 0.59259730502965 0.403837025501976 0.493724431909209 0.578089603311882 0.143715273359971 0.562323251128672 0.297699348896047 0.632747722880376 0.255788115938329 0.0972064187469467 0.852939213525887 0.882830548870002 0.174437461547175 0.765815691658119 0.390589924847073 0.635026930150783 0.58283277154119 0.306972719802817 0.585601239014616 0.300786563183563
