"V1" "V2" "V3" "V4" "V5" "V6" "V7" "V8" "V9" "V10" "V11" "V12" "V13" "V14" "V15" "V16" "V17" "V18" "V19" "V20" "V21"
"1" 0 0.127775312999988 0.206031501455085 0.930218319777126 0.460700442759917 0.484873221385061 0.971428571428571 0.727309832077592 0.951046684405328 0.582745087267747 0.808122035641769 1.07816927223504 0.930218319777126 0.87411763090162 0.999591753402051 1.17247340163904 0.921400885519834 1.21487380716967 1.33401343199186 1.01257400838111 1.18906583123913
"2" 0.127775312999988 0 0.114285714285714 0.808122035641769 0.333197251134017 0.365892813567591 0.84370417487048 0.607436903584837 0.82412600582034 0.514285714285714 0.688091118788131 0.951046684405328 0.81215259448868 0.802038219863897 0.894427190999916 1.05366222369062 0.857142857142857 1.09767844070277 1.21218305346265 0.930218319777126 1.07816927223504
"3" 0.206031501455085 0.114285714285714 0 0.8 0.291372543633873 0.285714285714286 0.795907901553378 0.526831111845308 0.766651877999928 0.4 0.607436903584837 0.894427190999916 0.727309832077592 0.688091118788131 0.793853942254275 0.969746442770122 0.742857142857143 1.01096034359738 1.1342533280731 0.818161203615792 0.983122887662014
"4" 0.930218319777126 0.808122035641769 0.8 0 0.517450579322138 0.596588943366317 0.291372543633873 0.526831111845308 0.3614031611621 0.894427190999916 0.526831111845308 0.4 0.588321722342114 1.01096034359738 0.793853942254275 0.695172860605511 1.09171275283102 0.751596939312338 0.745051703451731 1.01739964655799 0.832012558774916
"5" 0.460700442759917 0.333197251134017 0.291372543633873 0.517450579322138 0 0.127775312999988 0.511101251999952 0.307723703264829 0.491561443831007 0.44629998148038 0.383325938999964 0.618094504365255 0.511101251999952 0.668839994898264 0.63887656499994 0.745051703451731 0.742857142857143 0.793853942254275 0.89259996296076 0.751596939312338 0.795907901553378
"6" 0.484873221385061 0.365892813567591 0.285714285714286 0.596588943366317 0.127775312999988 0 0.526831111845308 0.242436610692531 0.488228785446716 0.323248814256707 0.323248814256707 0.615447406529658 0.44629998148038 0.542104741743151 0.542104741743151 0.688091118788131 0.615447406529658 0.731785627135183 0.849489642703915 0.631163486696415 0.715997947779524
"7" 0.971428571428571 0.84370417487048 0.795907901553378 0.291372543633873 0.511101251999952 0.526831111845308 0 0.347586430302755 0.0808122035641768 0.751596939312338 0.307723703264829 0.127775312999988 0.323248814256707 0.793853942254275 0.526831111845308 0.404061017820884 0.872247858427071 0.460700442759917 0.471212071499161 0.768778516975641 0.542104741743151
"8" 0.727309832077592 0.607436903584837 0.526831111845308 0.526831111845308 0.307723703264829 0.242436610692531 0.347586430302755 0 0.285714285714286 0.404061017820884 0.0808122035641769 0.404061017820884 0.206031501455085 0.484873221385061 0.342857142857143 0.44629998148038 0.565685424949238 0.491561443831007 0.607436903584837 0.511101251999952 0.488228785446716
"9" 0.951046684405328 0.82412600582034 0.766651877999928 0.3614031611621 0.491561443831007 0.488228785446716 0.0808122035641768 0.285714285714286 0 0.688091118788131 0.235606035749581 0.127775312999988 0.242436610692531 0.715997947779524 0.44629998148038 0.342857142857143 0.793853942254275 0.4 0.435187034620795 0.688091118788131 0.471212071499161
"10" 0.582745087267747 0.514285714285714 0.4 0.894427190999916 0.44629998148038 0.323248814256707 0.751596939312338 0.404061017820884 0.688091118788131 0 0.457142857142857 0.8 0.526831111845308 0.291372543633873 0.491561443831007 0.742857142857143 0.342857142857143 0.766651877999928 0.923171109794486 0.435187034620795 0.697517463756212
"11" 0.808122035641769 0.688091118788131 0.607436903584837 0.526831111845308 0.383325938999964 0.323248814256707 0.307723703264829 0.0808122035641769 0.235606035749581 0.457142857142857 0 0.342857142857143 0.127775312999988 0.491561443831007 0.291372543633873 0.365892813567591 0.571428571428571 0.41206300291017 0.526831111845308 0.491561443831007 0.416006279387458
"12" 1.07816927223504 0.951046684405328 0.894427190999916 0.4 0.618094504365255 0.615447406529658 0.127775312999988 0.404061017820884 0.127775312999988 0.8 0.342857142857143 0 0.307723703264829 0.795907901553378 0.491561443831007 0.307723703264829 0.87037406924159 0.3614031611621 0.347586430302755 0.745051703451731 0.460700442759917
"13" 0.930218319777126 0.81215259448868 0.727309832077592 0.588321722342114 0.511101251999952 0.44629998148038 0.323248814256707 0.206031501455085 0.242436610692531 0.526831111845308 0.127775312999988 0.307723703264829 0 0.488228785446716 0.206031501455085 0.242436610692531 0.562791874388349 0.285714285714286 0.41206300291017 0.44629998148038 0.291372543633873
"14" 0.87411763090162 0.802038219863897 0.688091118788131 1.01096034359738 0.668839994898264 0.542104741743151 0.793853942254275 0.484873221385061 0.715997947779524 0.291372543633873 0.491561443831007 0.795907901553378 0.488228785446716 0 0.342857142857143 0.628571428571429 0.0808122035641769 0.631163486696415 0.802038219863897 0.161624407128354 0.526831111845308
"15" 0.999591753402051 0.894427190999916 0.793853942254275 0.793853942254275 0.63887656499994 0.542104741743151 0.526831111845308 0.342857142857143 0.44629998148038 0.491561443831007 0.291372543633873 0.491561443831007 0.206031501455085 0.342857142857143 0 0.285714285714286 0.404061017820884 0.291372543633873 0.460700442759917 0.255550625999976 0.206031501455085
"16" 1.17247340163904 1.05366222369062 0.969746442770122 0.695172860605511 0.745051703451731 0.688091118788131 0.404061017820884 0.44629998148038 0.342857142857143 0.742857142857143 0.365892813567591 0.307723703264829 0.242436610692531 0.628571428571429 0.285714285714286 0 0.688091118788131 0.0571428571428572 0.18070158058105 0.526831111845308 0.161624407128354
"17" 0.921400885519834 0.857142857142857 0.742857142857143 1.09171275283102 0.742857142857143 0.615447406529658 0.872247858427071 0.565685424949238 0.793853942254275 0.342857142857143 0.571428571428571 0.87037406924159 0.562791874388349 0.0808122035641769 0.404061017820884 0.688091118788131 0 0.685714285714286 0.857142857142857 0.18070158058105 0.574278606921194
"18" 1.21487380716967 1.09767844070277 1.01096034359738 0.751596939312338 0.793853942254275 0.731785627135183 0.460700442759917 0.491561443831007 0.4 0.766651877999928 0.41206300291017 0.3614031611621 0.285714285714286 0.631163486696415 0.291372543633873 0.0571428571428572 0.685714285714286 0 0.171428571428571 0.517450579322138 0.127775312999988
"19" 1.33401343199186 1.21218305346265 1.1342533280731 0.745051703451731 0.89259996296076 0.849489642703915 0.471212071499161 0.607436903584837 0.435187034620795 0.923171109794486 0.526831111845308 0.347586430302755 0.41206300291017 0.802038219863897 0.460700442759917 0.18070158058105 0.857142857142857 0.171428571428571 0 0.688091118788131 0.291372543633873
"20" 1.01257400838111 0.930218319777126 0.818161203615792 1.01739964655799 0.751596939312338 0.631163486696415 0.768778516975641 0.511101251999952 0.688091118788131 0.435187034620795 0.491561443831007 0.745051703451731 0.44629998148038 0.161624407128354 0.255550625999976 0.526831111845308 0.18070158058105 0.517450579322138 0.688091118788131 0 0.4
"21" 1.18906583123913 1.07816927223504 0.983122887662014 0.832012558774916 0.795907901553378 0.715997947779524 0.542104741743151 0.488228785446716 0.471212071499161 0.697517463756212 0.416006279387458 0.460700442759917 0.291372543633873 0.526831111845308 0.206031501455085 0.161624407128354 0.574278606921194 0.127775312999988 0.291372543633873 0.4 0
