"V1" "V2" "V3" "V4" "V5" "V6" "V7" "V8" "V9" "V10" "V11" "V12" "V13" "V14" "V15" "V16" "V17" "V18" "V19" "V20" "V21" "V22" "V23" "V24" "V25" "V26" "V27" "V28" "V29" "V30" "V31" "V32" "V33" "V34" "V35" "V36" "V37" "V38" "V39" "V40" "V41" "V42" "V43" "V44" "V45" "V46" "V47" "V48" "V49" "V50" "V51" "V52" "V53" "V54" "V55" "V56" "V57" "V58" "V59" "V60" "V61" "V62" "V63" "V64" "V65" "V66" "V67" "V68" "V69" "V70" "V71" "V72" "V73" "V74" "V75" "V76" "V77" "V78" "V79" "V80" "V81" "V82" "V83" "V84"
"1" 0 0.277483476827282 0.197185706647367 0.334298925189242 0.0933258631568458 0.372216441368904 0.412302057876759 0.415076033396126 0.414691977835385 0.489155349518375 0.475998731608405 0.16523696986278 0.265197940456726 0.441896426371541 0.676668832183427 0.26105986470834 0.321742127972893 0.445664855086481 0.219999076732679 0.248911828999321 0.631132474952105 0.1614525938245 0.351019941587242 0.190267398513233 0.312696774205425 0.40540559749882 0.464222303544455 0.345782445306938 0.479006474699385 0.199747999727684 0.144496311164715 0.0867444495183099 0.447512884484041 0.296284403586683 0.531617353562861 0.181372626537837 0.161552701063071 0.204072233928435 0.388214212544257 0.34813832143865 0.251002873080566 0.322133842993357 0.457506295835838 0.418755838996912 0.415814498834695 0.449128961188348 0.303869346663256 0.368766508233714 0.21477133221005 0.132744709749623 0.411454666549008 0.0539774522416289 0.267186147197155 0.600469497695106 0.499444580395554 0.14438111200455 0.63891920280467 0.447117985087911 0.302899173445989 0.275046543298247 0.553822255621623 0.165722901041811 0.517719456367161 0.264453014002636 0.542285064320403 0.0952277591122498 0.302181680230785 0.628983598154589 0.19333933470153 0.238170416303063 0.334518655368618 0.452878393674593 0.50652252402994 0.164274046600653 0.358810342874688 0.330336090038612 0.581588638362303 0.26371445194298 0.531866127086523 0.200150851500706 0.0667177758826418 0.339186746989296 0.362396234425402 0.140032006252397
"2" 0.277483476827282 0 0.0892541144063644 0.0758181989890542 0.290480407064854 0.137686620186114 0.443166317942802 0.251538817222538 0.202806189477239 0.40787107610805 0.255934959474952 0.403488827965039 0.373943739793405 0.316905959549918 0.448477967929164 0.305188749681757 0.221027639310985 0.192190433627145 0.0617803911661438 0.18900536770086 0.596430918924979 0.255259368961921 0.429766242759567 0.188475884851705 0.142440063699965 0.315531344839717 0.257142597110396 0.590615570927714 0.292894992519634 0.339760229347753 0.140169985652649 0.217145912285169 0.434954899871683 0.501090377142862 0.255178073903503 0.277378864589111 0.428757374858039 0.234789879719816 0.124284251261521 0.472635825567698 0.132892576897918 0.104969660664782 0.185923261406554 0.368707989207469 0.138761344938094 0.505826757238068 0.0765180787407287 0.179003915242242 0.489505860360627 0.276392680931732 0.222077377864522 0.23923306838597 0.238060087861527 0.492666972013669 0.337762116117337 0.338648430071177 0.373599039991713 0.197044185864359 0.406113905448209 0.132626202674642 0.406160006793623 0.135130268877762 0.264099872760586 0.258148449058866 0.495251287398473 0.182500377870857 0.254237289954559 0.466607056632468 0.136402804200446 0.116049261153522 0.277948973827733 0.334678272564783 0.553109391242603 0.412802516248336 0.0829917702613544 0.207823786193872 0.352442040708504 0.0610257269162338 0.258309666828101 0.373635194670641 0.344018580239879 0.360077207408354 0.316754226743856 0.185099104723691
"3" 0.197185706647367 0.0892541144063644 0 0.137113967916422 0.201378153075859 0.179399627422694 0.383529873985587 0.254538589765774 0.231404697143858 0.382627294385872 0.291756772053115 0.314406117875216 0.294314158748593 0.305114107107773 0.492522181583527 0.233742886719517 0.189492984219818 0.25018751368723 0.0583237020794669 0.132929217180396 0.560860714374046 0.219006091443038 0.358214135381592 0.110514726102157 0.138120894809311 0.288559212740522 0.332050690900824 0.501368061400093 0.310181225092555 0.25432677508224 0.0837960430223414 0.154273066898587 0.387340542424217 0.413083920629485 0.342367456211953 0.193558741654721 0.341992874526116 0.157974925392067 0.212610005455479 0.393870551669261 0.154960562453889 0.13070137483004 0.260548511986483 0.330053603887299 0.221996948572797 0.441931009121145 0.146774203793932 0.191814415160069 0.404557380910762 0.187911983013407 0.289435422836776 0.153606204372805 0.244433085712185 0.48064116639688 0.344238208226587 0.284201542069454 0.4422169578289 0.283201561268942 0.328830419340242 0.10723138122072 0.408459090335688 0.046449058586372 0.322957278220457 0.195087041132393 0.461029666809687 0.103038501771439 0.204925362853365 0.477228536605408 0.121888740444063 0.0697543710614972 0.234628674490565 0.382911017805014 0.493032913831202 0.346094721964061 0.171781449898716 0.247769021302419 0.39588142512529 0.110080931926847 0.335070593064414 0.286199805286365 0.263726152480473 0.298760935441266 0.272981456917115 0.0965882155698682
"4" 0.334298925189242 0.0758181989890542 0.137113967916422 0 0.329606551575858 0.0642415188757708 0.421260408860543 0.189993274587044 0.131053208563317 0.357890833471045 0.180986372548549 0.44114354070451 0.379593508540045 0.261129646218843 0.372757298569388 0.302223821927485 0.186917728920997 0.117893370120436 0.133727171295932 0.181296283272974 0.550277390511591 0.32991321946568 0.422023747633489 0.203698021336175 0.101490575481871 0.270251348333779 0.287358584918825 0.623823332761079 0.222795373039245 0.357748109611974 0.207745885303101 0.284389556889708 0.401739617205685 0.523843071488463 0.218859778829067 0.294392205763103 0.475484531675379 0.243643787624433 0.132375484979171 0.474317795470786 0.206289509278922 0.0519573142064626 0.123944391672945 0.33010199903559 0.0953697623192103 0.48702428853535 0.134196144998291 0.117433469006693 0.539748825470648 0.305927515881641 0.264254241607298 0.289560905043489 0.311790261544944 0.432747480727756 0.271262219063356 0.410021349492761 0.305880052501244 0.20632074224832 0.407072952056568 0.1132651032463 0.340273272560719 0.174454472944755 0.190690724218671 0.248917612740898 0.449695734571772 0.239830077744245 0.231898841706481 0.396565067249571 0.211889080873094 0.121304566662519 0.24824829459849 0.389033406388178 0.529263252499057 0.479620857756658 0.0790575965263417 0.271559278739716 0.276635428615684 0.133810010638885 0.198607774637019 0.396337778748095 0.400827065729735 0.342801381579523 0.284902283826158 0.219302385338917
"5" 0.0933258631568458 0.290480407064854 0.201378153075859 0.329606551575858 0 0.352462035999732 0.321308294465078 0.365664323234788 0.381649242955991 0.413034525687387 0.441295310513621 0.113027970671479 0.171918128116632 0.379043478453348 0.637049467269832 0.17592356004685 0.265593680701467 0.428329572492239 0.244576473806981 0.197269151470951 0.543434402383285 0.248488473034025 0.257879837865723 0.142100871841084 0.280320140900959 0.336316448153569 0.513429883321116 0.300533713644064 0.431752452698484 0.106435770641011 0.186659931709001 0.161603701218269 0.360754846585257 0.224016099482197 0.542900077357987 0.0966659756210744 0.149657864458583 0.135209774129647 0.412309996709959 0.256363621675731 0.305046596264483 0.303578121439987 0.452483581789783 0.33975814972169 0.420866538081773 0.356060844758967 0.336976923912781 0.333151953227544 0.217626833091745 0.0466345057350303 0.463834330484016 0.0696233503679856 0.3442114856901 0.526020785670026 0.443207742923913 0.236726175915106 0.62237021022239 0.479661030779793 0.209573891791142 0.243478791770861 0.490868314366002 0.157004529348584 0.496692020046467 0.191435959364322 0.458013680681148 0.127635877130754 0.234116950083201 0.56740557008033 0.248051729623616 0.214367389589839 0.264159119782294 0.523979746441807 0.413499710945176 0.239298155096699 0.373159577678097 0.393951979435529 0.545454381145669 0.296264138662451 0.526774947704487 0.111335866753786 0.120433288747449 0.252007309089459 0.286470905401529 0.110372717587597
"6" 0.372216441368904 0.137686620186114 0.179399627422694 0.0642415188757708 0.352462035999732 0 0.389897500630147 0.13190002008479 0.0669245713405894 0.305301658350951 0.118513630954229 0.459826137602938 0.372499491202128 0.2058420548369 0.315364533105317 0.290854126982038 0.155878920348922 0.075889144207217 0.190637008551744 0.175799406409127 0.498575268097962 0.386869891286837 0.402439571156805 0.214758000654117 0.0809007483592919 0.223445964215843 0.34018764005703 0.635902271932958 0.158852043015018 0.361824408892316 0.258501367059503 0.332968009008089 0.361537184587008 0.528065710257745 0.229147650660921 0.300318048447028 0.501646616006799 0.245924259891489 0.183017069547653 0.461500777728441 0.269842867895404 0.0501401727213351 0.113482831916711 0.287114901398872 0.118141365074014 0.456985960963946 0.198095710490038 0.0644637215149634 0.56832417079109 0.321705236179311 0.322451982389845 0.323180171755883 0.375307732481042 0.372836372569252 0.208602339718852 0.461693433348031 0.270063968046622 0.251646394917566 0.395204851145677 0.111726655029913 0.277611140567793 0.20678153661446 0.145814530009416 0.235310201141196 0.399246983502156 0.281065865240786 0.207863502774655 0.332452490370762 0.271286831260487 0.138405996009074 0.216380239566552 0.45027367915397 0.494560574436435 0.525404679942958 0.133179940167573 0.335416846292476 0.218577522981665 0.197340976887937 0.181700291812756 0.403210584737081 0.437445229068014 0.317464061182794 0.249232183527918 0.243830953016562
"7" 0.412302057876759 0.443166317942802 0.383529873985587 0.421260408860543 0.321308294465078 0.389897500630147 0 0.290301440908397 0.361187709947521 0.17905217876784 0.390463886283737 0.337919686569553 0.15769335043008 0.235096223013917 0.518423308282672 0.1584586056474 0.235533636641645 0.442975216444074 0.441179987533193 0.25499588207326 0.227991468143672 0.548865512313803 0.0819740410561292 0.277534536642186 0.320108451495527 0.186093953363941 0.699527059494515 0.41272533650607 0.334843800504301 0.220886007081228 0.436713162960756 0.457402944868475 0.0694906356257572 0.288667063084541 0.617667446601202 0.232899167796414 0.407583274767063 0.234299574965534 0.551772176751988 0.147942463471413 0.537892410703937 0.369760994754044 0.498714100865666 0.125048073276099 0.506329720160511 0.0673515417549597 0.518267038704736 0.328600691200985 0.466739797887329 0.279628883132449 0.664797214863828 0.370263464090996 0.616513251835999 0.273477163830485 0.302564496356499 0.556676448198299 0.591607506973202 0.626885396670036 0.130231288906468 0.313375715060203 0.303284065351153 0.350249900594844 0.477853654414908 0.188485681860957 0.16297302159455 0.39658430893637 0.190352694950269 0.369168400611644 0.495996286637412 0.328198948180296 0.17401266424283 0.766384528795172 0.110046603176673 0.556138099091146 0.498523912212211 0.631281554219624 0.458671464446436 0.488818796323642 0.553794319990195 0.244644835472294 0.437018653464374 0.0847891896050954 0.141375897180663 0.319200025250394
"8" 0.415076033396126 0.251538817222538 0.254538589765774 0.189993274587044 0.365664323234788 0.13190002008479 0.290301440908397 0 0.0774608611252834 0.175475945678238 0.101413109504914 0.45601810892255 0.322299843853648 0.074924679992344 0.274107843227426 0.241466341755673 0.101723950213071 0.159328083393105 0.289287246438677 0.168998571157872 0.368353043969975 0.473498556828199 0.324697033861354 0.227051544438135 0.117097687476866 0.106019672786588 0.47207893853414 0.610514469437685 0.0662871064894587 0.335594206445023 0.337977319520768 0.40180924323595 0.247538393979966 0.490757184604804 0.338816184357613 0.285413456889716 0.511383173227783 0.233405720740452 0.314913226107974 0.393568718894598 0.382476189582444 0.146731126984399 0.219910535767525 0.1719332438807 0.245039659086853 0.356936361459242 0.321988300903869 0.0731141668161169 0.580410189933432 0.323905161537386 0.453398906758986 0.361302587992168 0.485487770547322 0.242827180478608 0.0897262019354683 0.53159629707998 0.305268064003168 0.3824832638384 0.333384280316092 0.148466957807631 0.155804126091542 0.259495745909067 0.187610036532451 0.19194038565562 0.270519926832927 0.338996739767792 0.148547849036175 0.222691666108593 0.36968798858677 0.188018528785589 0.135871739204443 0.578964040892715 0.385552111587436 0.578450558443495 0.264647903607877 0.458320793747025 0.189341947268644 0.31229465795495 0.265883107529521 0.378966172131223 0.473288732498899 0.235104806788473 0.153200339276676 0.275052378323574
"9" 0.414691977835385 0.202806189477239 0.231404697143858 0.131053208563317 0.381649242955991 0.0669245713405894 0.361187709947521 0.0774608611252834 0 0.252311036126134 0.0613368535190221 0.482605478664258 0.371279052186995 0.151736962684295 0.262535711428674 0.288339143668605 0.142757697905052 0.0827020664517779 0.251896433131469 0.188915944458103 0.444516591294114 0.446076193549426 0.386800752668326 0.239644174490866 0.102530206985705 0.181221879691544 0.401098652447626 0.64967419152663 0.0919837678194942 0.372501160505925 0.313980632493945 0.385405283328587 0.322992357171907 0.535178006793804 0.261696973083248 0.315193232077834 0.531047867735334 0.260211822814517 0.244733658365667 0.451905203888611 0.335576527604478 0.10317348911188 0.14252836467814 0.247228767091759 0.169778664575955 0.428417396344993 0.265020191929668 0.0488045740857897 0.599275684327351 0.345225304776496 0.38672654519799 0.362924614357212 0.440862847852034 0.309929426704342 0.143109335956495 0.515578723677526 0.2508357428864 0.308905071189898 0.388207050012501 0.140324371547821 0.211858020108614 0.250030151879162 0.125136223933194 0.233861570097423 0.347549407898162 0.328423360253314 0.196872704021868 0.265535874528323 0.333381341950265 0.176592373655922 0.194922808846036 0.516017599027011 0.460105205294729 0.573306735917132 0.197560852107313 0.402334817379258 0.166904383486799 0.263213082943237 0.192637696966267 0.41551267989285 0.477681426648564 0.298040979774288 0.220574864125546 0.278673179938475
"10" 0.489155349518375 0.40787107610805 0.382627294385872 0.357890833471045 0.413034525687387 0.305301658350951 0.17905217876784 0.175475945678238 0.252311036126134 0 0.256604754495954 0.468773072257297 0.293753359824696 0.100617989613076 0.345332681179808 0.240965953125692 0.193288852998186 0.332023915688457 0.43097267493932 0.256586205715337 0.193276902723961 0.589708134884455 0.248998502342841 0.30779487019816 0.265495494784612 0.09418410654199 0.644319371104535 0.579155892570431 0.189841184919228 0.33889429883777 0.458157128675064 0.50499562416655 0.111920808259853 0.453205119090285 0.511099334222809 0.316720833899804 0.535418212106388 0.285101888047549 0.487437718755289 0.32166903879284 0.53016660071809 0.308822292291117 0.393645649014122 0.0755181462486773 0.420410247039475 0.23231799808567 0.483008941898963 0.242060463361726 0.601446677603192 0.366401020952124 0.62175110244144 0.437431441691427 0.626590464942875 0.113348721500969 0.142132810382876 0.62581206537163 0.441287316223793 0.556912688026983 0.283411052973056 0.280920778660995 0.125453208150126 0.368375723185176 0.34407882467115 0.224713249087217 0.0953143906304406 0.438713284533141 0.189574881700066 0.190437807101384 0.504499999532535 0.313541893856446 0.156541143741503 0.742115440277486 0.240446963023814 0.650148485873701 0.435627013183049 0.614798506163033 0.298483799658187 0.465587480480446 0.431499580294823 0.376077840242559 0.533035350008978 0.180495186752282 0.126990318865093 0.360563002185265
"11" 0.475998731608405 0.255934959474952 0.291756772053115 0.180986372548549 0.441295310513621 0.118513630954229 0.390463886283737 0.101413109504914 0.0613368535190221 0.256604754495954 0 0.540209335986033 0.419585547730336 0.161618059738944 0.201298151948742 0.337340383945251 0.192054602876308 0.0894408172356832 0.30874407417946 0.246381592710933 0.441905771539371 0.504374937058533 0.425969116317318 0.299197911293898 0.163580310947505 0.204610985308842 0.428409227394168 0.703357547337919 0.0684622843445277 0.426399734490433 0.373659921563081 0.445969431879961 0.3435837561896 0.586301593020694 0.258982036128452 0.371243225601155 0.590345476745164 0.31673523022051 0.276725367504751 0.494278034545175 0.387253065839259 0.161948306121479 0.148795109483683 0.269151218230754 0.193378813293437 0.456561569584756 0.311368794843731 0.108401971238134 0.658821138526115 0.403679685177339 0.420980825440062 0.424121798827687 0.49274233477835 0.291459310676041 0.123694455544391 0.5759254651817 0.204032398072437 0.332244330909189 0.433001319529458 0.20138568784941 0.18604303812405 0.311352116465514 0.0886627655626628 0.284700376838485 0.350610717912122 0.389611954247378 0.24417385943305 0.225494017687021 0.389692474770049 0.237925891395953 0.235828707309241 0.55342819275567 0.48214294480027 0.634562423068617 0.235913861740942 0.447302563021072 0.105591366215874 0.314793647370525 0.175113943936136 0.469717373882355 0.53883121038636 0.336370769842062 0.254602722576528 0.33957561922619
"12" 0.16523696986278 0.403488827965039 0.314406117875216 0.44114354070451 0.113027970671479 0.459826137602938 0.337919686569553 0.45601810892255 0.482605478664258 0.468773072257297 0.540209335986033 0 0.181875617263367 0.455661177538253 0.730091661925307 0.230665751031776 0.354305093451012 0.535592194505093 0.356391850140644 0.293917141733857 0.565778996387904 0.324037248262815 0.259550449549881 0.245386789162217 0.384089453723494 0.406720139196839 0.620647429775288 0.1883274494225 0.522109464305329 0.130110143852452 0.293234083397801 0.250880525412746 0.393128880996263 0.134615239768448 0.655683331287127 0.170604753241646 0.069665516560409 0.223789753297964 0.524954823166106 0.22604258077215 0.409057642704244 0.412121195895294 0.563117122490021 0.393255292513479 0.533316141098314 0.351976365361823 0.448025276185388 0.433805945988882 0.132699878150489 0.138264130751648 0.569558122311244 0.172793761595144 0.432391175095118 0.581307404990716 0.525111118092094 0.278700120793971 0.728387517746597 0.591373641533105 0.208417664171591 0.348780303420229 0.564023306748156 0.269838568867045 0.601817227583878 0.267221528358998 0.493759341124938 0.23453606913293 0.312343497278249 0.640625051900732 0.351071896888275 0.323353984436077 0.337052654254066 0.617955087255314 0.407539259903115 0.240186363036657 0.486187548179092 0.493323393384766 0.641959043413374 0.407143515214386 0.637003414577555 0.0944640426105122 0.138325245407326 0.290884988731135 0.34908699100448 0.222086057467794
"13" 0.265197940456726 0.373943739793405 0.294314158748593 0.379593508540045 0.171918128116632 0.372499491202128 0.15769335043008 0.322299843853648 0.371279052186995 0.293753359824696 0.419585547730336 0.181875617263367 0 0.300399335467525 0.58962312828093 0.0829668848000918 0.228731580588793 0.442084592885384 0.35139528130168 0.199127606675428 0.385506534437588 0.414782642843752 0.0862701357563344 0.185687910019335 0.291790930491894 0.247085456260708 0.626263309717361 0.292964109925429 0.384108353154228 0.0660246468348365 0.322847409228955 0.32404208485471 0.211351193155556 0.169498896202938 0.596253183994143 0.104128800867841 0.251289561414124 0.139236556793207 0.495925650544837 0.0995887106546641 0.436989487327374 0.335125611836478 0.485648065521563 0.21917528615773 0.474266880321031 0.18447129507302 0.440704282280357 0.325960348350963 0.313133468362021 0.137601398139832 0.583345350630048 0.231212676032922 0.498464512599514 0.40419290292693 0.373390371354152 0.408371141703935 0.621457004511753 0.570423912127858 0.0385407515546603 0.267433192252131 0.400410272180335 0.250990758459468 0.496414210793027 0.13819705154811 0.311973874209684 0.271847184545661 0.175452140320912 0.475307811527292 0.3862983068444 0.262377466377827 0.187686290430945 0.66615897519854 0.24195221655218 0.400188309757851 0.446495711579317 0.531107595495339 0.511077201846625 0.404278376461752 0.553260299265929 0.0875944239282059 0.281933628190549 0.113258192489118 0.185648112856374 0.206450499295672
"14" 0.441896426371541 0.316905959549918 0.305114107107773 0.261129646218843 0.379043478453348 0.2058420548369 0.235096223013917 0.074924679992344 0.151736962684295 0.100617989613076 0.161618059738944 0.455661177538253 0.300399335467525 0 0.291782419411474 0.227489795498754 0.121790799636949 0.232112544981082 0.34741578223494 0.194282344748791 0.293441832693395 0.520848403368268 0.283808487637471 0.252049460722509 0.175638675975138 0.0541486437855406 0.545799864645713 0.593338984491728 0.100274451414563 0.328031982400226 0.385860507618298 0.442242194912862 0.182812819436164 0.469421516052258 0.411558529617003 0.288678746275384 0.516884871382657 0.243939627761293 0.388664566479905 0.356282067549919 0.444343670689622 0.214245283652215 0.293474108415288 0.110459130153758 0.319959154457774 0.299143016917722 0.390146405414357 0.143916724636489 0.585437110004117 0.333851994278632 0.525361935175513 0.388127585916935 0.54470198896197 0.176794229373264 0.0732330921589699 0.56913491210204 0.357631178217047 0.457094903974969 0.303019195946102 0.198500274866527 0.112190163856724 0.300195284078168 0.250260092500694 0.189816012333007 0.195813181951302 0.376801884335985 0.145369115858605 0.188408842275237 0.425145521064751 0.235537085059946 0.118614622298394 0.648697699386015 0.321196184713996 0.60607530539024 0.33759988286929 0.524727810485615 0.224035485040725 0.376526773540592 0.334548950094051 0.370020586223811 0.494332075246444 0.197277833610822 0.115439326155156 0.304300864401528
"15" 0.676668832183427 0.448477967929164 0.492522181583527 0.372757298569388 0.637049467269832 0.315364533105317 0.518423308282672 0.274107843227426 0.262535711428674 0.345332681179808 0.201298151948742 0.730091661925307 0.58962312828093 0.291782419411474 0 0.512005311461662 0.375791547249747 0.258323118768519 0.505248626911214 0.439882446866107 0.47853084058861 0.701821901934156 0.574798527588487 0.495760079570602 0.363975170055708 0.345914757669771 0.565908286681007 0.881407696326124 0.208277130783427 0.608854734575976 0.573521642418692 0.64679430416658 0.455705442002373 0.759121715120662 0.349339311508682 0.559494717485986 0.784458181806207 0.506999696878028 0.435693688346907 0.647708367802632 0.574637833117471 0.362028956854335 0.290972314035262 0.395090209613622 0.350178396010041 0.576716831947128 0.492127370860091 0.307942136764158 0.853394559063913 0.596831572881184 0.57394289255961 0.624312139315343 0.678789640901697 0.306519921871709 0.218992644521282 0.776399659312184 0.168994509639922 0.468989050899922 0.594547531042137 0.401639044573746 0.221701674915281 0.512525088026295 0.193179214593662 0.465259383043971 0.416758155685142 0.59091001699188 0.420890159673334 0.185670477982833 0.584620951009562 0.438925648025418 0.402502240341587 0.707963436830306 0.584666174246937 0.835840775971752 0.409049428312123 0.62095027178534 0.096811096766668 0.503628280541481 0.258737938016457 0.652084883726792 0.738723799700095 0.489057629490928 0.406806457646715 0.538987757521073
"16" 0.26105986470834 0.305188749681757 0.233742886719517 0.302223821927485 0.17592356004685 0.290854126982038 0.1584586056474 0.241466341755673 0.288339143668605 0.240965953125692 0.337340383945251 0.230665751031776 0.0829668848000918 0.227489795498754 0.512005311461662 0 0.145921187519497 0.359469617842022 0.292064418630656 0.121011127694431 0.370150592706735 0.39077823655782 0.124952068237714 0.123740361057018 0.210579339753206 0.176714978242956 0.561421098129337 0.369577118052846 0.304792827268326 0.101125533217701 0.279449551688091 0.299507717598061 0.186459755935187 0.24938440285198 0.516580316188195 0.0800225670230102 0.295441422964763 0.0775258121839415 0.423775490715411 0.172200602346935 0.385134676106574 0.255626823788896 0.40426195917315 0.166051464599041 0.395783056667329 0.210248015924466 0.376328422203307 0.243042215459964 0.362596770002314 0.13015424827172 0.521872321392301 0.214990296141421 0.45921385867434 0.35428888454555 0.299100245986491 0.404318669319665 0.538663932011382 0.499040415354334 0.105076919880395 0.189033335658207 0.333776418580524 0.195829191307428 0.413469858078588 0.0556248233485666 0.282255935648726 0.238130871216909 0.0932980459429952 0.410209672091406 0.34010016031025 0.189978262216955 0.110019934073053 0.615051498559527 0.264089201215183 0.415216198722726 0.37269242971153 0.479386391817601 0.430759607415173 0.342835162040221 0.47096077337268 0.142549703137747 0.296214539972297 0.0786134633729633 0.118440981868296 0.161138682809097
"17" 0.321742127972893 0.221027639310985 0.189492984219818 0.186917728920997 0.265593680701467 0.155878920348922 0.235533636641645 0.101723950213071 0.142757697905052 0.193288852998186 0.192054602876308 0.354305093451012 0.228731580588793 0.121790799636949 0.375791547249747 0.145921187519497 0 0.217443474663991 0.238161198665625 0.0729511204352816 0.376496133456927 0.400953854394219 0.247744520501785 0.131476287194247 0.0854462715691173 0.0991253207672478 0.470955552685347 0.511655223234065 0.167914587319671 0.235272564814602 0.267061469386625 0.320721587138829 0.215881216875948 0.394308721122605 0.384984929079031 0.183703779691121 0.410012876465636 0.13197797959378 0.31883989616061 0.310193415684745 0.337780443087775 0.135018244500468 0.267798748609248 0.147681103689225 0.270950537406824 0.302153059877828 0.297495193735405 0.0995710801434914 0.479050971543638 0.222824406412471 0.441445803125346 0.267793143158156 0.433302711082551 0.292838500094098 0.178562366996628 0.447345142034824 0.392748201088765 0.393226036164288 0.245716271586846 0.0893815382278681 0.232611257046646 0.179358898119111 0.26784623672727 0.0926519266597095 0.275507186118543 0.25509600059936 0.0543207424214512 0.307277909941679 0.311298659483517 0.120253065276808 0.0615996056956446 0.55508837401583 0.342572179346673 0.486007112056003 0.265365931962694 0.424684125057535 0.289185383875927 0.275674860305069 0.329851652146899 0.278687148400817 0.376704313980735 0.161629991228153 0.0981342774866558 0.182990918465158
"18" 0.445664855086481 0.192190433627145 0.25018751368723 0.117893370120436 0.428329572492239 0.075889144207217 0.442975216444074 0.159328083393105 0.0827020664517779 0.332023915688457 0.0894408172356832 0.535592194505093 0.442084592885384 0.232112544981082 0.258323118768519 0.359469617842022 0.217443474663991 0 0.251563199462366 0.248843385096838 0.522451759864011 0.447347464987865 0.464777077619487 0.290359732084001 0.153845819081948 0.263912104048509 0.339181666010384 0.710632035667995 0.153751503539415 0.435406495132748 0.325073827779384 0.40125077557242 0.405693533466581 0.601032832449422 0.179567757584216 0.374683439698557 0.577437551631671 0.319896732123955 0.189433486946756 0.527439133644133 0.316314735885239 0.125202250811974 0.0619540603956674 0.329929078541204 0.104488754347405 0.510291227190731 0.234534932300129 0.117883468486662 0.643953526440153 0.397408402750949 0.333557679533003 0.397668363691116 0.420621354136374 0.378622906651442 0.209561598208517 0.527778906425632 0.194443944627101 0.242812563041655 0.462258063538077 0.187054752720309 0.274549443330287 0.2810269129888 0.0730624771611475 0.303933038682314 0.427306598272561 0.353017035344215 0.271548432064324 0.314242343940526 0.328530036160878 0.21414374321957 0.273902550792825 0.466921298659799 0.542731152772231 0.595691028134482 0.153458946737631 0.366818959959677 0.164395880457486 0.245498476662562 0.112439351118341 0.477306176259306 0.511414250897065 0.377070099343604 0.30186371224655 0.31947021887842
"19" 0.219999076732679 0.0617803911661438 0.0583237020794669 0.133727171295932 0.244576473806981 0.190637008551744 0.441179987533193 0.289287246438677 0.251896433131469 0.43097267493932 0.30874407417946 0.356391850140644 0.35139528130168 0.34741578223494 0.505248626911214 0.292064418630656 0.238161198665625 0.251563199462366 0 0.188453781025673 0.613345524030589 0.196591049554716 0.416481281693753 0.168717395948967 0.173047230040978 0.336872200331029 0.276136553749985 0.54465891526229 0.338220034069688 0.308527693194186 0.0789766068055053 0.155623676433116 0.442692827934857 0.463121429779007 0.311805510214855 0.249357104991795 0.375592680295577 0.216106083188185 0.169852347150734 0.450981652193989 0.0999045184151219 0.14906698527265 0.247702824936329 0.382681521273649 0.199358460058702 0.500082671971198 0.0930853223754629 0.220157909685131 0.433967679871513 0.238350181862904 0.231950117938932 0.186624194390021 0.19729611597254 0.52416696175757 0.378298763422732 0.277230329290095 0.435285334397185 0.235098623422693 0.386430031572506 0.15027102635701 0.44506050661688 0.100665725449969 0.324138898210632 0.252700795137838 0.512827973639993 0.126636967275356 0.259664823601459 0.509982050005751 0.0815902761775568 0.119007875827515 0.287958983792254 0.325250171836814 0.550859673141824 0.351135531926011 0.139247904793384 0.190652474605856 0.408660047157869 0.0535615338037534 0.319890430929727 0.337863700062468 0.285942135981809 0.356478038345728 0.326769161115766 0.148840304943103
"20" 0.248911828999321 0.18900536770086 0.132929217180396 0.181296283272974 0.197269151470951 0.175799406409127 0.25499588207326 0.168998571157872 0.188915944458103 0.256586205715337 0.246381592710933 0.293917141733857 0.199127606675428 0.194282344748791 0.439882446866107 0.121011127694431 0.0729511204352816 0.248843385096838 0.188453781025673 0 0.428819290030941 0.333175148750324 0.242953062187573 0.0587667899038046 0.0951697682763771 0.164736502032706 0.446108890473196 0.46257841862693 0.234776790857405 0.186569897588852 0.202246915745069 0.250040697866321 0.25449577446966 0.352390275003667 0.397126190427298 0.12677400394831 0.344878036024387 0.0716511047573513 0.303936694558471 0.293023023088039 0.287495152254451 0.136035186430339 0.287779194459386 0.198462618322426 0.275360812520425 0.316876364653248 0.263394887228373 0.140200052245053 0.413693596717285 0.157526439389792 0.409950559302734 0.194941924786951 0.375918407922047 0.361615451857078 0.250738963005823 0.375213855863542 0.437392212412756 0.379390801374152 0.225776710190726 0.0683767609272619 0.305522094296027 0.111912699705484 0.310492136973746 0.0695787794530303 0.329757267268576 0.183924294935136 0.0721261498073034 0.380204090746354 0.252927894525961 0.0732765255618648 0.102992852945479 0.513157470063074 0.3650417650185 0.413147799278257 0.252226180524007 0.379072195832496 0.349170365930676 0.234135174361404 0.357499333595838 0.228693396451832 0.304896708592786 0.171238591427708 0.140582472169168 0.110084908889084
"21" 0.631132474952105 0.596430918924979 0.560860714374046 0.550277390511591 0.543434402383285 0.498575268097962 0.227991468143672 0.368353043969975 0.444516591294114 0.193276902723961 0.441905771539371 0.565778996387904 0.385506534437588 0.293441832693395 0.47853084058861 0.370150592706735 0.376496133456927 0.522451759864011 0.613345524030589 0.428819290030941 0 0.754001055121579 0.307192016752448 0.470419217978657 0.455127606316707 0.281294856605784 0.837221313292813 0.621665963773198 0.373475486318937 0.447362340494288 0.62939886050057 0.664612133782391 0.183772012207096 0.503934979136374 0.700060042025058 0.449788156876191 0.635441666657364 0.436112510261072 0.680513163518707 0.3599750253524 0.713247385859503 0.500371902560598 0.584374823493386 0.23083853597268 0.613391811668042 0.227361551628649 0.672451844375595 0.435183997868664 0.693548652200246 0.499201397319389 0.813376913564352 0.584627728287692 0.804719231687419 0.172140466169679 0.319450015220568 0.774416396825012 0.607428270898639 0.750189039692948 0.357553270052556 0.465873508568149 0.271302151921845 0.538798254697688 0.525984390769456 0.378518511874958 0.101182239717958 0.599883124095856 0.356837650454985 0.29353239425418 0.681727707005291 0.494352606588213 0.326247953532011 0.931076878507361 0.188159902228755 0.781276997894703 0.62844639276442 0.801170357701348 0.460641684538744 0.652152597297663 0.61641184734172 0.472632612362135 0.661781285791034 0.291987162044038 0.28824305134246 0.519938413236059
"22" 0.1614525938245 0.255259368961921 0.219006091443038 0.32991321946568 0.248488473034025 0.386869891286837 0.548865512313803 0.473498556828199 0.446076193549426 0.589708134884455 0.504374937058533 0.324037248262815 0.414782642843752 0.520848403368268 0.701821901934156 0.39077823655782 0.400953854394219 0.447347464987865 0.196591049554716 0.333175148750324 0.754001055121579 0 0.497835510381973 0.284356109224854 0.357061829907655 0.497607374460756 0.347858282029323 0.49465883116861 0.528541663588399 0.352200402830954 0.135627362580825 0.0916125155040185 0.571907309656798 0.457036692529621 0.476294185267939 0.317794499752564 0.304292181199031 0.318609123781584 0.324142474748723 0.504438217855374 0.154389790973526 0.342958392937046 0.436842595411673 0.528026088422579 0.382236341270786 0.59414901422728 0.237359871125621 0.409786635149485 0.337883718245544 0.277188675774198 0.293220227400466 0.183620363624037 0.115983177552673 0.693684825068278 0.563160568380952 0.0987817236284296 0.625233867610012 0.361275841168088 0.453294844377781 0.325530821403043 0.626710325765448 0.221846402828042 0.519346177921218 0.375508536639191 0.658264973256064 0.154164824495326 0.401690169343156 0.696185887855116 0.119861081005179 0.286553034592005 0.434380373320001 0.302893348249463 0.650625212033225 0.19100183489136 0.316798589790458 0.198697250143663 0.605190222438448 0.208809924914412 0.504907259797471 0.359192393108701 0.194921092190128 0.468389301967977 0.469321345361152 0.234071512503276
"23" 0.351019941587242 0.429766242759567 0.358214135381592 0.422023747633489 0.257879837865723 0.402439571156805 0.0819740410561292 0.324697033861354 0.386800752668326 0.248998502342841 0.425969116317318 0.259550449549881 0.0862701357563344 0.283808487637471 0.574798527588487 0.124952068237714 0.247744520501785 0.464777077619487 0.416481281693753 0.242953062187573 0.307192016752448 0.497835510381973 0 0.24778195619188 0.325196035767682 0.230238484515408 0.686292599160347 0.332934003688874 0.378804791063783 0.152294627409834 0.398051766138972 0.406502376575614 0.147622317527327 0.20787671338389 0.631262865586096 0.181273362933254 0.329069531725468 0.200559104138678 0.546887712341128 0.0734911354150083 0.507829382333535 0.373046343117824 0.515267587707108 0.182234648255246 0.513350546234959 0.098226538832486 0.501276892339091 0.346993639911658 0.386360238288595 0.22134082286989 0.646778916687026 0.314903860116611 0.576444425602246 0.351064703616597 0.355876097059066 0.494509958022581 0.629953651649657 0.622330932351281 0.0515859829787047 0.309145897366936 0.368299793201797 0.318692077119502 0.509660610359088 0.173628394999425 0.244668088603052 0.350852266658562 0.194593656633334 0.438668580825996 0.460382542058294 0.314085208615378 0.191921540859132 0.737909396732521 0.15570320860648 0.485422413999696 0.495061087335093 0.602249867432343 0.506112578826566 0.467640118371299 0.577205033931608 0.16850695162312 0.367733333559081 0.0895991612019382 0.172402817836354 0.279355438595976
"24" 0.190267398513233 0.188475884851705 0.110514726102157 0.203698021336175 0.142100871841084 0.214758000654117 0.277534536642186 0.227051544438135 0.239644174490866 0.30779487019816 0.299197911293898 0.245386789162217 0.185687910019335 0.252049460722509 0.495760079570602 0.123740361057018 0.131476287194247 0.290359732084001 0.168717395948967 0.0587667899038046 0.470419217978657 0.284356109224854 0.24778195619188 0 0.139069270642653 0.218855487150028 0.441183591645385 0.422282224636886 0.292385666559222 0.154530858466272 0.160657367020708 0.19741639609953 0.290144139342721 0.320179947663718 0.422488315814082 0.0911002403389421 0.291404855662792 0.0475041373810038 0.311432932076514 0.284836726318594 0.261602111047213 0.16822493910857 0.321225792581464 0.243753296654879 0.298864246930526 0.333325372160257 0.255547682932196 0.191074540825523 0.359685127385398 0.107124334889972 0.399741952224481 0.136329043686986 0.339776901429148 0.415831701660336 0.309505726911201 0.319261543048014 0.483038802909854 0.385349777849678 0.219010511374492 0.103400347524871 0.363728620357108 0.0727527231296002 0.356595751867551 0.092601187747799 0.373943627598259 0.131271100675174 0.118303463735292 0.438724781977815 0.218506189162516 0.0823936130204346 0.151314336253633 0.491380024660982 0.385867503665184 0.354536747534218 0.26360923455643 0.355744014565577 0.403515650871659 0.220359167556836 0.393990214248021 0.19265224999919 0.246336713778261 0.193103255406378 0.18507821748059 0.0530473421866102
"25" 0.312696774205425 0.142440063699965 0.138120894809311 0.101490575481871 0.280320140900959 0.0809007483592919 0.320108451495527 0.117097687476866 0.102530206985705 0.265495494784612 0.163580310947505 0.384089453723494 0.291790930491894 0.175638675975138 0.363975170055708 0.210579339753206 0.0854462715691173 0.153845819081948 0.173047230040978 0.0951697682763771 0.455127606316707 0.357061829907655 0.325196035767682 0.139069270642653 0 0.173838871368123 0.38640755687306 0.556906561788395 0.172524083370683 0.281631560952542 0.221876717469999 0.288778899223848 0.300811513945914 0.447559035011966 0.306666455681111 0.220895497774576 0.429955228441419 0.166052716458676 0.233443562704269 0.381992220629694 0.268782669175621 0.0496837635889801 0.193861765078024 0.230449033920805 0.188390544067082 0.386216561684313 0.217626359256233 0.0562482000225349 0.497820343568293 0.245920051493744 0.35883505927408 0.26056791255647 0.370094577138035 0.352286565751419 0.206757828451225 0.419202540974531 0.34443747900264 0.307782619244814 0.315329103310217 0.0378082878510332 0.272434808093628 0.149358983614754 0.217739097598643 0.155254083158008 0.353996105102773 0.2287877052703 0.131999199301624 0.339514189628086 0.252813707542543 0.0755294960461918 0.146773537425456 0.476686494894411 0.427816740085772 0.472710115855021 0.17997049524415 0.34992272230371 0.269116513486303 0.201146584677562 0.26248976003197 0.323460390946866 0.375251937922801 0.243051335790557 0.183517286116546 0.176149912353493
"26" 0.40540559749882 0.315531344839717 0.288559212740522 0.270251348333779 0.336316448153569 0.223445964215843 0.186093953363941 0.106019672786588 0.181221879691544 0.09418410654199 0.204610985308842 0.406720139196839 0.247085456260708 0.0541486437855406 0.345914757669771 0.176714978242956 0.0991253207672478 0.263912104048509 0.336872200331029 0.164736502032706 0.281294856605784 0.497607374460756 0.230238484515408 0.218855487150028 0.173838871368123 0 0.557609334211887 0.540031088142398 0.149880209381956 0.277800541160461 0.364969096739976 0.414603499372459 0.141818305354742 0.415753625857451 0.442601180677121 0.242941465449822 0.46964659767627 0.202861857766965 0.401862207802006 0.302411360851547 0.436203504871016 0.219563645158868 0.323097115562352 0.0660633091211269 0.341284313828117 0.251952104262121 0.391305649143298 0.158983462797141 0.537710277212811 0.290215341693305 0.532270498504009 0.352399251883205 0.53241455798762 0.197104675597344 0.127308513915387 0.53811423360701 0.405673780207858 0.473653738311864 0.24890377695873 0.186996344565467 0.157312075984694 0.275821703825802 0.292537317305208 0.144924223531534 0.18019353414976 0.348369845541012 0.103364034150009 0.233992821823702 0.41040216420896 0.219373500487843 0.0721573349857723 0.650186141957347 0.279553860045024 0.568624061030822 0.349054443537151 0.521633230746358 0.276254872475701 0.372376095894576 0.371848469940159 0.319053910179786 0.454135861803541 0.143170805331554 0.0615654383360486 0.271901340733821
