"V1" "V2" "V3" "V4" "V5" "V6" "V7" "V8" "V9" "V10" "V11" "V12" "V13" "V14" "V15" "V16" "V17" "V18" "V19" "V20" "V21"
"1" 0 0.316437108139462 0.344965057035848 0.240771389961796 0.136167350603609 0.458896695322859 0.126017306809943 0.611324972187793 0.752925701057916 0.429327393089306 0.0940299683270028 0.435739924015153 0.576340790756196 0.33340950256842 0.128010641713726 0.824009871346398 0.318077473366472 0.27733673364953 0.31617359257269 0.350458347876684 0.257114060267878
"2" 0.316437108139462 0 0.308892018772808 0.145629099787676 0.323074791709807 0.162599121694431 0.358245180203491 0.731362059303871 0.51878436474743 0.567236376719137 0.240435848441865 0.685645004579454 0.304398526919209 0.479859844888683 0.278496079906748 0.544975776249031 0.605677990336817 0.592355753477436 0.62778359530123 0.426619777739351 0.370460787358101
"3" 0.344965057035848 0.308892018772808 0 0.17969357066955 0.452816491321099 0.45534365882171 0.461812624590506 0.934658793439225 0.821940989166559 0.753730952339475 0.262560545958711 0.482248134052101 0.349131680467198 0.230481524087223 0.217985381276669 0.82382516475263 0.468572144340278 0.570160388077384 0.542992605638779 0.143976588497532 0.1528901621883
"4" 0.240771389961796 0.145629099787676 0.17969357066955 0 0.308445215450832 0.306737477097675 0.32955803473929 0.775295756267207 0.663697833415251 0.598105522369876 0.147249679288834 0.548790973692884 0.336938869935329 0.334475706312324 0.154884702505698 0.68834578985112 0.483763023285875 0.511681046354143 0.523636945465349 0.282765510428282 0.225276106054737
"5" 0.136167350603609 0.323074791709807 0.452816491321099 0.308445215450832 0 0.428506733078571 0.043188870500911 0.484247385537992 0.667663986552497 0.302188309389159 0.191380139099343 0.556673502606694 0.618787495622354 0.469292964294404 0.249578804489006 0.760766404485461 0.424426272965271 0.312378791412188 0.391327311477693 0.480562897165077 0.387974749751072
"6" 0.458896695322859 0.162599121694431 0.45534365882171 0.306737477097675 0.428506733078571 0 0.469665228948138 0.746722352040435 0.367251638429475 0.606633346037786 0.394734531158194 0.847398077132959 0.316361551764413 0.641118028322423 0.439028088258788 0.382376869929678 0.762057941907794 0.725999162898327 0.774911630929731 0.583058495449177 0.532012680878915
"7" 0.126017306809943 0.358245180203491 0.461812624590506 0.32955803473929 0.043188870500911 0.469665228948138 0 0.485308502411353 0.710008088924199 0.303337275811001 0.199569740604187 0.52614443094729 0.649060948248962 0.456682881583112 0.250225644150651 0.803953136324244 0.389782290634771 0.26936628009729 0.350956371529773 0.476432527480823 0.383107041419932
"8" 0.611324972187793 0.731362059303871 0.934658793439225 0.775295756267207 0.484247385537992 0.746722352040435 0.485308502411353 0 0.749479680759272 0.1823065162911 0.675372902388758 0.952405486233773 1.03107412873251 0.938085989988416 0.733135596448213 0.90579160822209 0.801837871579456 0.592793609857485 0.712716380508474 0.961700564542107 0.868400114216042
"9" 0.752925701057916 0.51878436474743 0.821940989166559 0.663697833415251 0.667663986552497 0.367251638429475 0.710008088924199 0.749479680759272 0 0.687736226099235 0.716846329396739 1.17813676747831 0.631159595786568 0.995429529598992 0.77386899989047 0.166595143356194 1.07094581706088 0.978499696953944 1.05661885634765 0.9453786069118 0.886008566777926
"10" 0.429327393089306 0.567236376719137 0.753730952339475 0.598105522369876 0.302188309389159 0.606633346037786 0.303337275811001 0.1823065162911 0.687736226099235 0 0.493492050241934 0.788219787049413 0.870908053100257 0.7578750909134 0.550841241939447 0.828241917136803 0.639211768082185 0.443034798952412 0.560318648090661 0.77956377836531 0.686303341051865
"11" 0.0940299683270028 0.240435848441865 0.262560545958711 0.147249679288834 0.191380139099343 0.394734531158194 0.199569740604187 0.675372902388758 0.716846329396739 0.493492050241934 0 0.461558968802451 0.4837934074421 0.304894607172896 0.0670527103873054 0.771246391699747 0.367324083994561 0.36585324103282 0.388515730772197 0.296854806160184 0.207950838650752
"12" 0.435739924015153 0.685645004579454 0.482248134052101 0.548790973692884 0.556673502606694 0.847398077132959 0.52614443094729 0.952405486233773 1.17813676747831 0.788219787049413 0.461558968802451 0 0.829949984682432 0.254618752743874 0.40893020308239 1.22871230888218 0.150753478622417 0.368405962832249 0.253550581883891 0.349588994969761 0.339254401384488
"13" 0.576340790756196 0.304398526919209 0.349131680467198 0.336938869935329 0.618787495622354 0.316361551764413 0.649060948248962 1.03107412873251 0.631159595786568 0.870908053100257 0.4837934074421 0.829949984682432 0 0.579611608104329 0.485089477233679 0.57051779908964 0.798767870355648 0.848530727035438 0.853614786396739 0.490698949001755 0.492713881044502
"14" 0.33340950256842 0.479859844888683 0.230481524087223 0.334475706312324 0.469292964294404 0.641118028322423 0.456682881583112 0.938085989988416 0.995429529598992 0.7578750909134 0.304894607172896 0.254618752743874 0.579611608104329 0 0.238118361820072 1.02196531119368 0.27651212620716 0.443900628492472 0.375983840559907 0.0954846985759589 0.109525546133453
"15" 0.128010641713726 0.278496079906748 0.217985381276669 0.154884702505698 0.249578804489006 0.439028088258788 0.250225644150651 0.733135596448213 0.77386899989047 0.550841241939447 0.0670527103873054 0.40893020308239 0.485089477233679 0.238118361820072 0 0.819811224818987 0.330359781610496 0.368399782781284 0.369766521843775 0.232217618296644 0.141637953283004
"16" 0.824009871346398 0.544975776249031 0.82382516475263 0.68834578985112 0.760766404485461 0.382376869929678 0.803953136324244 0.90579160822209 0.166595143356194 0.828241917136803 0.771246391699747 1.22871230888218 0.57051779908964 1.02196531119368 0.819811224818987 0 1.13682928999539 1.07254388978129 1.13782176622561 0.958953076422878 0.913351327488866
"17" 0.318077473366472 0.605677990336817 0.468572144340278 0.483763023285875 0.424426272965271 0.762057941907794 0.389782290634771 0.801837871579456 1.07094581706088 0.639211768082185 0.367324083994561 0.150753478622417 0.798767870355648 0.27651212620716 0.330359781610496 1.13682928999539 0 0.219678363698535 0.112957559442547 0.364923764077127 0.315712688107532
"18" 0.27733673364953 0.592355753477436 0.570160388077384 0.511681046354143 0.312378791412188 0.725999162898327 0.26936628009729 0.592793609857485 0.978499696953944 0.443034798952412 0.36585324103282 0.368405962832249 0.848530727035438 0.443900628492472 0.368399782781284 1.07254388978129 0.219678363698535 0 0.119989076000385 0.511534748576113 0.433101215168651
"19" 0.31617359257269 0.62778359530123 0.542992605638779 0.523636945465349 0.391327311477693 0.774911630929731 0.350956371529773 0.712716380508474 1.05661885634765 0.560318648090661 0.388515730772197 0.253550581883891 0.853614786396739 0.375983840559907 0.369766521843775 1.13782176622561 0.112957559442547 0.119989076000385 0 0.457337983193357 0.393721606015432
"20" 0.350458347876684 0.426619777739351 0.143976588497532 0.282765510428282 0.480562897165077 0.583058495449177 0.476432527480823 0.961700564542107 0.9453786069118 0.77956377836531 0.296854806160184 0.349588994969761 0.490698949001755 0.0954846985759589 0.232217618296644 0.958953076422878 0.364923764077127 0.511534748576113 0.457337983193357 0 0.0933648071467686
"21" 0.257114060267878 0.370460787358101 0.1528901621883 0.225276106054737 0.387974749751072 0.532012680878915 0.383107041419932 0.868400114216042 0.886008566777926 0.686303341051865 0.207950838650752 0.339254401384488 0.492713881044502 0.109525546133453 0.141637953283004 0.913351327488866 0.315712688107532 0.433101215168651 0.393721606015432 0.0933648071467686 0
