"V1" "V2" "V3" "V4" "V5" "V6" "V7" "V8" "V9" "V10" "V11" "V12" "V13" "V14" "V15" "V16" "V17" "V18" "V19" "V20" "V21"
"1" 0 0.152168242096357 0.61870409676444 0.343857739039566 0.744332983870708 0.56995793876234 0.244719066838921 0.228963158728708 0.0464393537248989 0.338426544974912 0.554322645143871 0.652203843730699 0.401713078420858 0.307820928719801 0.504587979233193 0.399518775974137 0.38554265815338 0.763271509752958 0.726567591461367 0.196797051220543 0.309794157022915
"2" 0.152168242096357 0 0.742272747410335 0.468008937214514 0.888781969514799 0.672642584004205 0.166533955226677 0.301658693294433 0.166088463537732 0.400874984072423 0.633266499104575 0.681259583088694 0.411281916031479 0.370712147086012 0.544871112262952 0.534995473693483 0.236969961873008 0.908438501128964 0.748574409951871 0.343415481085769 0.439467506555849
"3" 0.61870409676444 0.742272747410335 0 0.663235567263041 0.687312899974955 0.860093006512555 0.697516426516284 0.459024031327474 0.58451362566358 0.40608851667336 0.930779283619495 1.12805914076268 0.952290360749002 0.422855302569479 0.986247148250206 0.619799440970976 0.917656482057004 0.689158678415315 1.20602365708724 0.437339987453965 0.63128604469116
"4" 0.343857739039566 0.468008937214514 0.663235567263041 0 0.444650247834471 0.241159467435203 0.588576721128973 0.497769909916627 0.371104044935146 0.588471425391117 0.273870569927268 0.466538651070713 0.348744389422999 0.5648855903295 0.331554074055168 0.0872826423590805 0.7005941053812 0.466591920088377 0.543872633760626 0.308189417543597 0.0404186162732759
"5" 0.744332983870708 0.888781969514799 0.687312899974955 0.444650247834471 0 0.407934588764753 0.975603791838182 0.806097288655928 0.754439645522999 0.855283667453166 0.528738466976275 0.758508431510456 0.763066684893321 0.844426611847831 0.681769314379009 0.362031057126046 1.12573627558481 0.023076485121427 0.817312026113368 0.608878546680475 0.460315533436278
"6" 0.56995793876234 0.672642584004205 0.860093006512555 0.241159467435203 0.407934588764753 0 0.811562270034311 0.738730980450899 0.602989549915955 0.82928201807524 0.121274154215707 0.351154146245997 0.397736911399126 0.80597422377424 0.284033218147572 0.245155510176736 0.890875474687471 0.430361744737502 0.413616169608555 0.547993812451968 0.281483735101451
"7" 0.244719066838921 0.166533955226677 0.697516426516284 0.588576721128973 0.975603791838182 0.811562270034311 0 0.239870649557061 0.223015599451927 0.306236964717683 0.785172412839278 0.846754104467473 0.577515167009751 0.281550007800631 0.70812210285116 0.641766190047458 0.221444785855435 0.993204546872027 0.914792269032442 0.377921543673075 0.554219231875173
"8" 0.228963158728708 0.301658693294433 0.459024031327474 0.497769909916627 0.806097288655928 0.738730980450899 0.239870649557061 0 0.182634076313146 0.10946513153615 0.749013550407096 0.873476914202557 0.629990044209262 0.0789359472181548 0.724051251204465 0.52090873508737 0.45874104904804 0.820594937840533 0.949423551509034 0.203763380924171 0.45768495187105
"9" 0.0464393537248989 0.166088463537732 0.58451362566358 0.371104044935146 0.754439645522999 0.602989549915955 0.223015599451927 0.182634076313146 0 0.292096572440972 0.593392835701245 0.69739752629351 0.448126248078635 0.261445395834045 0.549292352933994 0.41944852909751 0.387941229094374 0.772555171409656 0.772104150866267 0.178258853035872 0.334800349241831
"10" 0.338426544974912 0.400874984072423 0.40608851667336 0.588471425391117 0.855283667453166 0.82928201807524 0.306236964717683 0.10946513153615 0.292096572440972 0 0.847862538279537 0.98036314273975 0.739235333354843 0.0310092180985866 0.830630483421783 0.601032009766939 0.526889854150496 0.867575571298274 1.05675407054417 0.282227190620394 0.548054966247782
"11" 0.554322645143871 0.633266499104575 0.930779283619495 0.273870569927268 0.528738466976275 0.121274154215707 0.785172412839278 0.749013550407096 0.593392835701245 0.847862538279537 0 0.232813092055506 0.301351867326467 0.821836583325141 0.169169204998082 0.312741125571857 0.835392922193318 0.551275043066155 0.300085609780071 0.574796729369902 0.311706125321007
"12" 0.652203843730699 0.681259583088694 1.12805914076268 0.466538651070713 0.758508431510456 0.351154146245997 0.846754104467473 0.873476914202557 0.69739752629351 0.98036314273975 0.232813092055506 0 0.271455507936259 0.951342203335903 0.149977035698783 0.526472052839851 0.835317717852267 0.780708298017335 0.078496699212218 0.731723058146065 0.49681837248221
"13" 0.401713078420858 0.411281916031479 0.952290360749002 0.348744389422999 0.763066684893321 0.397736911399126 0.577515167009751 0.629990044209262 0.448126248078635 0.739235333354843 0.301351867326467 0.271455507936259 0 0.70892234753835 0.152578054933631 0.43360347026549 0.568863831317494 0.786074992567469 0.33729689403153 0.523441736893518 0.359063918259196
"14" 0.307820928719801 0.370712147086012 0.422855302569479 0.5648855903295 0.844426611847831 0.80597422377424 0.281550007800631 0.0789359472181548 0.261445395834045 0.0310092180985866 0.821836583325141 0.951342203335903 0.70892234753835 0 0.801728019248869 0.580665703935612 0.502857244621625 0.85737665779213 1.02753695816367 0.260956549696372 0.524510825374883
"15" 0.504587979233193 0.544871112262952 0.986247148250206 0.331554074055168 0.681769314379009 0.284033218147572 0.70812210285116 0.724051251204465 0.549292352933994 0.830630483421783 0.169169204998082 0.149977035698783 0.152578054933631 0.801728019248869 0 0.401628475108033 0.718544800433159 0.704731566644818 0.22755780237489 0.582789402357562 0.357530167476862
"16" 0.399518775974137 0.534995473693483 0.619799440970976 0.0872826423590805 0.362031057126046 0.245155510176736 0.641766190047458 0.52090873508737 0.41944852909751 0.601032009766939 0.312741125571857 0.526472052839851 0.43360347026549 0.580665703935612 0.401628475108033 0 0.770695257582969 0.383449948927934 0.6016125542815 0.319777013366803 0.0984107571221141
"17" 0.38554265815338 0.236969961873008 0.917656482057004 0.7005941053812 1.12573627558481 0.890875474687471 0.221444785855435 0.45874104904804 0.387941229094374 0.526889854150496 0.835392922193318 0.835317717852267 0.568863831317494 0.502857244621625 0.718544800433159 0.770695257582969 0 1.1454084378826 0.891335737681992 0.56417192273845 0.674130902679442
"18" 0.763271509752958 0.908438501128964 0.689158678415315 0.466591920088377 0.023076485121427 0.430361744737502 0.993204546872027 0.820594937840533 0.772555171409656 0.867575571298274 0.551275043066155 0.780708298017335 0.786074992567469 0.85737665779213 0.704731566644818 0.383449948927934 1.1454084378826 0 0.83905213871238 0.624693548291148 0.481609009737577
"19" 0.726567591461367 0.748574409951871 1.20602365708724 0.543872633760626 0.817312026113368 0.413616169608555 0.914792269032442 0.949423551509034 0.772104150866267 1.05675407054417 0.300085609780071 0.078496699212218 0.33729689403153 1.02753695816367 0.22755780237489 0.6016125542815 0.891335737681992 0.83905213871238 0 0.809973501669956 0.574737622704981
"20" 0.196797051220543 0.343415481085769 0.437339987453965 0.308189417543597 0.608878546680475 0.547993812451968 0.377921543673075 0.203763380924171 0.178258853035872 0.282227190620394 0.574796729369902 0.731723058146065 0.523441736893518 0.260956549696372 0.582789402357562 0.319777013366803 0.56417192273845 0.624693548291148 0.809973501669956 0 0.267877417285568
"21" 0.309794157022915 0.439467506555849 0.63128604469116 0.0404186162732759 0.460315533436278 0.281483735101451 0.554219231875173 0.45768495187105 0.334800349241831 0.548054966247782 0.311706125321007 0.49681837248221 0.359063918259196 0.524510825374883 0.357530167476862 0.0984107571221141 0.674130902679442 0.481609009737577 0.574737622704981 0.267877417285568 0
