"V1" "V2" "V3" "V4" "V5" "V6" "V7" "V8" "V9" "V10" "V11" "V12" "V13" "V14" "V15" "V16" "V17" "V18" "V19" "V20" "V21"
"1" 0 0.589301856520205 0.447327497897064 0.337794610694813 0.652246521473225 0.291624141101927 0.371848637809511 0.198185521513548 0.0983064776047236 0.587592692466045 0.716215612623996 0.30670257379 0.709006499651647 0.263246569656955 0.245284893393388 0.200608707873669 0.0384053959054827 0.733061673699627 0.857762911572353 0.0959531912876763 0.177276736408464
"2" 0.589301856520205 0 0.721300706713345 0.848665625560573 0.635192302829571 0.778292785671108 0.461070959676173 0.449497513691867 0.528614008116051 1.00276852905029 1.12193368738954 0.893209347945061 0.487331039532138 0.454531336308049 0.386942263039764 0.770606101212313 0.563048325540924 0.762225040466979 0.687000669951554 0.629915372710148 0.724692062217837
"3" 0.447327497897064 0.721300706713345 0 0.308217016685058 0.316191091477694 0.258752038765739 0.260371258377175 0.35155556813336 0.376103847245412 0.298772034943703 0.405575240957836 0.512498534297343 0.497939013163694 0.296733852619554 0.591190563611074 0.579609179269081 0.474143427180547 0.335334866955472 0.549062091567596 0.361637002833411 0.59177475621083
"4" 0.337794610694813 0.848665625560573 0.308217016685058 0 0.619263063196231 0.0726499965757546 0.452522390133877 0.399702054879262 0.339334500966842 0.271419713133176 0.393019360155407 0.221854530668962 0.772966057546853 0.402717314176366 0.572157411474013 0.357430270746571 0.376118149638345 0.642171042323803 0.852548524209542 0.249542086163655 0.394758665106888
"5" 0.652246521473225 0.635192302829571 0.316191091477694 0.619263063196231 0 0.560873086644044 0.292790321585248 0.477033306403078 0.557027178496527 0.580831944716267 0.654080385894805 0.806740747446618 0.225054426807596 0.401692677709899 0.689741214984209 0.829134189599718 0.664359520305091 0.127033473484473 0.233405319477176 0.594546671663357 0.824236620939622
"6" 0.291624141101927 0.778292785671108 0.258752038765739 0.0726499965757546 0.560873086644044 0 0.380752944715554 0.330438108641487 0.277965682257251 0.297004886234914 0.424932002011548 0.253973294953611 0.70553148255755 0.330423102859793 0.515287505929027 0.350883566498492 0.328990751369716 0.593845145658607 0.793263972111603 0.19758994849451 0.378893255052231
"7" 0.371848637809511 0.461070959676173 0.260371258377175 0.452522390133877 0.292790321585248 0.380752944715554 0 0.185266655293712 0.273786150689454 0.549158265427897 0.663687130776214 0.585537807314696 0.345859750174972 0.110850562382817 0.402263052357927 0.562681537773711 0.378436708215135 0.396229087113119 0.486092280104445 0.333403488201306 0.54847005020476
"8" 0.198185521513548 0.449497513691867 0.35155556813336 0.399702054879262 0.477033306403078 0.330438108641487 0.185266655293712 0 0.102909643108532 0.583339579853527 0.710373229365029 0.464417930391076 0.511884378183014 0.0754281118795568 0.240819674851631 0.397675668902677 0.197438421265434 0.573734720261706 0.668287563519128 0.193393997333285 0.374625136215043
"9" 0.0983064776047236 0.528614008116051 0.376103847245412 0.339334500966842 0.557027178496527 0.277965682257251 0.273786150689454 0.102909643108532 0 0.559693865802234 0.689076089249753 0.368892507278918 0.611160095689384 0.164948844882965 0.239396843649365 0.295383977913698 0.107710186406671 0.642541303536028 0.759845425906848 0.101329405581051 0.275521850986883
"10" 0.587592692466045 1.00276852905029 0.298772034943703 0.271419713133176 0.580831944716267 0.297004886234914 0.549158265427897 0.583339579853527 0.559693865802234 0 0.129461329352814 0.474748529414871 0.786345807990785 0.553197706029231 0.798796241520354 0.628693393962404 0.624302003277718 0.547768344662197 0.800031945456735 0.492264883088471 0.665739869576422
"11" 0.716215612623996 1.12193368738954 0.405575240957836 0.393019360155407 0.654080385894805 0.424932002011548 0.663687130776214 0.710373229365029 0.689076089249753 0.129461329352814 0 0.581639107925056 0.870623123360868 0.676763872676677 0.928079497357257 0.747379115138039 0.753148342489345 0.598282799121322 0.858144994529292 0.621156775147745 0.787396077408802
"12" 0.30670257379 0.893209347945061 0.512498534297343 0.221854530668962 0.806740747446618 0.253973294953611 0.585537807314696 0.464417930391076 0.368892507278918 0.474748529414871 0.581639107925056 0 0.928475111044818 0.50142789516098 0.545715082858866 0.19591725160754 0.33854267781038 0.84706626185703 1.03632512240115 0.271051104782979 0.251335914465216
"13" 0.709006499651647 0.487331039532138 0.497939013163694 0.772966057546853 0.225054426807596 0.70553148255755 0.345859750174972 0.511884378183014 0.611160095689384 0.786345807990785 0.870623123360868 0.928475111044818 0 0.447072959835223 0.665433250328071 0.905202747063933 0.708949625822702 0.332038511429431 0.201012838850616 0.678940915641567 0.886134622578803
"14" 0.263246569656955 0.454531336308049 0.296733852619554 0.402717314176366 0.401692677709899 0.330423102859793 0.110850562382817 0.0754281118795568 0.164948844882965 0.553197706029231 0.676763872676677 0.50142789516098 0.447072959835223 0 0.3076151768029 0.458143593641328 0.267952530150766 0.498864413628563 0.59620161734256 0.236523345963808 0.440463894744189
"15" 0.245284893393388 0.386942263039764 0.591190563611074 0.572157411474013 0.689741214984209 0.515287505929027 0.402263052357927 0.240819674851631 0.239396843649365 0.798796241520354 0.928079497357257 0.545715082858866 0.665433250328071 0.3076151768029 0 0.393931324321102 0.209233047603954 0.798379178496863 0.849158851990649 0.322886411143187 0.343281727241214
"16" 0.200608707873669 0.770606101212313 0.579609179269081 0.357430270746571 0.829134189599718 0.350883566498492 0.562681537773711 0.397675668902677 0.295383977913698 0.628693393962404 0.747379115138039 0.19591725160754 0.905202747063933 0.458143593641328 0.393931324321102 0 0.213952046625162 0.895725263546112 1.04471669433962 0.234620178177926 0.0581891911090222
"17" 0.0384053959054827 0.563048325540924 0.474143427180547 0.376118149638345 0.664359520305091 0.328990751369716 0.378436708215135 0.197438421265434 0.107710186406671 0.624302003277718 0.753148342489345 0.33854267781038 0.708949625822702 0.267952530150766 0.209233047603954 0.213952046625162 0 0.750052659467972 0.864148605343901 0.132040485099512 0.180741890562583
"18" 0.733061673699627 0.762225040466979 0.335334866955472 0.642171042323803 0.127033473484473 0.593845145658607 0.396229087113119 0.573734720261706 0.642541303536028 0.547768344662197 0.598282799121322 0.84706626185703 0.332038511429431 0.498864413628563 0.798379178496863 0.895725263546112 0.750052659467972 0 0.260829464924314 0.664196649200556 0.897980423047656
"19" 0.857762911572353 0.687000669951554 0.549062091567596 0.852548524209542 0.233405319477176 0.793263972111603 0.486092280104445 0.668287563519128 0.759845425906848 0.800031945456735 0.858144994529292 1.03632512240115 0.201012838850616 0.59620161734256 0.849158851990649 1.04471669433962 0.864148605343901 0.260829464924314 0 0.811113129735261 1.03384089165263
"20" 0.0959531912876763 0.629915372710148 0.361637002833411 0.249542086163655 0.594546671663357 0.19758994849451 0.333403488201306 0.193393997333285 0.101329405581051 0.492264883088471 0.621156775147745 0.271051104782979 0.678940915641567 0.236523345963808 0.322886411143187 0.234620178177926 0.132040485099512 0.664196649200556 0.811113129735261 0 0.234094877191821
"21" 0.177276736408464 0.724692062217837 0.59177475621083 0.394758665106888 0.824236620939622 0.378893255052231 0.54847005020476 0.374625136215043 0.275521850986883 0.665739869576422 0.787396077408802 0.251335914465216 0.886134622578803 0.440463894744189 0.343281727241214 0.0581891911090222 0.180741890562583 0.897980423047656 1.03384089165263 0.234094877191821 0
