"V1" "V2" "V3" "V4" "V5" "V6" "V7" "V8" "V9" "V10" "V11" "V12" "V13" "V14" "V15" "V16" "V17" "V18" "V19" "V20" "V21" "V22" "V23" "V24" "V25" "V26" "V27" "V28" "V29" "V30" "V31" "V32" "V33" "V34" "V35" "V36" "V37" "V38" "V39" "V40" "V41" "V42"
"1" 0 0.0778526656775463 0.140368423441985 0.0911409741911381 0.0217050446449034 0.0517417351249909 0.139598057631829 0.0962520312967286 0.203661007341246 0.0344564057692683 0.0855267810795711 0.0984872353147305 0.0368152329074612 0.0967410828719487 0.115599868563578 0.079529007770643 0.0742191351786123 0.122502786010979 0.120647526550859 0.0492602927969721 0.127447303644167 0.032194991825241 0.0658273046341237 0.0749120315042633 0.0908164753579857 0.0203549277991978 0.143773817184662 0.0688406703104406 0.146156435423182 0.152491223062932 0.181130465836919 0.0705452129451456 0.184063803858374 0.0603308520467061 0.156727264209252 0.0611650224692956 0.0966190933819141 0.0796657668649509 0.103302316126893 0.0506642939121706 0.109335545971092 0.11586886400899
"2" 0.0778526656775463 0 0.164146506517194 0.167346176808534 0.0893330259489352 0.0624737277541351 0.201916268443748 0.125350505934625 0.12581481510217 0.0821587758260524 0.131391079440149 0.160604383649945 0.0550471197761276 0.168219333234143 0.193386426643581 0.0412021908773641 0.0987293311810927 0.0792724629812721 0.126081496407882 0.101478007201294 0.0521372908654909 0.0464264739510354 0.143490567758903 0.0295257447852079 0.0645666863474626 0.0863312179770211 0.145119286680709 0.143262165704595 0.104604130653102 0.0785590152985659 0.202935450616765 0.0899044529071197 0.172880096404361 0.1287116765449 0.193077833652275 0.109292884451495 0.163877474420851 0.0723358189671684 0.0348406246948101 0.125620191575883 0.0957797952841545 0.162626979987171
"3" 0.140368423441985 0.164146506517194 0 0.183718533182741 0.120564972138905 0.185614917705967 0.0988625571626462 0.0442376566155051 0.254648352293956 0.106403399580371 0.0608990577332102 0.0868727253496336 0.121823768700289 0.1172213520807 0.172019058328219 0.195771087150655 0.0695963731669205 0.240516971960979 0.044528640543017 0.188076164318696 0.208810760002845 0.150772029322418 0.145415859930105 0.1357882789189 0.105798184963298 0.159531232249789 0.0440200400914891 0.124002645484313 0.1200624742505 0.188826033386412 0.0410078764634785 0.209795821873937 0.079003007320187 0.105509467866431 0.0367313876792259 0.0808039977693885 0.213240519910477 0.0923637301747149 0.155786079368272 0.166027124744178 0.079535960465438 0.0498519839032395
"4" 0.0911409741911381 0.167346176808534 0.183718533182741 0 0.0902092809207523 0.119732837225334 0.125287256808027 0.14828588046914 0.292151887468539 0.108557987105024 0.123991296551175 0.102354312005408 0.125666036826957 0.075561024441282 0.0419580432309283 0.156939344756755 0.139862837359426 0.189843947178892 0.184561182999809 0.079261628708277 0.213420264009631 0.120958786276433 0.0388855831965205 0.165818801950306 0.176505192993893 0.081513708391266 0.20584937949071 0.0597276204734039 0.23085159551241 0.243546027328874 0.218214373434362 0.11480583320876 0.249378452175745 0.0793690040163552 0.181629956293377 0.112442480787768 0.0399099620785659 0.161254521008928 0.194438372838155 0.0418234164674913 0.186869299066893 0.138899989948869
"5" 0.0217050446449034 0.0893330259489352 0.120564972138905 0.0902092809207523 0 0.0731387265102434 0.119296000346738 0.0769111917106441 0.214051998360927 0.0192939436936082 0.064133007171183 0.0777867627331808 0.0376938546463812 0.0795177446982823 0.1069834373407 0.0982246652386204 0.0576423089104082 0.142409204089938 0.104931554585324 0.067519960953075 0.14091954478954 0.0480576970221095 0.0576251963666554 0.079146150801963 0.0862984502553829 0.0390902954507531 0.12792416840623 0.0539665322893443 0.140885108111141 0.158596583827771 0.161004803161943 0.092009275391455 0.169678951876744 0.0409346469929388 0.135370896740578 0.0402336774049834 0.104367368426058 0.0715968076802726 0.109228886720584 0.0549698487124543 0.0990807509069236 0.0941930008436682
"6" 0.0517417351249909 0.0624737277541351 0.185614917705967 0.119732837225334 0.0731387265102434 0 0.191010715805401 0.141635334889636 0.177019239100746 0.0806564756363908 0.135328213348708 0.150147107259797 0.0651531359401436 0.146036632882962 0.154012663474885 0.037610256578205 0.116298896835915 0.0733476223026504 0.158165003883155 0.0431691009720051 0.097004929369308 0.0360015848800245 0.107878348670893 0.0795081188760497 0.110089640471865 0.0433457506077264 0.180548572645881 0.117014455665252 0.160647707008243 0.139715559527286 0.226606504155541 0.0291750511612437 0.216366011733928 0.111641940929455 0.205854833722579 0.110481182213103 0.106779827192396 0.107428258109906 0.0969907754302887 0.0795495203217585 0.137253640042665 0.166516092612508
"7" 0.139598057631829 0.201916268443748 0.0988625571626462 0.125287256808027 0.119296000346738 0.191010715805401 0 0.0953332729598462 0.318110032606001 0.120261027991064 0.0749472837969835 0.0417607507527483 0.147059756559817 0.0517089309569654 0.0951503225882144 0.217342600153384 0.112590306729911 0.261698853166602 0.129213791638185 0.170826823894185 0.25379458510345 0.166746806611493 0.0983309073124924 0.181729630349767 0.166888189958896 0.150110832741751 0.139861086735302 0.0790171528877457 0.20360724758223 0.254968608380722 0.115809282055097 0.204246247541824 0.177865446070898 0.0793691573689455 0.0751124602325665 0.0930594831549264 0.16404191824938 0.147959396019594 0.210311228798243 0.131653359098364 0.154667385617277 0.0535450908488506
"8" 0.0962520312967286 0.125350505934625 0.0442376566155051 0.14828588046914 0.0769111917106441 0.141635334889636 0.0953332729598462 0 0.228369227029279 0.0621730087981713 0.026708114051294 0.0656514662324715 0.0787312567465198 0.0924903774345936 0.144458143501021 0.153815321560457 0.0269641931366286 0.199097761953134 0.0387118364597106 0.144378188649999 0.173435975430333 0.107221331316115 0.109401443852478 0.0988888788121378 0.0751980247884674 0.115644255218695 0.0578937788508219 0.0901059283251779 0.108428988330214 0.163397585352414 0.0852030329419253 0.165561938891888 0.10146188105642 0.0690007124680741 0.0678069373612314 0.0383191921128965 0.174011949050512 0.0577455745055977 0.123302786553575 0.12536146302254 0.059336302772621 0.0435477371919634
"9" 0.203661007341246 0.12581481510217 0.254648352293956 0.292151887468539 0.214051998360927 0.177019239100746 0.318110032606001 0.228369227029279 0 0.203723899189615 0.243516104862507 0.278800654851403 0.177362241834247 0.291084766395741 0.319192143098408 0.140278230223196 0.206210317538564 0.132260761971229 0.210162100934319 0.220095183465385 0.0800197242506789 0.171942421192824 0.26927356902423 0.137667770375253 0.153174998630142 0.210641293261644 0.218826274937195 0.267904513810758 0.141931672759473 0.0658280209119147 0.284750961298799 0.196072656326552 0.223095993558613 0.251490758516011 0.289950170735399 0.225986893552638 0.28377985398367 0.171241085367358 0.108014980785862 0.250332470423897 0.1751848319406 0.271207235229974
"10" 0.0344564057692683 0.0821587758260524 0.106403399580371 0.108557987105024 0.0192939436936082 0.0806564756363908 0.120261027991064 0.0621730087981713 0.203723899189615 0 0.0552185192902388 0.0786680363633516 0.0271288697488508 0.0873611908703934 0.121928814529761 0.0991382818336617 0.0398996883547076 0.144560933070085 0.086812627564584 0.0835029156759986 0.134284908908178 0.0488936046472314 0.0739919227702696 0.0664428926746483 0.0683729266195041 0.0545003399704083 0.10991776257913 0.0658679934019937 0.122294522931882 0.145434340434374 0.147323415147898 0.103462356177726 0.151084318789991 0.0477909570494512 0.125211390692742 0.0304504930482064 0.123647546355257 0.0527257877722312 0.0967302311114529 0.0742594718879187 0.0797944738281733 0.0869722905993904
"11" 0.0855267810795711 0.131391079440149 0.0608990577332102 0.123991296551175 0.064133007171183 0.135328213348708 0.0749472837969835 0.026708114051294 0.243516104862507 0.0552185192902388 0 0.0401398123830072 0.0787345323118436 0.0658278672312329 0.117923024225642 0.15374607133158 0.0376449756450722 0.199316745129725 0.065419082604669 0.130354447048949 0.182193981736687 0.104011771862655 0.0852658875996927 0.108461814220712 0.0919706655328267 0.102875028431332 0.0839695772803087 0.0647820625485339 0.132185076983816 0.180041678262533 0.0992354284960278 0.156060961415753 0.127352395538659 0.0449025846254533 0.0712383649149433 0.0248721498903129 0.152368446306195 0.0730133321928563 0.136083344946014 0.105281243098643 0.0825758442544592 0.0319275361047552
"12" 0.0984872353147305 0.160604383649945 0.0868727253496336 0.102354312005408 0.0777867627331808 0.150147107259797 0.0417607507527483 0.0656514662324715 0.278800654851403 0.0786680363633516 0.0401398123830072 0 0.10561488262367 0.0304019326586228 0.0852588127796607 0.1756513470988 0.0761469473939917 0.220167699768799 0.103762093284614 0.133262720709652 0.212622215493829 0.125019386714893 0.0677187929332864 0.14155683708156 0.130039437471351 0.110404504029562 0.119778433814303 0.0455628799209 0.172301254583193 0.216866356928933 0.117054300884707 0.165056024968733 0.161933736986622 0.0390274970636795 0.0793291375391179 0.0528156419147717 0.137388196812752 0.110925091132784 0.170787151374926 0.0976233701693355 0.122691852081833 0.0379464843483627
"13" 0.0368152329074612 0.0550471197761276 0.121823768700289 0.125666036826957 0.0376938546463812 0.0651531359401436 0.147059756559817 0.0787312567465198 0.177362241834247 0.0271288697488508 0.0787345323118436 0.10561488262367 0 0.113995158905152 0.144673118178295 0.0756082409544508 0.0522512246054362 0.12117122192585 0.093098740234643 0.0818911288394683 0.107162103990716 0.0293124822058167 0.0951659913517349 0.0414523320112823 0.0541601642835033 0.055148233478509 0.11567453667666 0.0907736744804141 0.10943402623714 0.120910208285451 0.162613419963397 0.0921072885945889 0.153055947115676 0.0743474866925367 0.145528510619038 0.0551963769822864 0.133433947735431 0.0450010928719117 0.071579980358578 0.0867374570402155 0.0753736030952484 0.110599185347794
"14" 0.0967410828719487 0.168219333234143 0.1172213520807 0.075561024441282 0.0795177446982823 0.146036632882962 0.0517089309569654 0.0924903774345936 0.291084766395741 0.0873611908703934 0.0658278672312329 0.0304019326586228 0.113995158905152 0 0.0548571695040268 0.176264480491434 0.0971950901990323 0.218724936149793 0.131181655517383 0.1211069133872 0.22015213757148 0.127227248934124 0.0467053555091069 0.153644684756073 0.148409108373017 0.103333578471664 0.148648421984465 0.0293358670408421 0.195224990115406 0.231900329530312 0.146938269872475 0.155865466975707 0.191357715822967 0.0396485051936191 0.108252114431711 0.0695847499738532 0.113150406710548 0.129636328737998 0.183819477552645 0.080450129262741 0.146041454251485 0.0682674888461961
"15" 0.115599868563578 0.193386426643581 0.172019058328219 0.0419580432309283 0.1069834373407 0.154012663474885 0.0951503225882144 0.144458143501021 0.319192143098408 0.121928814529761 0.117923024225642 0.0852588127796607 0.144673118178295 0.0548571695040268 0 0.189818208322036 0.143772343098465 0.226372669479488 0.182974051549521 0.11702830236023 0.242691604199328 0.147628586905967 0.0499613988783518 0.186123539259152 0.189382877419532 0.112100340489195 0.201820201509142 0.0576833392053233 0.240665775451403 0.265541560780882 0.2012889214978 0.153487217602756 0.24500054403497 0.0794705158866113 0.161870422822426 0.114861344879094 0.0804874079367226 0.171896308889985 0.216125036435005 0.0747537593170955 0.193070518683329 0.123088238887819
"16" 0.079529007770643 0.0412021908773641 0.195771087150655 0.156939344756755 0.0982246652386204 0.037610256578205 0.217342600153384 0.153815321560457 0.140278230223196 0.0991382818336617 0.15374607133158 0.1756513470988 0.0756082409544508 0.176264480491434 0.189818208322036 0 0.126939109562766 0.0455985058682895 0.161549336197624 0.0806392144485957 0.0604257763340452 0.0507025034870788 0.142096609949174 0.0684444412428881 0.103519102957069 0.077756612140415 0.182113737666118 0.148202865010759 0.145775708396798 0.109133458375677 0.235949891448661 0.0569105455019758 0.212567798031964 0.139016751851231 0.221058882704752 0.129391404575306 0.144000919628115 0.107538819571002 0.0741301183318785 0.116110827253631 0.134119236261203 0.185671773560424
"17" 0.0742191351786123 0.0987293311810927 0.0695963731669205 0.139862837359426 0.0576423089104082 0.116298896835915 0.112590306729911 0.0269641931366286 0.206210317538564 0.0398996883547076 0.0376449756450722 0.0761469473939917 0.0522512246054362 0.0971950901990323 0.143772343098465 0.126939109562766 0 0.172162077926206 0.0473021300312895 0.123384871863757 0.147695423911424 0.0811940150963767 0.10188918646164 0.0731532157266677 0.0543463742039302 0.0943816763080294 0.0702847157005025 0.0863918759001838 0.0980774701638187 0.142435189385924 0.110469615956744 0.141422876585128 0.11229800351534 0.0643792482241831 0.0947072295852346 0.028912047132335 0.160443312132606 0.0353690957713305 0.0993232939126548 0.110828944885098 0.0493772813117992 0.0656596088076899
"18" 0.122502786010979 0.0792724629812721 0.240516971960979 0.189843947178892 0.142409204089938 0.0733476223026504 0.261698853166602 0.199097761953134 0.132260761971229 0.144560933070085 0.199316745129725 0.220167699768799 0.12117122192585 0.218724936149793 0.226372669479488 0.0455985058682895 0.172162077926206 0 0.204657449643066 0.110591019599406 0.0647165179241829 0.0958197103032039 0.181170114762031 0.108739166593652 0.14383280675589 0.116688115865357 0.224258479429438 0.18997141554062 0.178529210305188 0.123741352603276 0.280328060437959 0.076557411337202 0.251617078931598 0.182742391970657 0.266515033543858 0.174893650122811 0.169194470532771 0.150544024953436 0.104680657339564 0.151618958636534 0.175051832421072 0.231238283547103
"19" 0.120647526550859 0.126081496407882 0.044528640543017 0.184561182999809 0.104931554585324 0.158165003883155 0.129213791638185 0.0387118364597106 0.210162100934319 0.086812627564584 0.065419082604669 0.103762093284614 0.093098740234643 0.131181655517383 0.182974051549521 0.161549336197624 0.0473021300312895 0.204657449643066 0 0.169903483261982 0.167219609110929 0.122176543592878 0.14586751946765 0.0967299612016471 0.0638067808812869 0.14097151912638 0.0231280717028543 0.127737234730294 0.0772033682381542 0.144352735746059 0.0781275210062301 0.185069070453304 0.0652949445208513 0.106077747292581 0.0805830390013422 0.0721964771571625 0.207300790043644 0.0541379205532257 0.113310897218208 0.157794787357923 0.0352908635183791 0.0756690553466228
"20" 0.0492602927969721 0.101478007201294 0.188076164318696 0.079261628708277 0.067519960953075 0.0431691009720051 0.170826823894185 0.144378188649999 0.220095183465385 0.0835029156759986 0.130354447048949 0.133262720709652 0.0818911288394683 0.1211069133872 0.11702830236023 0.0806392144485957 0.123384871863757 0.110591019599406 0.169903483261982 0 0.140108628264582 0.0607035193531973 0.0767186608679214 0.11117020738446 0.135086934368282 0.0290036348588268 0.193028215699792 0.092121990199897 0.189469303644195 0.179997041426792 0.22841168735612 0.0366002605996475 0.233043806457833 0.0947796147125131 0.201077910534966 0.107486838966992 0.0636985640535416 0.12675255425172 0.134224464744378 0.043351392703993 0.156991255586376 0.158261756558214
"21" 0.127447303644167 0.0521372908654909 0.208810760002845 0.213420264009631 0.14091954478954 0.097004929369308 0.25379458510345 0.173435975430333 0.0800197242506789 0.134284908908178 0.182193981736687 0.212622215493829 0.107162103990716 0.22015213757148 0.242691604199328 0.0604257763340452 0.147695423911424 0.0647165179241829 0.167219609110929 0.140108628264582 0 0.095253256316811 0.193200157494513 0.0745889078427668 0.103461305807665 0.132070313031391 0.182905169789316 0.194630272077014 0.122927800597866 0.0591803469919676 0.24534502312201 0.116867926430766 0.202362430673145 0.18073409205025 0.240298827820374 0.160905961599048 0.203777484588265 0.116885909303169 0.0543637384837741 0.171724470932324 0.133209096746336 0.212838362941708
"22" 0.032194991825241 0.0464264739510354 0.150772029322418 0.120958786276433 0.0480576970221095 0.0360015848800245 0.166746806611493 0.107221331316115 0.171942421192824 0.0488936046472314 0.104011771862655 0.125019386714893 0.0293124822058167 0.127227248934124 0.147628586905967 0.0507025034870788 0.0811940150963767 0.0958197103032039 0.122176543592878 0.0607035193531973 0.095253256316811 0 0.0979763552919211 0.0504946915279736 0.0763723955204421 0.0405051551963919 0.144549569622708 0.10026123061989 0.129483223705778 0.123378359551959 0.191662622125984 0.0638419625035227 0.180765341912405 0.0889916933224587 0.173028837403924 0.0793341687553095 0.119869813090518 0.0718233347697135 0.0753257403494307 0.0793032351327748 0.101949136242705 0.135840887096672
"23" 0.0658273046341237 0.143490567758903 0.145415859930105 0.0388855831965205 0.0576251963666554 0.107878348670893 0.0983309073124924 0.109401443852478 0.26927356902423 0.0739919227702696 0.0852658875996927 0.0677187929332864 0.0951659913517349 0.0467053555091069 0.0499613988783518 0.142096609949174 0.10188918646164 0.181170114762031 0.14586751946765 0.0767186608679214 0.193200157494513 0.0979763552919211 0 0.136551205679715 0.142307984994005 0.0647109685225177 0.167005954534933 0.0223966181064316 0.195424788224639 0.21584640433426 0.180971094510732 0.112762404401626 0.210554121450071 0.0405067605939751 0.145799195178725 0.0739256384434976 0.0698451680980428 0.125834570044365 0.166398584054505 0.0342629419037428 0.149860250912576 0.102256672752723
"24" 0.0749120315042633 0.0295257447852079 0.1357882789189 0.165818801950306 0.079146150801963 0.0795081188760497 0.181729630349767 0.0988888788121378 0.137667770375253 0.0664428926746483 0.108461814220712 0.14155683708156 0.0414523320112823 0.153644684756073 0.186123539259152 0.0684444412428881 0.0731532157266677 0.108739166593652 0.0967299612016471 0.11117020738446 0.0745889078427668 0.0504946915279736 0.136551205679715 0 0.0352751334519723 0.089400534159777 0.115593614894359 0.131821617734848 0.0811666610799375 0.0794771481726048 0.173985716073959 0.108621483723713 0.144168109602608 0.114194252893514 0.16606000055585 0.0888332048467321 0.169406268337839 0.0434685049090693 0.0303177939674807 0.125541018161964 0.0663574973220902 0.138540674909952
"25" 0.0908164753579857 0.0645666863474626 0.105798184963298 0.176505192993893 0.0862984502553829 0.110089640471865 0.166888189958896 0.0751980247884674 0.153174998630142 0.0683729266195041 0.0919706655328267 0.130039437471351 0.0541601642835033 0.148409108373017 0.189382877419532 0.103519102957069 0.0543463742039302 0.14383280675589 0.0638067808812869 0.135086934368282 0.103461305807665 0.0763723955204421 0.142307984994005 0.0352751334519723 0 0.109229163676613 0.0810323576203594 0.132112741722146 0.0553526178604885 0.0884757231571443 0.141906826164151 0.139119698470774 0.109070907461801 0.111435136860919 0.138881286533899 0.0789701316096543 0.187332414440658 0.0191144013901217 0.049988386443223 0.139653031127294 0.0312668970186648 0.118164503952554
"26" 0.0203549277991978 0.0863312179770211 0.159531232249789 0.081513708391266 0.0390902954507531 0.0433457506077264 0.150110832741751 0.115644255218695 0.210641293261644 0.0545003399704083 0.102875028431332 0.110404504029562 0.055148233478509 0.103333578471664 0.112100340489195 0.077756612140415 0.0943816763080294 0.116688115865357 0.14097151912638 0.0290036348588268 0.132070313031391 0.0405051551963919 0.0647109685225177 0.089400534159777 0.109229163676613 0 0.164099347799898 0.0740990119166462 0.164341971373035 0.163872822639831 0.200066210285862 0.0547554602945328 0.204400350186132 0.0713782980485127 0.174011993116301 0.0793127106132803 0.0800074008435194 0.0992783668001697 0.115712483330342 0.0397078529036745 0.129227971290867 0.131977269018127
"27" 0.143773817184662 0.145119286680709 0.0440200400914891 0.20584937949071 0.12792416840623 0.180548572645881 0.139861086735302 0.0578937788508219 0.218826274937195 0.10991776257913 0.0839695772803087 0.119778433814303 0.11567453667666 0.148648421984465 0.201820201509142 0.182113737666118 0.0702847157005025 0.224258479429438 0.0231280717028543 0.193028215699792 0.182905169789316 0.144549569622708 0.167005954534933 0.115593614894359 0.0810323576203594 0.164099347799898 0 0.147998261876481 0.0792771556656019 0.153671223011633 0.065936369440731 0.207760996202835 0.0435837621502366 0.12676721426095 0.0800289504872729 0.0940056156725586 0.229741733709937 0.0747225590559036 0.128544723538666 0.180359062124429 0.0499802471495943 0.0872859695841177
"28" 0.0688406703104406 0.143262165704595 0.124002645484313 0.0597276204734039 0.0539665322893443 0.117014455665252 0.0790171528877457 0.0901059283251779 0.267904513810758 0.0658679934019937 0.0647820625485339 0.0455628799209 0.0907736744804141 0.0293358670408421 0.0576833392053233 0.148202865010759 0.0863918759001838 0.18997141554062 0.127737234730294 0.092121990199897 0.194630272077014 0.10026123061989 0.0223966181064316 0.131821617734848 0.132112741722146 0.0740990119166462 0.147998261876481 0 0.182982639844518 0.211147056771044 0.158853390414421 0.126577345895523 0.191566895951854 0.0220470806004425 0.123408434962384 0.0575245120653704 0.0922387097633935 0.11435462162595 0.16212713843232 0.0529749145301456 0.135548301838361 0.0799282659369306
"29" 0.146156435423182 0.104604130653102 0.1200624742505 0.23085159551241 0.140885108111141 0.160647707008243 0.20360724758223 0.108428988330214 0.141931672759473 0.122294522931882 0.132185076983816 0.172301254583193 0.10943402623714 0.195224990115406 0.240665775451403 0.145775708396798 0.0980774701638187 0.178529210305188 0.0772033682381542 0.189469303644195 0.122927800597866 0.129483223705778 0.195424788224639 0.0811666610799375 0.0553526178604885 0.164341971373035 0.0792771556656019 0.182982639844518 0 0.0792512516576022 0.144659779088665 0.189781964235959 0.0826304543905092 0.161356633488478 0.156770550038813 0.126501540581992 0.242683958215941 0.0696677508052299 0.0738809005730916 0.194835423613901 0.0496100962425624 0.150675032890435
"30" 0.152491223062932 0.0785590152985659 0.188826033386412 0.243546027328874 0.158596583827771 0.139715559527286 0.254968608380722 0.163397585352414 0.0658280209119147 0.145434340434374 0.180041678262533 0.216866356928933 0.120910208285451 0.231900329530312 0.265541560780882 0.109133458375677 0.142435189385924 0.123741352603276 0.144352735746059 0.179997041426792 0.0591803469919676 0.123378359551959 0.21584640433426 0.0794771481726048 0.0884757231571443 0.163872822639831 0.153671223011633 0.211147056771044 0.0792512516576022 0 0.219485753145763 0.164985381223507 0.161836642819951 0.192859560769574 0.224150961359415 0.1643876716964 0.242350852913942 0.107107270647532 0.0494535920249524 0.202317916602318 0.109357992885246 0.20659700350418
"31" 0.181130465836919 0.202935450616765 0.0410078764634785 0.218214373434362 0.161004803161943 0.226606504155541 0.115809282055097 0.0852030329419253 0.284750961298799 0.147323415147898 0.0992354284960278 0.117054300884707 0.162613419963397 0.146938269872475 0.2012889214978 0.235949891448661 0.110469615956744 0.280328060437959 0.0781275210062301 0.22841168735612 0.24534502312201 0.191662622125984 0.180971094510732 0.173985716073959 0.141906826164151 0.200066210285862 0.065936369440731 0.158853390414421 0.144659779088665 0.219485753145763 0 0.250758038944253 0.0798397118058358 0.142378563089343 0.0407592376526404 0.12092816854979 0.250114355651675 0.13062150446959 0.19139743691906 0.204269207617166 0.112767873447791 0.0794429981940116
"32" 0.0705452129451456 0.0899044529071197 0.209795821873937 0.11480583320876 0.092009275391455 0.0291750511612437 0.204246247541824 0.165561938891888 0.196072656326552 0.103462356177726 0.156060961415753 0.165056024968733 0.0921072885945889 0.155865466975707 0.153487217602756 0.0569105455019758 0.141422876585128 0.076557411337202 0.185069070453304 0.0366002605996475 0.116867926430766 0.0638419625035227 0.112762404401626 0.108621483723713 0.139119698470774 0.0547554602945328 0.207760996202835 0.126577345895523 0.189781964235959 0.164985381223507 0.250758038944253 0 0.244599075277003 0.126037218426372 0.227272120870346 0.131676429115497 0.0927290407422345 0.135665296273318 0.124727444915851 0.0798928017712247 0.165747901328953 0.186078485967336
"33" 0.184063803858374 0.172880096404361 0.079003007320187 0.249378452175745 0.169678951876744 0.216366011733928 0.177865446070898 0.10146188105642 0.223095993558613 0.151084318789991 0.127352395538659 0.161933736986622 0.153055947115676 0.191357715822967 0.24500054403497 0.212567798031964 0.11229800351534 0.251617078931598 0.0652949445208513 0.233043806457833 0.202362430673145 0.180765341912405 0.210554121450071 0.144168109602608 0.109070907461801 0.204400350186132 0.0435837621502366 0.191566895951854 0.0826304543905092 0.161836642819951 0.0798397118058358 0.244599075277003 0 0.17034805930378 0.109451222358537 0.137304033135946 0.272577518792535 0.10896225383551 0.149384262019408 0.223036963322056 0.079317390436343 0.127382939086745
"34" 0.0603308520467061 0.1287116765449 0.105509467866431 0.0793690040163552 0.0409346469929388 0.111641940929455 0.0793691573689455 0.0690007124680741 0.251490758516011 0.0477909570494512 0.0449025846254533 0.0390274970636795 0.0743474866925367 0.0396485051936191 0.0794705158866113 0.139016751851231 0.0643792482241831 0.182742391970657 0.106077747292581 0.0947796147125131 0.18073409205025 0.0889916933224587 0.0405067605939751 0.114194252893514 0.111435136860919 0.0713782980485127 0.12676721426095 0.0220470806004425 0.161356633488478 0.192859560769574 0.142378563089343 0.126037218426372 0.17034805930378 0 0.109620297838417 0.0354890198113168 0.107886877829336 0.0932673691011162 0.144442102296614 0.0625739171986378 0.113610998433616 0.0657243704643596
"35" 0.156727264209252 0.193077833652275 0.0367313876792259 0.181629956293377 0.135370896740578 0.205854833722579 0.0751124602325665 0.0678069373612314 0.289950170735399 0.125211390692742 0.0712383649149433 0.0793291375391179 0.145528510619038 0.108252114431711 0.161870422822426 0.221058882704752 0.0947072295852346 0.266515033543858 0.0805830390013422 0.201077910534966 0.240298827820374 0.173028837403924 0.145799195178725 0.16606000055585 0.138881286533899 0.174011993116301 0.0800289504872729 0.123408434962384 0.156770550038813 0.224150961359415 0.0407592376526404 0.227272120870346 0.109451222358537 0.109620297838417 0 0.0956838367847249 0.215606416200051 0.123495125215651 0.188576325956608 0.172188425088498 0.11486549562841 0.0439344352277226
"36" 0.0611650224692956 0.109292884451495 0.0808039977693885 0.112442480787768 0.0402336774049834 0.110481182213103 0.0930594831549264 0.0383191921128965 0.225986893552638 0.0304504930482064 0.0248721498903129 0.0528156419147717 0.0551963769822864 0.0695847499738532 0.114861344879094 0.129391404575306 0.028912047132335 0.174893650122811 0.0721964771571625 0.107486838966992 0.160905961599048 0.0793341687553095 0.0739256384434976 0.0888332048467321 0.0789701316096543 0.0793127106132803 0.0940056156725586 0.0575245120653704 0.126501540581992 0.1643876716964 0.12092816854979 0.131676429115497 0.137304033135946 0.0354890198113168 0.0956838367847249 0 0.136059521523445 0.0600855205310027 0.117972468558423 0.0871265720719715 0.078240444265275 0.0565230959849594
"37" 0.0966190933819141 0.163877474420851 0.213240519910477 0.0399099620785659 0.104367368426058 0.106779827192396 0.16404191824938 0.174011949050512 0.28377985398367 0.123647546355257 0.152368446306195 0.137388196812752 0.133433947735431 0.113150406710548 0.0804874079367226 0.144000919628115 0.160443312132606 0.169194470532771 0.207300790043644 0.0636985640535416 0.203777484588265 0.119869813090518 0.0698451680980428 0.169406268337839 0.187332414440658 0.0800074008435194 0.229741733709937 0.0922387097633935 0.242683958215941 0.242350852913942 0.250114355651675 0.0927290407422345 0.272577518792535 0.107886877829336 0.215606416200051 0.136059521523445 0 0.174931301277623 0.195136464146218 0.0496475985835848 0.203336016238455 0.171941008367481
"38" 0.0796657668649509 0.0723358189671684 0.0923637301747149 0.161254521008928 0.0715968076802726 0.107428258109906 0.147959396019594 0.0577455745055977 0.171241085367358 0.0527257877722312 0.0730133321928563 0.110925091132784 0.0450010928719117 0.129636328737998 0.171896308889985 0.107538819571002 0.0353690957713305 0.150544024953436 0.0541379205532257 0.12675255425172 0.116885909303169 0.0718233347697135 0.125834570044365 0.0434685049090693 0.0191144013901217 0.0992783668001697 0.0747225590559036 0.11435462162595 0.0696677508052299 0.107107270647532 0.13062150446959 0.135665296273318 0.10896225383551 0.0932673691011162 0.123495125215651 0.0600855205310027 0.174931301277623 0 0.0655857121349891 0.126193497846411 0.0303947937316463 0.0999949029924425
"39" 0.103302316126893 0.0348406246948101 0.155786079368272 0.194438372838155 0.109228886720584 0.0969907754302887 0.210311228798243 0.123302786553575 0.108014980785862 0.0967302311114529 0.136083344946014 0.170787151374926 0.071579980358578 0.183819477552645 0.216125036435005 0.0741301183318785 0.0993232939126548 0.104680657339564 0.113310897218208 0.134224464744378 0.0543637384837741 0.0753257403494307 0.166398584054505 0.0303177939674807 0.049988386443223 0.115712483330342 0.128544723538666 0.16212713843232 0.0738809005730916 0.0494535920249524 0.19139743691906 0.124727444915851 0.149384262019408 0.144442102296614 0.188576325956608 0.117972468558423 0.195136464146218 0.0655857121349891 0 0.153479635471781 0.0789314956987 0.164924473927505
"40" 0.0506642939121706 0.125620191575883 0.166027124744178 0.0418234164674913 0.0549698487124543 0.0795495203217585 0.131653359098364 0.12536146302254 0.250332470423897 0.0742594718879187 0.105281243098643 0.0976233701693355 0.0867374570402155 0.080450129262741 0.0747537593170955 0.116110827253631 0.110828944885098 0.151618958636534 0.157794787357923 0.043351392703993 0.171724470932324 0.0793032351327748 0.0342629419037428 0.125541018161964 0.139653031127294 0.0397078529036745 0.180359062124429 0.0529749145301456 0.194835423613901 0.202317916602318 0.204269207617166 0.0798928017712247 0.223036963322056 0.0625739171986378 0.172188425088498 0.0871265720719715 0.0496475985835848 0.126193497846411 0.153479635471781 0 0.154050590943562 0.128274263205906
"41" 0.109335545971092 0.0957797952841545 0.079535960465438 0.186869299066893 0.0990807509069236 0.137253640042665 0.154667385617277 0.059336302772621 0.1751848319406 0.0797944738281733 0.0825758442544592 0.122691852081833 0.0753736030952484 0.146041454251485 0.193070518683329 0.134119236261203 0.0493772813117992 0.175051832421072 0.0352908635183791 0.156991255586376 0.133209096746336 0.101949136242705 0.149860250912576 0.0663574973220902 0.0312668970186648 0.129227971290867 0.0499802471495943 0.135548301838361 0.0496100962425624 0.109357992885246 0.112767873447791 0.165747901328953 0.079317390436343 0.113610998433616 0.11486549562841 0.078240444265275 0.203336016238455 0.0303947937316463 0.0789314956987 0.154050590943562 0 0.102378472017863
"42" 0.11586886400899 0.162626979987171 0.0498519839032395 0.138899989948869 0.0941930008436682 0.166516092612508 0.0535450908488506 0.0435477371919634 0.271207235229974 0.0869722905993904 0.0319275361047552 0.0379464843483627 0.110599185347794 0.0682674888461961 0.123088238887819 0.185671773560424 0.0656596088076899 0.231238283547103 0.0756690553466228 0.158261756558214 0.212838362941708 0.135840887096672 0.102256672752723 0.138540674909952 0.118164503952554 0.131977269018127 0.0872859695841177 0.0799282659369306 0.150675032890435 0.20659700350418 0.0794429981940116 0.186078485967336 0.127382939086745 0.0657243704643596 0.0439344352277226 0.0565230959849594 0.171941008367481 0.0999949029924425 0.164924473927505 0.128274263205906 0.102378472017863 0
