"V1" "V2" "V3" "V4" "V5" "V6" "V7" "V8" "V9" "V10" "V11" "V12" "V13" "V14" "V15" "V16" "V17" "V18" "V19" "V20" "V21" "V22" "V23" "V24" "V25" "V26" "V27" "V28" "V29" "V30" "V31" "V32" "V33" "V34" "V35" "V36" "V37" "V38" "V39" "V40" "V41" "V42" "V43" "V44" "V45" "V46" "V47" "V48" "V49" "V50" "V51" "V52" "V53" "V54" "V55" "V56" "V57" "V58" "V59" "V60" "V61" "V62" "V63" "V64" "V65" "V66" "V67" "V68" "V69" "V70" "V71" "V72" "V73" "V74" "V75" "V76" "V77" "V78" "V79" "V80" "V81" "V82" "V83" "V84"
"1" 0 0.740477622753089 0.222569142170155 0.496375427598792 0.0579476429743389 0.17526550632337 0.379751067938525 0.132918806646492 0.387828970231098 0.255366167604617 0.271773482170202 0.546173474210394 0.568176433825723 0.0804489626811514 0.667163236655553 0.393689475272012 0.0829732503103925 0.395108398014421 0.342939088727646 0.279279568896506 0.202550890936987 0.656974215360102 0.187224877870593 0.183747029799649 0.15906433042522 0.212641715078963 0.27095684942609 0.48356892739132 0.111888727072845 0.277099405271259 0.415465946104277 0.614903873513135 0.151437890958314 0.312741207985017 0.0961357597519604 0.528450521095077 0.80847543655534 0.203039996216079 0.590157569518656 0.123701361499392 0.149030085749148 0.465900580625532 0.478022843709023 0.567968685402967 0.148169246367296 0.526754524137456 0.337901223750471 0.29864709376131 0.712093527953502 0.209028054495291 0.297107597156644 0.584798184496858 0.380820624425175 0.200880898918013 0.56027568921691 0.336211348626604 0.680550405881606 0.539698550314611 0.325446389231627 0.406081936440076 0.286431018562403 0.543254794337526 0.438317063508396 0.265783104978885 0.298977358644293 0.277181585002837 0.299265407338792 0.395627503721341 0.293708474131079 0.49161941662333 0.435404502918939 0.512689196066273 0.463767982053997 0.367585509472137 0.392229721353086 0.395542841640039 0.554343209394209 0.514734161215976 0.690513123485351 0.211698083037952 0.354421814473817 0.351035986016023 0.423728073032848 0.639678973607804
"2" 0.740477622753089 0 0.589080777416279 0.316090696963006 0.701872355548651 0.629103442095509 0.533291369977973 0.618881774710791 0.392108600477375 0.485410729016393 0.542264280507817 0.394224015646856 0.29336365579671 0.783397034118564 0.0924119150322387 0.659638322726257 0.722507214387955 0.369883119570642 0.407239187800931 0.472301099064823 0.853153957478795 0.14712055449278 0.598905800589243 0.924185768149049 0.581417534919577 0.53055991904705 0.554961805274124 0.32530223433013 0.826319587918877 0.950582104582453 0.691115346705889 0.203015865757367 0.797072426986569 0.433010950984911 0.646293020504868 0.639692829248343 0.18578114013663 0.673588769853267 0.321084133288314 0.640523131784389 0.740954788178987 0.275882657415843 0.267611021192022 0.506318464302694 0.680421916195877 0.250822369660826 0.447511861268968 0.490520900786255 0.261446737287769 0.56965689187951 0.763399051389101 0.17286822048719 0.826184077085036 0.543955982857196 0.180226258316381 0.48398976810469 0.250206928698951 0.836232199263474 0.508225841793574 0.335688588316031 0.682784849973577 0.625371060896638 0.326705723396806 0.617650195741217 0.459527315028779 0.847052130004711 0.572167591379923 0.415066718508862 0.593509559382176 0.482053637201118 0.48814632876567 0.397381199671588 0.405924326748349 0.374963962613104 0.445247093992866 0.608528045188472 0.212937395636556 0.33173167914496 0.35544481483245 0.737571877272184 0.386085869939054 0.703016336457174 0.498955614839515 0.467002956054854
"3" 0.222569142170155 0.589080777416279 0 0.300300614918758 0.165061647378218 0.272370606359094 0.419352844580446 0.198792720156816 0.199823103398296 0.17664352732426 0.0537823985358323 0.521219845568131 0.501840087505337 0.222027546930853 0.53365131919748 0.205506519895387 0.268153342886675 0.321782230192186 0.188320967184905 0.230749498435278 0.265268523586265 0.478686186007771 0.0389196663348249 0.383073417115186 0.143739920785958 0.177971635318732 0.316194172164158 0.417851306448791 0.334405571816083 0.362288126396835 0.526034836210014 0.516584991408373 0.35922128139998 0.234649496823674 0.146940430717636 0.322686171083971 0.698563518313383 0.334685510058396 0.380631331162952 0.101085880306446 0.154898961356002 0.339243467081264 0.323456694664067 0.586141356548333 0.0981009828339299 0.429322243182687 0.308846612941946 0.0994268359398877 0.508363226115539 0.249861887795886 0.200856877931322 0.46257942984604 0.286603849990622 0.112372550047037 0.417618236562222 0.338814325583838 0.601598682476827 0.394052335743178 0.106281486915957 0.266063164252817 0.412684598515272 0.609051038689957 0.263199329111282 0.0681725970875517 0.134879070309313 0.263619322254054 0.0800314815070999 0.363163934445722 0.368449969302814 0.269062075764951 0.452038660792215 0.295811743380099 0.439728693837676 0.261723400575334 0.17825470609666 0.472518752527573 0.381764306817814 0.459376375734061 0.644899456322609 0.150786769735429 0.23267655849451 0.192116391917894 0.201161590065822 0.636467373762813
"4" 0.496375427598792 0.316090696963006 0.300300614918758 0 0.445760241177776 0.44861392425889 0.465574753424887 0.405019928861506 0.108663546558253 0.274630879029218 0.2476324178759 0.445830755089441 0.371651295720166 0.517227157370624 0.291224900018397 0.343667594586102 0.508097466433936 0.272054127632324 0.16655657912734 0.298422301045751 0.562963209943325 0.184410748590268 0.321737833687389 0.673708667975156 0.34944373650748 0.321281846480729 0.419298166494838 0.321389676036579 0.600623378622924 0.658509501989196 0.623394582054557 0.332371444488697 0.59748358065258 0.260376732483466 0.401478775224879 0.340228880393437 0.467539775807584 0.510210194028801 0.108211503597704 0.377609978416768 0.45483519224255 0.183444592476954 0.120388679686382 0.55262033578048 0.398061709343754 0.276113086959089 0.33122407794287 0.203428502852973 0.216318311584862 0.393351977861465 0.452710414285185 0.254691355562645 0.511004364470751 0.299478500618461 0.188248368215577 0.38062311080264 0.427531145954279 0.525804912746143 0.203153956481908 0.15411510233177 0.556847070278779 0.632941006272247 0.0787911091781199 0.312798538451763 0.198794572945093 0.542357252448232 0.264531207912244 0.344960502052934 0.47565126747241 0.179660421321282 0.456841402860089 0.103053447700158 0.394892973768969 0.215813144859208 0.133036048271869 0.544289728251938 0.106782846596278 0.360890607706355 0.510468500431626 0.438502393090752 0.195925802355168 0.38764411815398 0.183633428498937 0.562846049925214
"5" 0.0579476429743389 0.701872355548651 0.165061647378218 0.445760241177776 0 0.18614415312579 0.384151668196286 0.123691893930641 0.337828515016237 0.221508611628703 0.215209203354452 0.536945109917602 0.548737779149077 0.0843918581691558 0.632398854544459 0.33839145526713 0.123191260333628 0.370113276466575 0.298335358238712 0.254698030089976 0.191657909618082 0.611408721335806 0.13071621928574 0.228304301681718 0.126057332958401 0.184904756151935 0.272199486010642 0.462771976665676 0.169746448666369 0.279320340150036 0.441553190955118 0.58817325516897 0.204811801322876 0.283103852641971 0.0596351114159377 0.471730898073844 0.780536645558614 0.229145817475201 0.536763443186005 0.0686394361891209 0.1092473028605 0.430233189209364 0.436311002949463 0.570507711740351 0.0930837173756559 0.499017074060117 0.321777600969375 0.245142976782405 0.660457187191439 0.203711578754401 0.25284807890718 0.55193419097564 0.340262536348293 0.157954816284274 0.522313719685525 0.328538258519887 0.659333765391977 0.492331195604353 0.268975307061732 0.366191812491672 0.314288623994 0.558495236504901 0.39162579117936 0.208291763467144 0.251063597983539 0.249888542083854 0.241328772990444 0.380896097891725 0.305313164798906 0.434096015687829 0.434959973256773 0.457230294537589 0.453138070853842 0.334040299446159 0.337137372272602 0.411240377640813 0.509439845253071 0.497153501247454 0.677851007212189 0.167164347211776 0.316914286656217 0.298802996863624 0.366182167155827 0.637474146423354
"6" 0.17526550632337 0.629103442095509 0.272370606359094 0.44861392425889 0.18614415312579 0 0.204614605219359 0.0750833335907419 0.347076449800128 0.174057918750729 0.298026337995607 0.378281180739236 0.414236679888577 0.253761382092815 0.545891824964697 0.477152012164941 0.110571026385448 0.261048081027439 0.282185115963209 0.160957392939314 0.373489117160782 0.574814986689065 0.23550636402617 0.329991663191372 0.130040281586489 0.129092961086496 0.0988487753951697 0.334762766534497 0.21170932384276 0.452287886233161 0.260659138116301 0.474412185635741 0.168327698118431 0.202589660283677 0.145113359283913 0.592396670458889 0.66685675660683 0.0654103374237579 0.554812591355769 0.192868433221598 0.293520836794963 0.356822824985404 0.38961073026063 0.392861492414822 0.258513792408878 0.391627555263344 0.188443570854557 0.293771767516335 0.659623170131987 0.0599420506723173 0.428021000936334 0.460839201121581 0.518136175771272 0.176060592718034 0.453135166365863 0.171704418715195 0.527583978726984 0.656082730117308 0.34137949659103 0.317296231947828 0.140584942932603 0.372461525072431 0.374875667918913 0.338080352786072 0.262196532287131 0.435920109232963 0.348431999157292 0.239365952690691 0.119741018307812 0.507634851265392 0.261674970024616 0.499273477167048 0.298867681211078 0.261238968867417 0.385733761603364 0.225096793952335 0.474082528340282 0.358929637231721 0.52494289941256 0.345298838237364 0.263536625898007 0.454129592597751 0.445207914426715 0.465913408888807
"7" 0.379751067938525 0.533291369977973 0.419352844580446 0.465574753424887 0.384151668196286 0.204614605219359 0 0.261077702455322 0.394718014393638 0.252101967307298 0.422145740809627 0.192455562886047 0.260795484738399 0.457331009334353 0.44147729701074 0.618118355144714 0.31144880815584 0.197271526921907 0.327125995523444 0.199178004375759 0.575045389210016 0.527813003546294 0.391131537789844 0.526320759523997 0.287024287019228 0.241454080057092 0.112205822792866 0.207989877052914 0.403176484060815 0.656501110943778 0.163915706543092 0.342709811995017 0.339348827199756 0.220254696118799 0.332883205480963 0.707921370213458 0.519191885864089 0.200574705602495 0.571370699441811 0.371235425345382 0.485721301841251 0.306020846911727 0.363590356006372 0.188247181169607 0.44020288578534 0.283251444130493 0.136766076198943 0.39314778343801 0.644196368172348 0.182689117663934 0.605436116698527 0.362139800593192 0.695844983225124 0.306980418200786 0.384679165917708 0.08938458464752 0.366509884893493 0.812969388449587 0.446939510855398 0.311460718551797 0.164758316058239 0.190333197714685 0.387490532416972 0.487080638384022 0.341744223949816 0.629717590463091 0.479386494594979 0.127818975547862 0.0929940661473468 0.586135299626082 0.0633344413133114 0.548177817362605 0.133024828551424 0.250654098458354 0.460954026178181 0.0806244156170068 0.443359520672524 0.20885613623827 0.338238012307992 0.529159173267082 0.276106114151101 0.61146736037917 0.537231397749469 0.263160638406156
"8" 0.132918806646492 0.618881774710791 0.198792720156816 0.405019928861506 0.123691893930641 0.0750833335907419 0.261077702455322 0 0.298608611109504 0.137293646953173 0.22852098334598 0.415728372513499 0.435265858220917 0.202062139243298 0.541501553953944 0.402742530656693 0.10574191659851 0.263938082957896 0.240244135029697 0.149314125305418 0.315322463274871 0.548224902317551 0.161235949291184 0.310491687310775 0.0613878966495213 0.0894931952250539 0.148902348794838 0.350818176917733 0.207628973558003 0.401097150546162 0.335056521773456 0.483662866976345 0.192507522584884 0.186210879547618 0.0730863211168983 0.520509600020218 0.677435367869116 0.135893390585091 0.507768998962224 0.11842587851714 0.225470297620348 0.34300030654561 0.36418873695009 0.446867224839414 0.185468042261758 0.396309443564605 0.205008361883897 0.231444959972592 0.620210970712311 0.0800815296810769 0.354802911684867 0.457782899106529 0.445243101673219 0.112566282327009 0.439192648460322 0.206150645755553 0.547726902700432 0.581072676412704 0.275185975974999 0.290715253133186 0.215449746072892 0.439615163417004 0.336723523881292 0.263591560489492 0.209193556567643 0.369316876675083 0.276350081816392 0.262981398374684 0.186857304886434 0.444213082885297 0.311276996515724 0.444025432500576 0.3325283137755 0.243931388230532 0.326459471000386 0.294060558229266 0.445563883537256 0.381845837331132 0.558764775927683 0.273489373626711 0.236730226022865 0.379047991312743 0.379696438241244 0.514075079227742
"9" 0.387828970231098 0.392108600477375 0.199823103398296 0.108663546558253 0.337828515016237 0.347076449800128 0.394718014393638 0.298608611109504 0 0.174001851328554 0.150534777249029 0.417975117065907 0.364928123084463 0.411150100622674 0.34517827756753 0.294123267000322 0.400471952192653 0.218999347853025 0.0695275036998399 0.207932083867191 0.465060623973062 0.279221275214392 0.216652909012506 0.566043456439571 0.24165370154983 0.218161043599695 0.330589382233797 0.295112615260877 0.492033859660686 0.561924075145988 0.543686079729639 0.352092241565687 0.490650268538048 0.176084247411484 0.292818442073994 0.335223347772024 0.517548308774059 0.410505645985903 0.209208949279171 0.270058937708357 0.354409450622465 0.173637981450194 0.134856964839596 0.512435563493851 0.295618177353492 0.275211002038113 0.25807341495342 0.100425365093762 0.324897708184732 0.294859739516013 0.373792522890794 0.284857483654323 0.443658765488754 0.191145123738151 0.229367193858682 0.30582616526239 0.445222619293289 0.491757248162976 0.118791745841983 0.107439904419294 0.464292339611664 0.575135651874312 0.0658988455731236 0.226113677331797 0.0904406825200387 0.454960704410017 0.18265884723888 0.287546978554774 0.388720730518362 0.193815991307248 0.398915707511348 0.156916450101514 0.35170785520961 0.1501889939092 0.0777564213591508 0.469249171374968 0.182199879768522 0.338474607713729 0.511122712458187 0.345845517172076 0.119906058244577 0.323574249759383 0.157791362918533 0.538606098817605
"10" 0.255366167604617 0.485410729016393 0.17664352732426 0.274630879029218 0.221508611628703 0.174057918750729 0.252101967307298 0.137293646953173 0.174001851328554 0 0.170741670922225 0.345906460567798 0.336760871549505 0.305599706962572 0.412142370960405 0.367131189172461 0.243033743233325 0.154284821968921 0.108132035271638 0.0548605681536073 0.396956575663806 0.410946826125007 0.158235114400849 0.438906646962737 0.0967405752625138 0.0482470406719098 0.164719785436387 0.250611230421677 0.343873785767121 0.49198132234208 0.382560329013407 0.367952080109769 0.327604041024172 0.0640693297148451 0.163156607811363 0.457429759131486 0.559423537092658 0.236666868762981 0.380798992046879 0.170374530685987 0.288062795310405 0.210546173477694 0.227035623833636 0.410205320438373 0.229741806586797 0.278556248044791 0.132350757551345 0.1423786744776 0.487006154640043 0.120918125544326 0.375294436810799 0.3307061762851 0.462764765697192 0.0734078409306362 0.305190203599564 0.166169011768865 0.443612789639196 0.564599756470702 0.195967799942952 0.153652662057042 0.292234313285634 0.442117775146824 0.202147663767602 0.241385350004315 0.0960328445447171 0.423407733353189 0.228143773116548 0.186854775746988 0.222974301862497 0.34795143274939 0.277700910058021 0.328910301425019 0.263550722242014 0.112768201715254 0.222066881904765 0.316090762369584 0.308343466672948 0.289582835048399 0.475088258584249 0.311911244858933 0.100128655369066 0.365983293938205 0.29190551459542 0.459997645904491
"11" 0.271773482170202 0.542264280507817 0.0537823985358323 0.2476324178759 0.215209203354452 0.298026337995607 0.422145740809627 0.22852098334598 0.150534777249029 0.170741670922225 0 0.504629362323436 0.475551943764157 0.275601882461681 0.490999312637295 0.196393574850265 0.309787368108433 0.300595709921914 0.151614159715862 0.225308235236732 0.315889467160759 0.427750839232204 0.0845701864057139 0.436294442054794 0.168391738383465 0.186418725666409 0.326466515310737 0.394193495267679 0.383035405665295 0.412210044925833 0.542040686764148 0.482230822544679 0.402059813184191 0.219536352521175 0.188654420579758 0.295562120898521 0.659318108675283 0.362593856163 0.326877048613192 0.14824194772855 0.207236907634297 0.302296932759913 0.279562269667197 0.578491095393345 0.151745825896759 0.397160368456391 0.300829132655074 0.0530250223019155 0.454614092079324 0.265774999840069 0.230676264020174 0.423549836764347 0.309535472576413 0.12405705343046 0.374587793180139 0.336910266007036 0.570379714184279 0.394846898010754 0.0537701985902125 0.228521863119784 0.435806147020005 0.612422889080389 0.215558708758952 0.0820142162446922 0.101828464045683 0.30546584164144 0.0574045595339757 0.350663691986562 0.382084324701568 0.221814853732976 0.447889808915112 0.242891413494702 0.425915606171256 0.235126916527829 0.124548361165548 0.482146340123665 0.332629596489714 0.436980684359207 0.620833373323498 0.19535882664743 0.203429171061065 0.200399542405816 0.154663129322357 0.622651034510128
"12" 0.546173474210394 0.394224015646856 0.521219845568131 0.445830755089441 0.536945109917602 0.378281180739236 0.192455562886047 0.415728372513499 0.417975117065907 0.345906460567798 0.504629362323436 0 0.101446419288332 0.617730292985117 0.303924235259716 0.694690861189349 0.488827804195548 0.205398488376172 0.367014917318065 0.294773860550384 0.727035859618571 0.436349529556461 0.503979837066314 0.707916802552172 0.419184021114924 0.36133218021301 0.279514448661643 0.125080239974736 0.587146758625223 0.816149546817918 0.317914646862802 0.191239617334386 0.52848332531864 0.286814202776216 0.479176231621356 0.75316350650557 0.338013035878862 0.388783324996166 0.535542044462441 0.505330417861467 0.625389838587367 0.262420786243419 0.32577822871705 0.116290343979006 0.570935395032688 0.180184926578665 0.218362648375103 0.460554134012515 0.570545246907112 0.337204577355483 0.721087363561288 0.245245042341042 0.807820444558598 0.417554700778911 0.296257225059028 0.209979310751537 0.182231502309694 0.89587710494307 0.509859112983465 0.311542044035532 0.356419254934174 0.231148629861968 0.380679845877402 0.582700072680554 0.405429055688424 0.765883774262539 0.559750484102505 0.159909032249181 0.28258871943494 0.606516599330108 0.129650606795956 0.545589756862586 0.084136857316524 0.274871209550581 0.495210484304847 0.244362267200437 0.381438413149453 0.0853647190056392 0.147427424132579 0.656347206087577 0.308205111133278 0.704981399175013 0.575633602729146 0.120687014569947
"13" 0.568176433825723 0.29336365579671 0.501840087505337 0.371651295720166 0.548737779149077 0.414236679888577 0.260795484738399 0.435265858220917 0.364928123084463 0.336760871549505 0.475551943764157 0.101446419288332 0 0.632517322657447 0.202576189708799 0.654814060457492 0.522769501271833 0.182560850425646 0.32699310785518 0.294510274095389 0.732460811130613 0.338948941932672 0.491835355941467 0.741364535656784 0.424154706852902 0.364579448384138 0.320237298412545 0.0863667826511112 0.625858171709636 0.825966695922995 0.40646897089637 0.0904763542808606 0.57644507609812 0.272844383288594 0.489188855207862 0.696572977595119 0.259384214027922 0.4390251600571 0.451897061278758 0.5059937917794 0.62473559136001 0.194297148969859 0.252266398940377 0.216502534339783 0.566416107650359 0.0955415490877896 0.230538307739964 0.426354184513556 0.475213940454218 0.363311969208914 0.702258889020354 0.14688664316911 0.784764893808391 0.410075190987506 0.204134070727196 0.24377899169835 0.113379676507651 0.854948355404773 0.470303170646881 0.258304885362659 0.423487614940966 0.3322608837216 0.316449699468937 0.556913774967435 0.37372506327342 0.759091031010489 0.526718268870401 0.175030811764198 0.340007067675132 0.542747894292832 0.205353073890097 0.474209240037079 0.127968266524854 0.24082738747827 0.442390922851886 0.327177859867508 0.294154766789436 0.0555734935429507 0.146625267165733 0.646517373895292 0.272128251217802 0.673843971010964 0.521059256999861 0.197839811819622
"14" 0.0804489626811514 0.783397034118564 0.222027546930853 0.517227157370624 0.0843918581691558 0.253761382092815 0.457331009334353 0.202062139243298 0.411150100622674 0.305599706962572 0.275601882461681 0.617730292985117 0.632517322657447 0 0.715518708489956 0.356359837080788 0.162207366387971 0.454433188061731 0.377593619840862 0.338861297393811 0.12219496157943 0.688251938756972 0.195592684620396 0.161881642397345 0.210448561228888 0.26920500107314 0.346947177245976 0.546708774990922 0.151743289672777 0.199576739635423 0.495500518927937 0.672557877590219 0.215070255420605 0.367468743175001 0.143918804977857 0.4957446485236 0.864838416461715 0.283420370894337 0.602333814061106 0.143351239771893 0.0953776857754736 0.513370056731805 0.516727065693373 0.645225116368666 0.126955612744925 0.583383371803943 0.404469095617233 0.313944539098272 0.729059014734822 0.281516803597781 0.237490208771451 0.635627892066808 0.314374448190537 0.239943498637916 0.604425977679014 0.408201937801955 0.743436472252925 0.480612550577574 0.328197070812327 0.447883458385485 0.366427567537468 0.623481413239876 0.468360404623163 0.245422582980048 0.327964975978773 0.201425012613756 0.287845995093354 0.463334743609794 0.373032112057945 0.483659469766841 0.511263176184179 0.517577793376605 0.534337572123071 0.417897166274403 0.400140186128774 0.475719647316476 0.587230130630269 0.580516131811957 0.760026569995253 0.157129577069546 0.39978317345584 0.305093278535195 0.416489178710828 0.71506362239665
"15" 0.667163236655553 0.0924119150322387 0.53365131919748 0.291224900018397 0.632398854544459 0.545891824964697 0.44147729701074 0.541501553953944 0.34517827756753 0.412142370960405 0.490999312637295 0.303924235259716 0.202576189708799 0.715518708489956 0 0.629724518574178 0.643172631732896 0.284965332830673 0.346396527003659 0.392843171529954 0.79355333125427 0.167982017319824 0.538599575699207 0.850145697322308 0.508879810984776 0.45499938049854 0.467679444737472 0.233597971496168 0.747725249811739 0.890923112316159 0.598753258785751 0.113176938834137 0.714217976258097 0.355482246374733 0.575035597896776 0.629519980930999 0.176386221903886 0.587391270723912 0.327336543097433 0.574384233652663 0.681052758196667 0.202175145711918 0.211542303562419 0.417602120103238 0.620079712737725 0.160292507251657 0.361035502315424 0.43808199571571 0.304118009667956 0.487172869121349 0.718698791459126 0.085089779766301 0.788103600580333 0.475736150631595 0.116416094550303 0.395123782284822 0.17776695158511 0.816749340970817 0.46394087734481 0.270189648371015 0.592905108876693 0.534825202830758 0.279726002249403 0.570182204531954 0.39998629138121 0.796057085336089 0.527827919491184 0.325178415282641 0.503960512775039 0.468750224109461 0.39574977351262 0.386212684542997 0.313538757950874 0.299586371188381 0.408915661465574 0.516266983867142 0.184992994908745 0.239365385348314 0.282084199303538 0.684199276820054 0.315750878675634 0.666567932223838 0.47304821593313 0.384134192148964
"16" 0.393689475272012 0.659638322726257 0.205506519895387 0.343667594586102 0.33839145526713 0.477152012164941 0.618118355144714 0.402742530656693 0.294123267000322 0.367131189172461 0.196393574850265 0.694690861189349 0.654814060457492 0.356359837080788 0.629724518574178 0 0.457841789166084 0.489296513193819 0.329286061538658 0.421681870797507 0.322943956169383 0.522297757012737 0.241646126059278 0.50816940273199 0.349237248044892 0.37943676387572 0.519411842029166 0.578446230228422 0.500286888676665 0.39699403143115 0.731375777380589 0.64617578000525 0.54319328847428 0.413744227870882 0.342704950605422 0.140356145651728 0.805384128544069 0.538195574816562 0.369142184350464 0.292356934604327 0.261237662864661 0.46729052578839 0.426266278079826 0.773582754466885 0.245648844929937 0.568231970015899 0.496650353888715 0.234479728894445 0.495354911990441 0.454781063120501 0.154741852855038 0.577219531753938 0.176597570710389 0.314356251391492 0.517484605730373 0.533299995350693 0.739269740804286 0.201216777993668 0.185294021094576 0.397244198514926 0.61769253408087 0.808450346206316 0.354561300071446 0.139155134997759 0.289783468490477 0.256099595467369 0.138989080821601 0.544616348297428 0.573087862421958 0.19829118178865 0.644084969252339 0.274586031543576 0.618583837882303 0.420402959988715 0.221797601590347 0.675788469450129 0.449199914331408 0.622005958059267 0.801432014431792 0.204003262929839 0.387197668718284 0.0644108150045264 0.161194721053353 0.814212225735046
"17" 0.0829732503103925 0.722507214387955 0.268153342886675 0.508097466433936 0.123191260333628 0.110571026385448 0.31144880815584 0.10574191659851 0.400471952192653 0.243033743233325 0.309787368108433 0.488827804195548 0.522769501271833 0.162207366387971 0.643172631732896 0.457841789166084 0 0.361227128920514 0.344868630598172 0.25051031408312 0.284268464255171 0.653965605398337 0.229503917379943 0.219551508297809 0.158821390862893 0.19512665297824 0.209329261457202 0.441426538273726 0.104847992289599 0.353004011475255 0.33340874533657 0.578919467447354 0.0925642937841683 0.289547644917396 0.121540412068122 0.587238360005794 0.772343836050059 0.1227038728357 0.608847081856549 0.168412657627594 0.228349260689673 0.446877397873551 0.4698530279064 0.498914765898635 0.215047284415436 0.493642005491191 0.293920456694191 0.32423216503778 0.723995118712072 0.160232125582541 0.375028986002669 0.558740161802738 0.460892328528287 0.209946937235895 0.543397252555534 0.281758785567608 0.636133330504329 0.615476399873898 0.361213757663497 0.3963603633594 0.204352478598569 0.465340465891845 0.44160854020926 0.32281778756062 0.310143805818674 0.360086010909343 0.348099749094603 0.347760609868686 0.221148881582726 0.531236318176856 0.370626450531198 0.540116651346056 0.409299190379129 0.348071296232801 0.420309833059117 0.318329147184427 0.551289780021863 0.467774769196408 0.635509546406873 0.289177034532248 0.342277383690529 0.421276882354367 0.464429291990249 0.574289787988893
"18" 0.395108398014421 0.369883119570642 0.321782230192186 0.272054127632324 0.370113276466575 0.261048081027439 0.197271526921907 0.263938082957896 0.218999347853025 0.154284821968921 0.300595709921914 0.205398488376172 0.182560850425646 0.454433188061731 0.284965332830673 0.489296513193819 0.361227128920514 0 0.162428566476854 0.116040247642788 0.550760476932509 0.336966671117694 0.309740924900998 0.574347209098382 0.244301975973373 0.185228787933076 0.186287236618969 0.0967405430036654 0.466074144183098 0.645078288273034 0.359909603682076 0.21983505286194 0.429360735819988 0.0902935862301546 0.310516697171987 0.551883021262791 0.413545661057567 0.30374460060797 0.375742444803929 0.324098787060957 0.442343296159773 0.111057735839026 0.16632926244946 0.293528344486942 0.383860415712299 0.132601528974951 0.0786464546450388 0.255298275317563 0.44771441204632 0.202857763643183 0.522638485631718 0.199878486209222 0.607184083643998 0.227533035640122 0.200142264387528 0.122077494189895 0.289969901622876 0.690491340736817 0.304508299876803 0.119865744473544 0.320123047831941 0.361731217010066 0.19615837754196 0.380187079826837 0.200332133231424 0.576713763285591 0.35491115221786 0.0729089776279726 0.230975223396999 0.41214811113461 0.185060087133293 0.361957593046921 0.133030396567313 0.070302888991479 0.294270376852952 0.277677489177385 0.247270937026498 0.137594195277341 0.323226923781569 0.464381598120412 0.103439078128121 0.500921745730966 0.374637417672431 0.325283076435167
"19" 0.342939088727646 0.407239187800931 0.188320967184905 0.16655657912734 0.298335358238712 0.282185115963209 0.327125995523444 0.240244135029697 0.0695275036998399 0.108132035271638 0.151614159715862 0.367014917318065 0.32699310785518 0.377593619840862 0.346396527003659 0.329286061538658 0.344868630598172 0.162428566476854 0 0.138442904009744 0.447534325093322 0.314036138883683 0.192517752053448 0.525294332301055 0.188058157958045 0.154832571321936 0.261134718466126 0.249160585351763 0.441386656815958 0.544993730523272 0.474338168037262 0.330672247060188 0.432607403873363 0.107295864741633 0.246814269512258 0.390624288457719 0.510279135014606 0.344386895182369 0.272783448430362 0.234256268197743 0.335026999476423 0.151347451725875 0.139665955959637 0.454331413046193 0.274140534826795 0.245747413212879 0.191099270830762 0.100116835297041 0.380191833501698 0.227869062749745 0.382125983551344 0.274269970097547 0.460560502404477 0.14206019173382 0.231202815322828 0.237877651011283 0.418992288241525 0.530333785050746 0.14401911631656 0.077801895897151 0.395516525091622 0.510174262040543 0.0968204700394954 0.233605007088014 0.0536617020203856 0.451885399849998 0.199990393354066 0.2259221007343 0.31921478967486 0.259127464310947 0.335168254389627 0.226416944906726 0.294873839245163 0.0922472114352708 0.135238919338486 0.400559055261225 0.211491742910696 0.29272468735614 0.473309565888936 0.339087568544324 0.0589899428645088 0.34705901988813 0.214399197554745 0.487364279129975
"20" 0.279279568896506 0.472301099064823 0.230749498435278 0.298422301045751 0.254698030089976 0.160957392939314 0.199178004375759 0.149314125305418 0.207932083867191 0.0548605681536073 0.225308235236732 0.294773860550384 0.294510274095389 0.338861297393811 0.392843171529954 0.421681870797507 0.25051031408312 0.116040247642788 0.138442904009744 0 0.438508479509153 0.413965804633448 0.209927785845547 0.459641706808304 0.129645312569011 0.0700706457524033 0.122709048990466 0.208296194902289 0.354905940076492 0.531490407999149 0.337244514058178 0.335665015290738 0.326284535601865 0.0416978709723439 0.195064438922833 0.508839365833855 0.529195906387474 0.216271995058854 0.406505900704987 0.212897628818443 0.332762113944234 0.197411576232326 0.228931073302152 0.355562379766565 0.276697443374196 0.24753116427785 0.0782473916197966 0.193971293685174 0.503282089289663 0.101278922270033 0.427934870194103 0.30873740116295 0.516120601352607 0.122985611112865 0.294082202984236 0.1118564573783 0.404637604857527 0.619439211050875 0.24776213062194 0.15744522725373 0.258572021048001 0.388544171852037 0.221158161322216 0.296078555685058 0.14323351821904 0.471538141441602 0.282705197942775 0.134897993966609 0.180793217957563 0.392329198254252 0.222849952954964 0.36484670634098 0.211444315859591 0.100344933442068 0.266072802654537 0.266678275038971 0.313744551940082 0.244294500188894 0.428237716700596 0.361573756093083 0.105023891378636 0.420752411949102 0.339813060496136 0.40695103480193
"21" 0.202550890936987 0.853153957478795 0.265268523586265 0.562963209943325 0.191657909618082 0.373489117160782 0.575045389210016 0.315322463274871 0.465060623973062 0.396956575663806 0.315889467160759 0.727035859618571 0.732460811130613 0.12219496157943 0.79355333125427 0.322943956169383 0.284268464255171 0.550760476932509 0.447534325093322 0.438508479509153 0 0.743547928674065 0.25503067545452 0.2047891287612 0.309382501476284 0.368751675044075 0.463441269993467 0.646094307961863 0.255630984236705 0.0974818574075583 0.617648333986404 0.763431785776273 0.328647193188492 0.46094159345379 0.247929432571312 0.461160319133791 0.952180217812785 0.405584245107185 0.632982429393239 0.226672580007828 0.112516957639297 0.593973505277046 0.586125941807869 0.761968035969826 0.173474768112104 0.674118619946811 0.510021478302334 0.364693980698894 0.763346697094358 0.395366966509429 0.173620125382671 0.718101969219043 0.224947852917308 0.324893109742251 0.678736575993404 0.519728150895607 0.840530227662073 0.39889478313103 0.360941861741588 0.523417313480137 0.488576118387792 0.744795873376066 0.52826483637122 0.255934364659443 0.394295228309023 0.0956444867331366 0.305090974127131 0.569294830963247 0.493194175459254 0.489474872217751 0.626599081662655 0.54084321561935 0.64298370080956 0.504658949695731 0.434079089166665 0.597003709050533 0.64702190433142 0.682796345723224 0.865870125833603 0.130080615280094 0.481404955699723 0.260927823460827 0.42741763996064 0.829042716432144
"22" 0.656974215360102 0.14712055449278 0.478686186007771 0.184410748590268 0.611408721335806 0.574814986689065 0.527813003546294 0.548224902317551 0.279221275214392 0.410946826125007 0.427750839232204 0.436349529556461 0.338948941932672 0.688251938756972 0.167982017319824 0.522297757012737 0.653965605398337 0.336966671117694 0.314036138883683 0.413965804633448 0.743547928674065 0 0.495375480891831 0.839087989597025 0.500835511094058 0.459009746987412 0.518912388241478 0.332553039695596 0.753618061083942 0.839951030300245 0.691655097880177 0.262685221675924 0.737250589009603 0.372276961324255 0.560850258917435 0.493727062980381 0.325425103268678 0.62876219035241 0.173965038545685 0.545467625483985 0.633496446052204 0.226276649711643 0.185321100813066 0.552582788768412 0.574834148838558 0.259779322927251 0.413905409236545 0.379507193976158 0.138463107963648 0.515244702921091 0.637056102438738 0.192062545795586 0.693318624810947 0.456096315883735 0.14506867923334 0.459040455067364 0.343173372363011 0.692466172856017 0.386471421580016 0.258450777420551 0.655934765654969 0.658472594444434 0.219964599520876 0.496556660729186 0.360610210934144 0.726470881874268 0.44867206334473 0.400333774933026 0.567422274152093 0.337891996370739 0.497185699163366 0.253424270661623 0.418668487922927 0.314138720928346 0.317437331966043 0.607967830499225 0.102898280044401 0.356695959253131 0.444865488729255 0.621277507850132 0.312766625692968 0.569992957270919 0.361152379391706 0.534396270114209
"23" 0.187224877870593 0.598905800589243 0.0389196663348249 0.321737833687389 0.13071621928574 0.23550636402617 0.391131537789844 0.161235949291184 0.216652909012506 0.158235114400849 0.0845701864057139 0.503979837066314 0.491835355941467 0.195592684620396 0.538599575699207 0.241646126059278 0.229503917379943 0.309740924900998 0.192517752053448 0.209927785845547 0.25503067545452 0.495375480891831 0 0.354231117532288 0.108936715049237 0.15046972371399 0.285062644000591 0.406470665704084 0.298631736034748 0.352479553243236 0.491489159391062 0.513300207933112 0.320875841533038 0.22019372217382 0.108129506527411 0.361384905902896 0.699213598677716 0.296992645841357 0.408022450371782 0.0639276088640339 0.142515688044186 0.339952202671892 0.331468155642833 0.562881604126472 0.0816343975699142 0.424725204481252 0.288002647810573 0.118362894158784 0.53374592660865 0.216862871155462 0.218166348779723 0.464104745265848 0.307122875969317 0.0871772641086044 0.423713181677626 0.313864414428446 0.595107611143132 0.425433483609733 0.138303934445567 0.268589767104433 0.376058814249708 0.579729662302205 0.276577695483227 0.102617302068451 0.139453710997888 0.267472540063036 0.11890935812466 0.344476849818686 0.335420546152457 0.30518191489445 0.427408046808495 0.326690875807532 0.421170010423159 0.255029761910776 0.206986488013015 0.440729867768948 0.395945395258375 0.446691275265497 0.63245655924876 0.154683299835148 0.228920041552859 0.222582270905351 0.237481659789087 0.616850864557369
"24" 0.183747029799649 0.924185768149049 0.383073417115186 0.673708667975156 0.228304301681718 0.329991663191372 0.526320759523997 0.310491687310775 0.566043456439571 0.438906646962737 0.436294442054794 0.707916802552172 0.741364535656784 0.161881642397345 0.850145697322308 0.50816940273199 0.219551508297809 0.574347209098382 0.525294332301055 0.459641706808304 0.2047891287612 0.839087989597025 0.354231117532288 0 0.342799737101103 0.395152751804336 0.428470926245606 0.658818868269393 0.124024367950506 0.207777549763564 0.513327120627102 0.79388387696589 0.198928899048728 0.494949479038522 0.279020349180067 0.648523037607474 0.987671683601368 0.327338153098773 0.762227144197143 0.296103408149999 0.250120250026533 0.649337316095159 0.661490247645542 0.711007079627646 0.288833290797004 0.706792643869988 0.511384422303499 0.471726812979166 0.887593077598688 0.378056272410802 0.371313379893323 0.767229343017334 0.429732803960566 0.383468993436541 0.743970090320511 0.501294962987458 0.854614685779602 0.603597586021393 0.489354892774064 0.589769357848259 0.392808742308449 0.661295975426 0.619592127884446 0.406327759980766 0.479209697508223 0.299934482443009 0.449614673508316 0.566573868005391 0.433795266399073 0.645335223347548 0.587329403163322 0.678879980017225 0.628830680544903 0.550738987062665 0.560593110796286 0.520044610616875 0.736765329294477 0.686651127124797 0.854844055993254 0.304184865144901 0.538157686766134 0.451399376705711 0.578295863353778 0.789307942916195
"25" 0.15906433042522 0.581417534919577 0.143739920785958 0.34944373650748 0.126057332958401 0.130040281586489 0.287024287019228 0.0613878966495213 0.24165370154983 0.0967405752625138 0.168391738383465 0.419184021114924 0.424154706852902 0.210448561228888 0.508879810984776 0.349237248044892 0.158821390862893 0.244301975973373 0.188058157958045 0.129645312569011 0.309382501476284 0.500835511094058 0.108936715049237 0.342799737101103 0 0.0595849814189495 0.17796729367917 0.337916239111436 0.253334503470589 0.401863165269885 0.382675776574839 0.462122435833767 0.249598613105288 0.15711092415853 0.0668170695207183 0.462357571808988 0.654622500482354 0.194232836705087 0.450142002118931 0.0867498296251546 0.206366190177744 0.307164026802638 0.319747434768991 0.465489472375841 0.154736044626944 0.372999157424519 0.201139197746951 0.170192710735586 0.565543819386809 0.108404109279328 0.318449598887119 0.42732140364664 0.408940591672012 0.0518767884190493 0.401224966074979 0.21668126484879 0.533948514781328 0.534176916910641 0.213976062396939 0.24730879859 0.269492344552533 0.473481588178326 0.284789545771295 0.210945707989885 0.151332606156361 0.348446394311709 0.218461402997039 0.260319658385416 0.22667547674638 0.382829573129732 0.328827397776655 0.383784938364961 0.335056736709237 0.209459842604248 0.265519247907945 0.332536299062869 0.397948624907763 0.373638454988929 0.556528050765422 0.243182255158758 0.195358725029317 0.331304148314788 0.31845281866927 0.525816973665964
"26" 0.212641715078963 0.53055991904705 0.177971635318732 0.321281846480729 0.184904756151935 0.129092961086496 0.241454080057092 0.0894931952250539 0.218161043599695 0.0482470406719098 0.186418725666409 0.36133218021301 0.364579448384138 0.26920500107314 0.45499938049854 0.37943676387572 0.19512665297824 0.185228787933076 0.154832571321936 0.0700706457524033 0.368751675044075 0.459009746987412 0.15046972371399 0.395152751804336 0.0595849814189495 0 0.140224993694052 0.278362051097004 0.296807884732975 0.461447355394705 0.355943373989019 0.403932909132355 0.279377754578443 0.100106870044294 0.125291830450535 0.480706551958129 0.596961790340102 0.193384176992729 0.426527009240155 0.144130851602791 0.264242220618428 0.254829233792647 0.27472794676964 0.413132682327873 0.209914846122117 0.315118235761071 0.142969667623446 0.17042251870791 0.53464224153965 0.0822005105501519 0.367574879956899 0.372231249347746 0.457211955657123 0.0656627610391811 0.350550214920571 0.163723964139016 0.47455812328134 0.571906431386095 0.221652611529897 0.201240582762935 0.255707789401698 0.431089647125805 0.249966995503119 0.245890382011413 0.133590867053038 0.404762695947773 0.242261345555812 0.201831001435214 0.195759547611734 0.38260934748555 0.277188986127635 0.370399866740378 0.277333155887974 0.155847487067632 0.258615658306076 0.296412423953311 0.356486849900986 0.314114338741516 0.497369444428729 0.296754663962058 0.147239713055329 0.370054229058984 0.322829501924289 0.470165966438637
