"V1" "V2" "V3" "V4" "V5" "V6" "V7" "V8" "V9" "V10" "V11" "V12" "V13" "V14" "V15" "V16" "V17" "V18" "V19" "V20" "V21"
"1" 0 0.920862972236744 0.598068622823663 0.291986870777379 0.70746831768907 0.710791065451318 0.298293182040037 0.894424431782048 0.550615748587341 0.77030047913587 0.132170892946646 0.7994176499625 0.741051559330946 0.744636710819038 0.407966545528339 0.158919267371732 0.509048383728518 0.968415441550803 0.425458084781109 0.856310881140116 0.929798665769044
"2" 0.920862972236744 0 0.336947110880144 0.712207027627195 0.303917941117185 0.53774935690956 0.935613670241046 0.0299261460247053 0.372712719532462 1.21088043322352 0.924301971524735 0.347848571963593 1.1549881386081 0.264955429786728 0.912680540137841 0.841763784343859 0.985996443039609 0.0751715297568829 0.55482223385387 0.526314977251542 0.518046857929439
"3" 0.598068622823663 0.336947110880144 0 0.443063779919077 0.141722103283982 0.491998310583016 0.673102871218909 0.314912503814091 0.118976891379354 1.04248190154897 0.623307264591964 0.404238538863138 0.990568360930152 0.285821041503583 0.684697548317929 0.506435964182332 0.779882718312653 0.374011141739437 0.316466114779525 0.570868096167853 0.608193511222191
"4" 0.291986870777379 0.712207027627195 0.443063779919077 0 0.580716962260354 0.419100349328542 0.230490701028571 0.683082139030928 0.349830140148482 0.640613687735577 0.229949146605913 0.52433170107682 0.595595095902918 0.492076181589858 0.255003600301349 0.340541459609573 0.361890320083194 0.772786601996972 0.160702479293856 0.565103895423213 0.639496551065953
"5" 0.70746831768907 0.303917941117185 0.141722103283982 0.580716962260354 0 0.610986797612088 0.809505895542193 0.292876962905617 0.257673665043282 1.18399110802481 0.747914883050348 0.489790624601662 1.13189289932446 0.366942796273896 0.825464365235106 0.595322193503409 0.921454616804871 0.312117266025237 0.458182756042322 0.669896523965645 0.695175001689262
"6" 0.710791065451318 0.53774935690956 0.491998310583016 0.419100349328542 0.610986797612088 0 0.556863960796888 0.510304790503224 0.382010352695909 0.690218940288417 0.637476886714615 0.200797504222103 0.633836787665082 0.278524484373913 0.479567652151134 0.73209143081037 0.512388656649959 0.61287245904872 0.309836287417889 0.146798542526473 0.223439998337868
"7" 0.298293182040037 0.935613670241046 0.673102871218909 0.230490701028571 0.809505895542193 0.556863960796888 0 0.906070419250338 0.579467801228476 0.476090536596404 0.16664825515135 0.708285679636784 0.443846281818244 0.700256502688685 0.118872931289355 0.431436953056561 0.2111253188548 0.998765406893831 0.381007208630182 0.699628504146117 0.777712248513475
"8" 0.894424431782048 0.0299261460247053 0.314912503814091 0.683082139030928 0.292876962905617 0.510304790503224 0.906070419250338 0 0.345234338877401 1.18162461633713 0.896109658940075 0.322713049272757 1.12577414006686 0.236074278234756 0.882769510179624 0.81789390619936 0.956119200840897 0.103064742365802 0.525380995728291 0.503295927387578 0.498196837277412
"9" 0.550615748587341 0.372712719532462 0.118976891379354 0.349830140148482 0.257673665043282 0.382010352695909 0.579467801228476 0.345234338877401 0 0.927596368779063 0.552514590597275 0.327384819373165 0.875025279845953 0.225395123218445 0.578903381595045 0.488708945606795 0.669661439621923 0.427146486151639 0.206755106204543 0.475550210335516 0.522209179319461
"10" 0.77030047913587 1.21088043322352 1.04248190154897 0.640613687735577 1.18399110802481 0.690218940288417 0.476090536596404 1.18162461633713 0.927596368779063 0 0.638448547639075 0.890601780309849 0.0563912744736287 0.94620151879425 0.390694080762816 0.907416512690292 0.280207092965376 1.28422285231797 0.727095953675931 0.777301872518201 0.842254523795946
"11" 0.132170892946646 0.924301971524735 0.623307264591964 0.229949146605913 0.747914883050348 0.637476886714615 0.16664825515135 0.896109658940075 0.552514590597275 0.638448547639075 0 0.754214743752776 0.608880692767332 0.718727780220771 0.279596259720964 0.276291402231837 0.377745517115245 0.979479482928231 0.387063231991763 0.784255004800425 0.860567167365723
"12" 0.7994176499625 0.347848571963593 0.404238538863138 0.52433170107682 0.489790624601662 0.200797504222103 0.708285679636784 0.322713049272757 0.327384819373165 0.890601780309849 0.754214743752776 0 0.834210524418325 0.122910570905096 0.650591578340347 0.781043474460198 0.699360456802004 0.422627896865225 0.374133452909383 0.186294352709104 0.205910643932655
"13" 0.741051559330946 1.1549881386081 0.990568360930152 0.595595095902918 1.13189289932446 0.633836787665082 0.443846281818244 1.12577414006686 0.875025279845953 0.0563912744736287 0.608880692767332 0.834210524418325 0 0.89023205975741 0.350303378713569 0.873377967542883 0.23969903857106 1.22843529257751 0.676009392108424 0.721878797216684 0.787486408422842
"14" 0.744636710819038 0.264955429786728 0.285821041503583 0.492076181589858 0.366942796273896 0.278524484373913 0.700256502688685 0.236074278234756 0.225395123218445 0.94620151879425 0.718727780220771 0.122910570905096 0.89023205975741 0 0.66221449377437 0.704834057634735 0.727772858252635 0.339100490541652 0.331964537372861 0.305159780207834 0.328693711692284
"15" 0.407966545528339 0.912680540137841 0.684697548317929 0.255003600301349 0.825464365235106 0.479567652151134 0.118872931289355 0.882769510179624 0.578903381595045 0.390694080762816 0.279596259720964 0.650591578340347 0.350303378713569 0.66221449377437 0 0.527350091486751 0.110772698682575 0.980341324825803 0.37223579502084 0.615621304355155 0.693418369794133
"16" 0.158919267371732 0.841763784343859 0.506435964182332 0.340541459609573 0.595322193503409 0.73209143081037 0.431436953056561 0.81789390619936 0.488708945606795 0.907416512690292 0.276291402231837 0.781043474460198 0.873377967542883 0.704834057634735 0.527350091486751 0 0.635332645818037 0.880085954274187 0.424219860424499 0.870849909881103 0.938535719399403
"17" 0.509048383728518 0.985996443039609 0.779882718312653 0.361890320083194 0.921454616804871 0.512388656649959 0.2111253188548 0.956119200840897 0.669661439621923 0.280207092965376 0.377745517115245 0.699360456802004 0.23969903857106 0.727772858252635 0.110772698682575 0.635332645818037 0 1.05615045516454 0.463831593468212 0.635296652485676 0.710872995820703
"18" 0.968415441550803 0.0751715297568829 0.374011141739437 0.772786601996972 0.312117266025237 0.61287245904872 0.998765406893831 0.103064742365802 0.427146486151639 1.28422285231797 0.979479482928231 0.422627896865225 1.22843529257751 0.339100490541652 0.980341324825803 0.880085954274187 1.05615045516454 0 0.617839716535863 0.599634933747411 0.588354696135425
"19" 0.425458084781109 0.55482223385387 0.316466114779525 0.160702479293856 0.458182756042322 0.309836287417889 0.381007208630182 0.525380995728291 0.206755106204543 0.727095953675931 0.387063231991763 0.374133452909383 0.676009392108424 0.331964537372861 0.37223579502084 0.424219860424499 0.463831593468212 0.617839716535863 0 0.446632641387935 0.514954722113123
"20" 0.856310881140116 0.526314977251542 0.570868096167853 0.565103895423213 0.669896523965645 0.146798542526473 0.699628504146117 0.503295927387578 0.475550210335516 0.777301872518201 0.784255004800425 0.186294352709104 0.721878797216684 0.305159780207834 0.615621304355155 0.870849909881103 0.635296652485676 0.599634933747411 0.446632641387935 0 0.0781192724075802
"21" 0.929798665769044 0.518046857929439 0.608193511222191 0.639496551065953 0.695175001689262 0.223439998337868 0.777712248513475 0.498196837277412 0.522209179319461 0.842254523795946 0.860567167365723 0.205910643932655 0.787486408422842 0.328693711692284 0.693418369794133 0.938535719399403 0.710872995820703 0.588354696135425 0.514954722113123 0.0781192724075802 0
