"V1" "V2" "V3" "V4" "V5" "V6" "V7" "V8" "V9" "V10" "V11" "V12" "V13" "V14" "V15" "V16" "V17" "V18" "V19" "V20" "V21" "V22" "V23" "V24" "V25" "V26" "V27" "V28" "V29" "V30" "V31" "V32" "V33" "V34" "V35" "V36" "V37" "V38" "V39" "V40" "V41" "V42" "V43" "V44" "V45" "V46" "V47" "V48" "V49" "V50" "V51" "V52" "V53" "V54" "V55" "V56" "V57" "V58" "V59" "V60" "V61" "V62" "V63" "V64" "V65" "V66" "V67" "V68" "V69" "V70" "V71" "V72" "V73" "V74" "V75" "V76" "V77" "V78" "V79" "V80" "V81" "V82" "V83" "V84"
"1" 0 0.243554942036826 0.326622818997057 0.263293903743122 0.229788750682602 0.0674371088814127 0.0931143390565351 0.0613203087200931 0.214582994453899 0.1746258112763 0.147015631405814 0.175216803978675 0.192245403595761 0.0708418988029417 0.0601370007688493 0.112520643628055 0.153957310952233 0.0629031697307689 0.077284419822092 0.168146788763469 0.18699113552748 0.0885772105372416 0.270607605921177 0.105735356586791 0.114915395039005 0.204403314110386 0.210644897116076 0.14197246567663 0.18251474790424 0.165291377001929 0.195718107941821 0.132077108255591 0.149168402821161 0.129625255161608 0.17688139615209 0.106657910004748 0.159434578822983 0.148411254040269 0.123541523957852 0.0668198848013545 0.171832596142749 0.097955903594864 0.187756056702521 0.195347257494171 0.110408011559236 0.233459139605765 0.254086187582255 0.286308117428524 0.256179453079963 0.258644907641211 0.231683499206167 0.157323134443216 0.120987392318513 0.169266062914021 0.1732178620524 0.214446828278149 0.2295241389051 0.149520785820285 0.217742560433134 0.112007200666486 0.21588190239572 0.200815203581809 0.102362812452711 0.0269998228063639 0.211750629155525 0.111754798983428 0.130704197805896 0.271920870875657 0.133830538515781 0.276213689691124 0.188211958188147 0.0648232461425523 0.135491649904349 0.0360194914885912 0.0992742187375085 0.150879960231311 0.190613034940219 0.234598235379166 0.0313956757452136 0.0747118281259312 0.0832974781801911 0.0452660833652173 0.300925134274872 0.0867640858148516
"2" 0.243554942036826 0 0.236531808715087 0.397057588963668 0.33581908883023 0.309438474919586 0.242744864889534 0.224031169184584 0.458111802261039 0.286763696800753 0.140715212804793 0.0683387953496042 0.091692471806758 0.213422461195048 0.192492697957807 0.131076724024466 0.376359091588809 0.247120257924221 0.170197236336353 0.139874742212091 0.280852028747999 0.159748899314999 0.0972309199620993 0.236026826673768 0.261975111779514 0.17358128640424 0.208532960446783 0.300714293555099 0.338493888223908 0.087605255966534 0.307222176516784 0.166248106888213 0.255586395323913 0.204160372098275 0.400048721366535 0.215705486482857 0.176794707132554 0.388967736100249 0.181751475309805 0.272276805802909 0.224734881535314 0.294628268647804 0.0919766271707792 0.258773012301143 0.302214572798928 0.389896328875793 0.355708030595374 0.257325481426068 0.186668969808075 0.0800441016002284 0.269275976508135 0.358881604623731 0.14289216504078 0.191924499731677 0.416679300403636 0.392103836918691 0.0998402063558929 0.352364095125364 0.433569921289238 0.350381269804082 0.425974763110222 0.150467816839083 0.322903063436038 0.217850344844871 0.407752879196516 0.355105979618301 0.129431888784619 0.306103432602923 0.264520273416285 0.353337972010732 0.422842057142483 0.29578144463852 0.289556729438313 0.255339360829488 0.171924590678344 0.0930184706556254 0.342612046061595 0.245546620499581 0.243657228530975 0.206784455126228 0.326574402592938 0.285331911840301 0.315451477696499 0.314785877069337
"3" 0.326622818997057 0.236531808715087 0 0.569129194774152 0.518161610205469 0.385303365647524 0.252792095217386 0.269054022115525 0.497495896028388 0.460648585458575 0.328193576427125 0.241016689706212 0.175423565852328 0.349719476516833 0.315556998041614 0.259692551883247 0.373462342714296 0.28105905417447 0.2634095943389 0.166350481771217 0.201032994069267 0.294659687014514 0.333749433702695 0.389771583939581 0.412742098643047 0.387635818262004 0.121396868882637 0.266214439613576 0.277339689172237 0.213371501700958 0.222950176897391 0.195761900447189 0.427143905263362 0.200707680444233 0.50178369082652 0.226051969577624 0.167191051686104 0.419432107975726 0.354350412062701 0.388117282104192 0.169072014539911 0.300059501094304 0.303138599255653 0.451466809414457 0.430905755210723 0.30476762666619 0.232083058310773 0.482532520160329 0.071526509870985 0.157147724336898 0.144157261259833 0.482895991415522 0.218627957298898 0.387992095972697 0.467329768183714 0.535943084288746 0.330125319302737 0.333402816622444 0.404280389214681 0.383962462224481 0.542413734479337 0.130979466796777 0.428985617585629 0.303393172318286 0.359689216016133 0.416386420161677 0.299979578907642 0.516089468006319 0.234771785890825 0.550341557776673 0.505503451741121 0.391187132573603 0.440906896284133 0.309560306368204 0.326564064142717 0.253561901202857 0.500597888989664 0.457243269154241 0.348687728414403 0.252494128179336 0.383897659366192 0.344142121971079 0.131144694495344 0.343013786712165
"4" 0.263293903743122 0.397057588963668 0.569129194774152 0 0.064043680339464 0.240324993075194 0.356383193385785 0.323435041237062 0.303595680224932 0.111604417426282 0.258086970882254 0.347888848259603 0.402321687317345 0.220130946691992 0.254602908065803 0.310721379089037 0.357685492510456 0.325579297006761 0.307554232424191 0.402824736250941 0.450099749084814 0.274720751301379 0.350715749364185 0.179357623519585 0.157097665266176 0.234353433893565 0.46466275528105 0.398377863680518 0.433577509758339 0.364017513198138 0.456896760801627 0.377528192145914 0.144811950793671 0.38765536925475 0.172943279060718 0.367477202602291 0.408803044858652 0.305715051032312 0.221143048271536 0.196881147282836 0.431943458722899 0.348027616631509 0.305269151448111 0.141556039260115 0.154987801741146 0.476737864473061 0.513357740091255 0.214221567488947 0.497892953876199 0.454486997206895 0.493791731725582 0.132701633147637 0.350705410160239 0.205841184042551 0.273670931692336 0.0775184843493485 0.314360021505762 0.378926908176751 0.410676878221451 0.300170866284712 0.142869991270614 0.438180520185035 0.182847808540332 0.277738647415149 0.430922639384757 0.253689724320339 0.278489399765432 0.140807424226714 0.396521426869934 0.0838093152095673 0.21363724744641 0.214512017424965 0.130303328303251 0.295525515271933 0.244265986261835 0.326836221038342 0.0727032312943415 0.177662998739187 0.233376028786992 0.332767479147199 0.265373040424856 0.275935832930289 0.563164742629402 0.312633296885015
"5" 0.229788750682602 0.33581908883023 0.518161610205469 0.064043680339464 0 0.22298582871405 0.321640064244317 0.286454456498025 0.316835388021912 0.0583546089266347 0.198901051642777 0.289982942454779 0.347548842072902 0.174976532107172 0.208849333012145 0.258470110797614 0.346854059951119 0.292583487348528 0.26134754219968 0.352828246923601 0.415391977898005 0.224124958803702 0.286744178422892 0.132355904779386 0.115525393298481 0.170549967747003 0.41939964611924 0.370568988516655 0.408993866747457 0.308852025145147 0.425464975517521 0.331228390571553 0.0912446857996735 0.346013017689269 0.188614480827159 0.32818148602596 0.362829201339084 0.302758263719336 0.164988974736286 0.16762034500118 0.390816767518696 0.322541308454993 0.243843887472837 0.0780857161651301 0.133104082118105 0.456238308875257 0.483830178169715 0.155887681939343 0.447637834214648 0.396394155351709 0.453971311737844 0.136374916182803 0.301623168707097 0.14391909717439 0.280932369394629 0.105863386395301 0.250837586557721 0.361578564613421 0.405077813161986 0.28913284482455 0.173095987323539 0.38789808240709 0.170585674841246 0.239147731447479 0.418325877668081 0.247488207821617 0.221845144605112 0.0877429832872902 0.363146551469751 0.0512213388832157 0.230701750614632 0.193586954441646 0.0955585377820865 0.264677462233748 0.191607166180318 0.27033929991284 0.0620455586815245 0.114676074002752 0.198474799433863 0.292841795622165 0.251271872670546 0.251804605269454 0.522983932544029 0.293142612801777
"6" 0.0674371088814127 0.309438474919586 0.385303365647524 0.240324993075194 0.22298582871405 0 0.136430210209448 0.116473931800885 0.150520878910341 0.17730769344651 0.200269235276293 0.241237869173444 0.25937964104769 0.112644458176585 0.119192571487505 0.178913397805294 0.124934332016669 0.105511428479603 0.144712110209597 0.232683322639432 0.222781234585695 0.151112670810222 0.3282067204796 0.128132539688706 0.12280782892786 0.246480348185346 0.265766558266241 0.162192445925797 0.194157167103213 0.232677056180157 0.223758608719908 0.194836095378515 0.162633819452003 0.184744062575272 0.117375627230235 0.159627110181287 0.219295424125418 0.0948084577755671 0.167565507058107 0.0646228882226093 0.222109081494293 0.11081413055288 0.246763408980341 0.211917108133582 0.0898937459609258 0.236467492829851 0.276829067475665 0.31443895349023 0.316448883537583 0.32594475536015 0.275898993306389 0.114605096518825 0.187656836720156 0.206483482487671 0.107956634502008 0.17707207548181 0.285671153326162 0.139372696915678 0.186175556052493 0.0687051167536546 0.161187547398523 0.263793408283454 0.0579914224361306 0.0944121374130711 0.195391513756937 0.0467021619574864 0.190213137497334 0.284085401088029 0.169477826785607 0.273505770405605 0.122244480937023 0.030657349616266 0.129897589974312 0.075772275521316 0.152329015609508 0.216435336140869 0.170382796871421 0.259635520536387 0.0690552875356592 0.134176644303265 0.0297554976480137 0.0426677540975484 0.343228247403715 0.0723140603419287
"7" 0.0931143390565351 0.242744864889534 0.252792095217386 0.356383193385785 0.321640064244317 0.136430210209448 0 0.0367669573988058 0.248721186913812 0.265184691381227 0.198962016245985 0.181118471486259 0.163667203823402 0.151973731458097 0.124292265348503 0.129347787376165 0.139041522728065 0.0317834777140858 0.0903581070746902 0.121071005957593 0.0939672050553703 0.132519250335946 0.300262155739691 0.19287653475082 0.206146580979484 0.266812803822857 0.131593170211777 0.0639092089066688 0.106703611801508 0.155144053993623 0.105051925110696 0.0824566133270151 0.237087104135256 0.0549269899079841 0.253718685503781 0.0311657475981225 0.094386506888711 0.170891684712594 0.192526060796563 0.159642754399189 0.0859974033712218 0.0553396096663016 0.221100300014586 0.279753518619481 0.202737605779629 0.161142586937761 0.164558427621824 0.359074458853416 0.187278458896669 0.22762808841404 0.140686154337679 0.245252058762979 0.0999490722060713 0.240090398447313 0.215576992043981 0.305004430424601 0.265855711107823 0.11005446867189 0.191707038864909 0.133221222111865 0.297412856500676 0.143237054422762 0.187825588262937 0.0837365229954825 0.165541574670255 0.163687500239268 0.171855287429819 0.356289094171176 0.0419264723642501 0.366580809123968 0.253437031828081 0.149683040742367 0.228286400449068 0.0630336984875283 0.160893840630182 0.164229966693056 0.28368898042672 0.311913938982366 0.123703538340068 0.0417250378904263 0.131370508650482 0.0938662066236247 0.209310296232611 0.0917941143309656
"8" 0.0613203087200931 0.224031169184584 0.269054022115525 0.323435041237062 0.286454456498025 0.116473931800885 0.0367669573988058 0 0.246274848508741 0.229507525994251 0.164936248251791 0.158620001757082 0.154332667218208 0.115375598817804 0.0876397689456063 0.101078196200079 0.152347736552227 0.0231510558326787 0.0595086564790777 0.119508035265227 0.129082834975083 0.0982062578911801 0.272625709971422 0.156647970523044 0.170954866715047 0.23171498269192 0.150728917999624 0.0979674165834512 0.141027412245039 0.137593471954054 0.14167960770105 0.0801988827015748 0.200827875176824 0.0692910756886663 0.23276137040375 0.0454395792399877 0.102855011681337 0.170999013082774 0.156193519717617 0.127900182257531 0.110554138258404 0.0724753963055383 0.191455001341516 0.243055667433657 0.171635440895051 0.195153930304194 0.201254739886986 0.322909639348498 0.199976135480847 0.22088286261222 0.170624687603423 0.217952744995869 0.08358533083842 0.203828321221725 0.209156652785621 0.275736223027949 0.236089691587495 0.131514533153435 0.210986506744331 0.13181552227392 0.274206284255064 0.148391857506961 0.161759853657148 0.0475086004806037 0.191419377511361 0.151818482253979 0.139350198940037 0.319552665958457 0.0785362394227773 0.330674290233971 0.237972527524627 0.123432293121227 0.194197333243003 0.0413355346958035 0.124939325699436 0.138717035992209 0.250912618566635 0.275298985555219 0.0900618678457453 0.0194051671769786 0.119231033675516 0.0768203914955732 0.23995497629945 0.092656593097622
"9" 0.214582994453899 0.458111802261039 0.497495896028388 0.303595680224932 0.316835388021912 0.150520878910341 0.248721186913812 0.246274848508741 0 0.29122897835187 0.349586099379086 0.389774603806268 0.399741381029079 0.261074586075519 0.269664714549232 0.327039925420213 0.131255159469277 0.226651115926565 0.28953200453529 0.365212947258507 0.304778031002735 0.301309644362542 0.47811062641318 0.266803550126929 0.252456119473614 0.389430779376939 0.376670735757241 0.235086596625062 0.241662064135568 0.377659877526364 0.292246152476594 0.325542931168039 0.28972856290491 0.303623226197826 0.130902192728157 0.278999995812884 0.342801151322365 0.0781774410268457 0.314207800554911 0.204878727822879 0.328542962338951 0.197604401623308 0.397152521532492 0.335836204999836 0.204245159907412 0.254722512047859 0.325481946455407 0.443129643656288 0.435213908390549 0.466627517291243 0.365238323378128 0.180479658171827 0.327686701258553 0.34779089159671 0.0431870314631166 0.226078337305444 0.435274245885751 0.172812363518462 0.143532968054157 0.115689438371139 0.1658314166343 0.391234719893812 0.163833524187834 0.240400139184 0.186081538871748 0.103860219840971 0.340722013243289 0.396506461125525 0.262923021173012 0.366539909616732 0.0901262966690594 0.171830363708703 0.245380579985449 0.207335598681897 0.302191911323627 0.365444773946613 0.254833597424862 0.388073575900377 0.219416826379177 0.265680005634822 0.131650181154261 0.173965728361722 0.422338518830024 0.157026882468371
"10" 0.1746258112763 0.286763696800753 0.460648585458575 0.111604417426282 0.0583546089266347 0.17730769344651 0.265184691381227 0.229507525994251 0.29122897835187 0 0.146849763779465 0.236284900340653 0.291478036702237 0.116799395381816 0.150531027877893 0.201102972605856 0.302227875902387 0.236927701179386 0.202992962738404 0.294953465113046 0.358588062127517 0.166196291642473 0.249369705892997 0.0741419364044596 0.0597750186808385 0.133675174710128 0.361047576460441 0.316407339307402 0.355995784185448 0.252975155496943 0.369643668765932 0.272887677491093 0.0336300627697631 0.287906276376786 0.172581200929496 0.270500225073715 0.304485213277647 0.264617631298339 0.109604409264138 0.116545773351142 0.332724739158014 0.269854871884492 0.195554639150944 0.0483767949236473 0.0908213845668917 0.404884188359987 0.428474011416017 0.154065233138854 0.389897340216206 0.342882681110585 0.395997313715942 0.116890784158082 0.243523149339423 0.0984298206990853 0.251585447891751 0.116119017351646 0.209793563010536 0.312748891961487 0.363019490721174 0.245595876992981 0.172260731951195 0.330120112066574 0.132079598383641 0.182034669188016 0.37163365630681 0.208851309890768 0.166948267856565 0.107861569162466 0.306930184795866 0.101607664372339 0.212468620947813 0.146782369853976 0.0481646161448627 0.210188876736954 0.134220002568352 0.215363050471248 0.0612402664329166 0.100889588172218 0.143245132722967 0.235133248944889 0.206766168155586 0.200952589767055 0.464908197876908 0.244121183675715
"11" 0.147015631405814 0.140715212804793 0.328193576427125 0.258086970882254 0.198901051642777 0.200269235276293 0.198962016245985 0.164936248251791 0.349586099379086 0.146849763779465 0 0.0915118276254451 0.153210420543433 0.0886040475077091 0.0870642452304998 0.0799053035941742 0.300380659718093 0.184503232628634 0.109440261593137 0.170808736258735 0.277245609108344 0.0667300722179888 0.128800859238933 0.0982917863310987 0.123516831484171 0.0697784076712662 0.247155618673855 0.262454622547278 0.305484849591495 0.114838080060205 0.296996057317116 0.163726014507173 0.115009247313579 0.193154596698542 0.26951484263912 0.18707498831847 0.192819703452542 0.292270111394654 0.0421920440105381 0.147342908079326 0.234045169170651 0.233099317252272 0.0529836545474503 0.125351181063251 0.168228270892261 0.35982708024065 0.355587482257862 0.167179525719949 0.260686746230056 0.19755647539282 0.295886522036545 0.223263056187412 0.128097694100863 0.059837151888978 0.306456089075037 0.251918700422702 0.0857223325710329 0.290621960295579 0.363768100768844 0.257998001914492 0.290058947709266 0.203043043352689 0.196279155147536 0.130583771174472 0.352626366662783 0.246639568531772 0.0310301075893137 0.188218987325128 0.236964990836433 0.22404127418677 0.298056206372454 0.178046869011262 0.149964434806012 0.174919426460456 0.048341418862054 0.0746870996770028 0.201898649916867 0.130917533593093 0.131597425665862 0.157693970469004 0.224881687479086 0.192039718122419 0.359857704288011 0.233123420968576
"12" 0.175216803978675 0.0683387953496042 0.241016689706212 0.347888848259603 0.289982942454779 0.241237869173444 0.181118471486259 0.158620001757082 0.389774603806268 0.236284900340653 0.0915118276254451 0 0.0664134461830883 0.149107568689168 0.12534686189593 0.0627510770675141 0.310692865517146 0.181763052349531 0.102620461740527 0.0999342095799333 0.233428855608101 0.0927281533926445 0.1241911726573 0.176895578656448 0.202888287984208 0.14662305303655 0.177971119845906 0.242211088274474 0.282333016017618 0.0345961531578691 0.258024775115727 0.112963719704678 0.203318989401214 0.15057098273859 0.334652322621901 0.156982322172646 0.132611700592772 0.32098510590541 0.126959676354911 0.206505455064371 0.180465051064254 0.230480927782833 0.0635261986380258 0.216799175523253 0.239176078916549 0.335517052162341 0.31150854598037 0.242458341608696 0.177252472276323 0.106607552715409 0.234822380291299 0.296130425734181 0.0824418471218701 0.150440200707038 0.348359544922422 0.334114654085126 0.100132990304137 0.289067286967814 0.369452806469909 0.282570174962201 0.362932395206189 0.124764437397803 0.256932480168659 0.14956300035545 0.346601356115837 0.286797248689954 0.0699626194030584 0.2762487624109 0.20813926199358 0.315262160744843 0.355853152351754 0.228397917543396 0.23143785276763 0.187821306296782 0.109930648218438 0.0253262666916259 0.287683533070353 0.216677856878318 0.176151312489643 0.142562517909806 0.258253574088831 0.217167935399489 0.291341225855203 0.247783264626589
"13" 0.192245403595761 0.091692471806758 0.175423565852328 0.402321687317345 0.347548842072902 0.25937964104769 0.163667203823402 0.154332667218208 0.399741381029079 0.291478036702237 0.153210420543433 0.0664134461830883 0 0.189631322395414 0.158584659452329 0.0934393992807129 0.302189323042089 0.175897940747151 0.115452152984855 0.0489709509053173 0.189773432762642 0.13053289893892 0.178562751894008 0.225049615473238 0.25003786429764 0.212680955171275 0.118592811344453 0.215854423138074 0.251026561356902 0.0387735335710057 0.216477892273963 0.0817364575285935 0.257884092737144 0.117517176106478 0.365504605889827 0.133732681982367 0.0860138852079991 0.325289413543906 0.182560917499346 0.23981429725378 0.133354608248887 0.218480287114956 0.129768782656329 0.277692707800471 0.278342736744891 0.300867234186322 0.264030306284704 0.308869614384552 0.110866901886868 0.0669529137470366 0.178608201959833 0.334391260672639 0.0722489507831287 0.213041833285497 0.361092778730396 0.37957725886594 0.16292097339275 0.273198246241801 0.354887322553389 0.286086283982399 0.399340027487903 0.0615542476979903 0.287747274522278 0.165301078597106 0.324531948546981 0.30123378257112 0.126237671129991 0.340727881597206 0.178362154545957 0.376667995399954 0.380298682473522 0.254010369092265 0.278954468197024 0.192424581681349 0.158238209025876 0.0785571317527844 0.337670444347963 0.281830001728399 0.203510440307566 0.135126613686894 0.269754817564565 0.226602318309425 0.229442501873931 0.246800856508897
"14" 0.0708418988029417 0.213422461195048 0.349719476516833 0.220130946691992 0.174976532107172 0.112644458176585 0.151973731458097 0.115375598817804 0.261074586075519 0.116799395381816 0.0886040475077091 0.149107568689168 0.189631322395414 0 0.0344820698765283 0.0962832253302351 0.222296924148185 0.126814408408137 0.0874681311533563 0.183433209824664 0.243816402733209 0.0592982831332942 0.21736870237295 0.0426581978505807 0.0631177233602165 0.136096280785836 0.245207570169791 0.208731273588842 0.250649178145493 0.153848750193851 0.257015972596752 0.157539332962752 0.0861297080861864 0.171109947211252 0.18669437075025 0.15423384230753 0.188962501568527 0.20633725431055 0.0554990586494794 0.059949541535133 0.215930216103676 0.16804539862985 0.138262601256364 0.12789514026132 0.0902829747727847 0.30282617484731 0.316523368542986 0.215468742692621 0.278281429434205 0.249900254563035 0.279257721385895 0.147209163752993 0.131101980110716 0.0989517472038496 0.217918730122772 0.18999380895772 0.17432499321479 0.220309475670207 0.286235728892452 0.174404828478932 0.213856084737097 0.218785675113655 0.110297089591311 0.0684275081274271 0.28246106784264 0.158549448193251 0.0850014705874747 0.204582243209648 0.193869522773689 0.216534659558669 0.211710848150445 0.0894428516046641 0.0912219986516442 0.105705574774552 0.042830614465423 0.124126180047868 0.150896404308569 0.164105037488273 0.0461728644182038 0.118914328685991 0.138887526449335 0.111726058140639 0.348114089240864 0.155945978735337
"15" 0.0601370007688493 0.192492697957807 0.315556998041614 0.254602908065803 0.208849333012145 0.119192571487505 0.124292265348503 0.0876397689456063 0.269664714549232 0.150531027877893 0.0870642452304998 0.12534686189593 0.158584659452329 0.0344820698765283 0 0.0667093458148928 0.213347385062577 0.103081503391308 0.0529900322305296 0.149412361194797 0.213547011749846 0.0327446191768821 0.211040746344298 0.0765808102361376 0.0975455753902967 0.147779624494652 0.210859995032666 0.184549751899436 0.227329939255841 0.124613180882882 0.228546969646463 0.12307658703097 0.118884935252874 0.137933344237168 0.210122223346617 0.122632738334304 0.154532173473877 0.207396534556301 0.069142068118799 0.0822857198683358 0.182709709386044 0.149098062380797 0.128529055555063 0.157152882487309 0.119791800838667 0.280783324723031 0.28820738271784 0.235836878202822 0.24407284345721 0.221094846430592 0.246258025788618 0.175865099294415 0.0970725494240901 0.116757645313751 0.22713892104399 0.22241607652424 0.169565674061075 0.205140150714438 0.276835571742328 0.171866406817102 0.241325784904383 0.184714502093182 0.132090913395755 0.045156159016503 0.267445176013551 0.165804610900992 0.0715048442565766 0.233042626717875 0.1656358959981 0.249104054649297 0.230528550625337 0.103292431827024 0.12538282989668 0.0887241649545851 0.0402786320056598 0.100037282801817 0.185071949902152 0.187659725501696 0.0513107732795622 0.087795432432977 0.140750268010058 0.105359876132518 0.3148073304482 0.146076541551966
"16" 0.112520643628055 0.131076724024466 0.259692551883247 0.310721379089037 0.258470110797614 0.178913397805294 0.129347787376165 0.101078196200079 0.327039925420213 0.201102972605856 0.0799053035941742 0.0627510770675141 0.0934393992807129 0.0962832253302351 0.0667093458148928 0 0.251012033783684 0.123748585699843 0.041992743210039 0.0953306782412044 0.199185257982035 0.037093553864676 0.171672127131432 0.132167832169246 0.156804461640707 0.149368146475809 0.168673214873012 0.19297989297946 0.235177206657107 0.0579803509603594 0.220417001295237 0.0838325325293003 0.167532793277006 0.114294322594731 0.276574933309133 0.111564022162272 0.113370830950745 0.258509692590877 0.0955906633361489 0.148976387293819 0.154226705187457 0.173518483932075 0.0917881262785387 0.193816467645375 0.185669254909624 0.289500312643191 0.278016083921771 0.247082815550896 0.189387262673162 0.154452818865477 0.216002458338036 0.242176879000994 0.0483744276442866 0.135257457899262 0.285720716521074 0.286152936424243 0.13652465141094 0.232573903096832 0.311397724973922 0.220307793148776 0.307951682560639 0.129837058482306 0.198483320980273 0.0868303941428179 0.292265527845964 0.224197296858518 0.0489829972277495 0.263638328380648 0.163143704908626 0.291942583985134 0.295379719566603 0.167702004349827 0.185683850500135 0.126162623120657 0.0668997870034315 0.0391953506852859 0.244686838331875 0.208956547609056 0.115569730791267 0.088017269257091 0.195502769836713 0.154543884496971 0.280485477981876 0.18662182213222
"17" 0.153957310952233 0.376359091588809 0.373462342714296 0.357685492510456 0.346854059951119 0.124934332016669 0.139041522728065 0.152347736552227 0.131255159469277 0.302227875902387 0.300380659718093 0.310692865517146 0.302189323042089 0.222296924148185 0.213347385062577 0.251012033783684 0 0.129239411642742 0.209113050953082 0.260017209474002 0.175761533551556 0.237856601177881 0.419934916184508 0.248274148103482 0.246669024230981 0.357886171558634 0.255086598664689 0.107368960905171 0.110483294122025 0.289564318559059 0.161393653384755 0.221461033311569 0.286183182064137 0.191471726422347 0.201969180360564 0.169969886039948 0.230978325949203 0.0629945672731345 0.276871201566703 0.187664584970384 0.206986717699922 0.0837832372883165 0.337124438784053 0.335370041113369 0.214020221693086 0.130788623663663 0.195380864411383 0.43486299046056 0.315942705382076 0.36665991850696 0.236344555660678 0.225572668695746 0.234703319867344 0.321122020930762 0.116107975861372 0.286772818643213 0.380555470454033 0.0417695820200655 0.0639456787132928 0.0579059344309907 0.248652868491416 0.279823963659134 0.177063022204617 0.170740983507235 0.0734006295230098 0.104536092057603 0.281134176253884 0.408686696735437 0.140218580974788 0.39772654623404 0.178955162049058 0.155458370571589 0.254789936327251 0.126726260370748 0.25311303121492 0.289758683810699 0.291348627128174 0.38097554685274 0.176545890152908 0.169822298516809 0.0957563148543043 0.110571276287921 0.291340660071166 0.0672803856885581
"18" 0.0629031697307689 0.247120257924221 0.28105905417447 0.325579297006761 0.292583487348528 0.105511428479603 0.0317834777140858 0.0231510558326787 0.226651115926565 0.236927701179386 0.184503232628634 0.181763052349531 0.175897940747151 0.126814408408137 0.103081503391308 0.123748585699843 0.129239411642742 0 0.0818976024864359 0.13861326353208 0.124540669766531 0.118044856218025 0.29502772897079 0.166043321994415 0.177410561750369 0.249813021320973 0.160637314234551 0.0820186764859505 0.124433775476406 0.16049724233523 0.13288226693406 0.0989217978944957 0.21011778463321 0.0805356374206256 0.22288489485963 0.055096608648104 0.117792347161344 0.150276159889072 0.172222502366878 0.128699480738724 0.116633534117866 0.0499038152042311 0.213410064477559 0.254493534371432 0.171446616443397 0.177702752629281 0.191547917683789 0.338834147898543 0.213701997357582 0.242044318307373 0.172465655044192 0.21346982156016 0.106079676773601 0.219813002694844 0.190954586380829 0.27328779538084 0.257904405926725 0.108924918339827 0.187932472934057 0.111311880486212 0.266110725295899 0.16526277847208 0.156068400758909 0.0589170227229115 0.169518563164751 0.135934082961989 0.160200255629681 0.331247311294308 0.0710197651022079 0.338524050779102 0.224444656828733 0.117902148071481 0.19838492818125 0.0312503158506685 0.142191748235389 0.161690707832748 0.252879801603374 0.289692804378256 0.0941127707443808 0.0410671033792082 0.103241883467784 0.0633501139271418 0.241069729415978 0.0710359055879966
"19" 0.077284419822092 0.170197236336353 0.2634095943389 0.307554232424191 0.26134754219968 0.144712110209597 0.0903581070746902 0.0595086564790777 0.28953200453529 0.202992962738404 0.109440261593137 0.102620461740527 0.115452152984855 0.0874681311533563 0.0529900322305296 0.041992743210039 0.209113050953082 0.0818976024864359 0 0.0980629150095849 0.169530712504512 0.04481139940334 0.213169985979249 0.129365228952645 0.150463964947714 0.178447020335806 0.158073036773533 0.15424987318559 0.197041704410528 0.0883538175573871 0.188008187228768 0.0701022731366879 0.170737806874856 0.0884347296199482 0.25053974385684 0.078212387528129 0.101610197384309 0.21885090757608 0.110189749795541 0.127194395928477 0.132515792021565 0.131758611002462 0.132010748470635 0.205670406365044 0.168519007361243 0.25148694148499 0.247048301658501 0.273408865342466 0.191883363128616 0.181491526082436 0.196152443345468 0.222717710842908 0.0465352014437641 0.156066959363139 0.249178634352995 0.272953169258769 0.176699629773145 0.1908086120554 0.269409925403779 0.180186954988153 0.286008403714083 0.133024419360101 0.173225596215519 0.0503006816737694 0.25092689824321 0.188191001373223 0.081531785074464 0.279883165476321 0.127524978377199 0.300243786221212 0.264920235801287 0.138657704435944 0.17802914031775 0.0852164215988322 0.0775191076712436 0.0806808765300044 0.237659115181445 0.22988191445854 0.089129078113774 0.048670312028153 0.157985682356318 0.115734552489465 0.26388815886415 0.14524561973421
"20" 0.168146788763469 0.139874742212091 0.166350481771217 0.402824736250941 0.352828246923601 0.232683322639432 0.121071005957593 0.119508035265227 0.365212947258507 0.294953465113046 0.170808736258735 0.0999342095799333 0.0489709509053173 0.183433209824664 0.149412361194797 0.0953306782412044 0.260017209474002 0.13861326353208 0.0980629150095849 0 0.141021250554588 0.128757174445199 0.221471375179382 0.223477101194246 0.246408492199221 0.237090027979299 0.0785857573772455 0.16868782155079 0.202592615129551 0.0653542149160425 0.167588472298977 0.0396959121563093 0.261610912338622 0.0705641808505316 0.344948543160627 0.0900473437422178 0.0370649043534258 0.288776831728061 0.19092133929287 0.22480811538599 0.0848952615227143 0.17640778947603 0.161232317967335 0.289120742417781 0.266558440324418 0.251979282718773 0.216273774563137 0.335244273389092 0.0950844350500828 0.10717540096255 0.13502185180159 0.320307227192669 0.0523469028169747 0.229069018568941 0.328646718080619 0.370973251457358 0.200061758150099 0.228570529214795 0.30993885055357 0.249910130382386 0.382518617325068 0.0353711944739688 0.269015640924865 0.142549421985582 0.277593404692588 0.270959693702788 0.140397835051699 0.357959051528463 0.130812868918609 0.387249085538757 0.354922600490165 0.23264248264886 0.274650318379894 0.160267878338284 0.161477763303934 0.100545601036702 0.334329611977741 0.301696977614141 0.185988218397844 0.100269619851167 0.238534773615048 0.195668168965283 0.192404567674486 0.209245294161866
"21" 0.18699113552748 0.280852028747999 0.201032994069267 0.450099749084814 0.415391977898005 0.222781234585695 0.0939672050553703 0.129082834975083 0.304778031002735 0.358588062127517 0.277245609108344 0.233428855608101 0.189773432762642 0.243816402733209 0.213547011749846 0.199185257982035 0.175761533551556 0.124540669766531 0.169530712504512 0.141021250554588 0 0.214340384689432 0.357614938175111 0.285581471132311 0.299866746819537 0.346949280381689 0.0929839569191293 0.0698202929828238 0.0770447592044736 0.200342148695813 0.0274198758190974 0.120808376585536 0.32969344116821 0.0851467231912341 0.337451952493679 0.0916604979115073 0.104059554190057 0.228616987221734 0.278880717807572 0.253230291869362 0.0566736757154752 0.115814009848084 0.286966442394175 0.370626378637445 0.295905421410103 0.115659432719527 0.0789714389568862 0.442859445866832 0.15350515988225 0.238355894456446 0.0606024205107077 0.335576885892268 0.154953097867529 0.325451287104618 0.280465505339243 0.396579409696586 0.33012940743579 0.134442599020659 0.203326774002443 0.198142476595222 0.38307229683602 0.140166697612948 0.277818395576218 0.176578696151956 0.159853494171681 0.239807050225582 0.247275477456003 0.44656753455419 0.0539568153178402 0.459723625073918 0.330163768757742 0.240493952974326 0.322253518000314 0.155055547353196 0.246292459434918 0.224746095676457 0.377396927065567 0.398953460799002 0.217670376086947 0.12576473809652 0.210351376846956 0.180746142677944 0.1217164266207 0.161260852598119
"22" 0.0885772105372416 0.159748899314999 0.294659687014514 0.274720751301379 0.224124958803702 0.151112670810222 0.132519250335946 0.0982062578911801 0.301309644362542 0.166196291642473 0.0667300722179888 0.0927281533926445 0.13053289893892 0.0592982831332942 0.0327446191768821 0.037093553864676 0.237856601177881 0.118044856218025 0.04481139940334 0.128757174445199 0.214340384689432 0 0.182703118965887 0.095612319487497 0.119889974641746 0.134433474254531 0.197449959127151 0.195810454046402 0.238863709332835 0.0945685278697519 0.232544210737314 0.109532392680277 0.132885000136745 0.132637265141325 0.242184918727567 0.122935793641179 0.140881477290609 0.236986021752342 0.0662072046383003 0.114057789724209 0.176041946675806 0.167119212759162 0.0997006118773433 0.163469026084884 0.149130510125626 0.293163770455856 0.291727222590306 0.228661805736251 0.223734370474454 0.19077091447696 0.23943797116844 0.205859547358322 0.0776740062517256 0.111334574686696 0.259029942841524 0.249066809690807 0.142700851539482 0.22526073962406 0.300439102157745 0.200318865252218 0.272038965036749 0.163948325670098 0.164307502556199 0.0672139219162892 0.286910372832148 0.197524066260353 0.0432868988159302 0.236383172434857 0.171377729724713 0.260009872894376 0.263234406609839 0.136033491994217 0.148723053461407 0.111186893024134 0.034020089864854 0.0674024768197784 0.207897902704247 0.18528164753255 0.0839718603220188 0.0916664590038391 0.171255225668384 0.133435964450151 0.306292704507494 0.17114606371913
"23" 0.270607605921177 0.0972309199620993 0.333749433702695 0.350715749364185 0.286744178422892 0.3282067204796 0.300262155739691 0.272625709971422 0.47811062641318 0.249369705892997 0.128800859238933 0.1241911726573 0.178562751894008 0.21736870237295 0.211040746344298 0.171672127131432 0.419934916184508 0.29502772897079 0.213169985979249 0.221471375179382 0.357614938175111 0.182703118965887 0 0.222383758955863 0.245357959600704 0.116700503913524 0.296913260582991 0.363164906071271 0.404416839652608 0.157690434662852 0.382154834928854 0.237095419119902 0.224668403987479 0.274465112762511 0.395322226855623 0.278944240097863 0.256004530510866 0.418432799122174 0.167571937277276 0.27598573131703 0.304215247764654 0.344917087931147 0.0830026247028636 0.209535875615008 0.293458606961271 0.458186489273952 0.43556496345951 0.174910617253641 0.28228365649254 0.176936221245697 0.35604289701744 0.345909262001822 0.205201281889757 0.152044659904065 0.435035707697155 0.364267471832824 0.0433385845884588 0.403952467518435 0.481704876796611 0.382614575614944 0.411242993628406 0.2400682501365 0.324269747346674 0.249815908492453 0.463934394720683 0.374795909209525 0.139912930283731 0.236394109655206 0.330690542326658 0.291632507129211 0.425806027927813 0.306797791841592 0.268081646559237 0.293276523185371 0.175949602878386 0.136335586560237 0.310211133918692 0.17932710986938 0.259184048828013 0.259455304657277 0.351570237816364 0.315794906225958 0.407724882813231 0.353652800190724
"24" 0.105735356586791 0.236026826673768 0.389771583939581 0.179357623519585 0.132355904779386 0.128132539688706 0.19287653475082 0.156647970523044 0.266803550126929 0.0741419364044596 0.0982917863310987 0.176895578656448 0.225049615473238 0.0426581978505807 0.0765808102361376 0.132167832169246 0.248274148103482 0.166043321994415 0.129365228952645 0.223477101194246 0.285581471132311 0.095612319487497 0.222383758955863 0 0.0260534534637242 0.122769481707197 0.28739850016646 0.247178452712421 0.288191559296179 0.187600226760383 0.297832598579507 0.199438901629734 0.0442113651760516 0.213767766350749 0.172938469737603 0.196643603047025 0.230974648733434 0.222521658667511 0.0562077035701696 0.0640516940684264 0.258587626541555 0.203470972881046 0.151275440832908 0.0897545697634456 0.0710748833306948 0.339098817335252 0.357109138533766 0.186861729342778 0.318554787363835 0.281687002559965 0.321895253654046 0.125017027213023 0.17142743007758 0.0809896290598493 0.224022202154024 0.157224908496247 0.179255743855376 0.25186053254737 0.311563215475202 0.195546915988238 0.191767649389593 0.258827284074129 0.10475078939737 0.109188277280358 0.313060946914642 0.169669649924661 0.107569996901402 0.166198044243707 0.234789946545633 0.174242236013751 0.204591720056548 0.0990963222117061 0.0545985092307667 0.141745008449607 0.0675626110737035 0.153353152882083 0.112620884820407 0.132701415648184 0.0755067743750666 0.161283621005572 0.157318323943794 0.139810210181694 0.39077153147245 0.184635447866442
"25" 0.114915395039005 0.261975111779514 0.412742098643047 0.157097665266176 0.115525393298481 0.12280782892786 0.206146580979484 0.170954866715047 0.252456119473614 0.0597750186808385 0.123516831484171 0.202888287984208 0.25003786429764 0.0631177233602165 0.0975455753902967 0.156804461640707 0.246669024230981 0.177410561750369 0.150463964947714 0.246408492199221 0.299866746819537 0.119889974641746 0.245357959600704 0.0260534534637242 0 0.140666268479408 0.307748649662963 0.25663382836254 0.296290821605482 0.212918472084305 0.310245081678728 0.220434827455003 0.0398612101717638 0.231921240940193 0.150859271988309 0.213156789915283 0.251743821660892 0.214749457134312 0.081325615263122 0.0590370818802521 0.276576343796178 0.210257582553547 0.176435719283351 0.0891186652791416 0.0501497458651527 0.3455122780917 0.368909648517765 0.193374306089549 0.341339273914567 0.307432046701117 0.339318687173763 0.100670724413713 0.194116414055216 0.0986657866182991 0.210404531622639 0.131230124846348 0.202541897222979 0.254560437535246 0.308824630633524 0.191483157126979 0.166886228236713 0.281775918953334 0.0886383050115177 0.123744272290358 0.314395046688169 0.160028707322239 0.133623203343991 0.162324968272457 0.247731744018684 0.161309107506537 0.184812674807215 0.092288100908572 0.0289317248730476 0.150416448497597 0.093318786173778 0.179219028908661 0.0881090132571859 0.138131010728024 0.0835212365696375 0.177919566704812 0.152561048099005 0.142249106672724 0.408536876044874 0.186152179675872
"26" 0.204403314110386 0.17358128640424 0.387635818262004 0.234353433893565 0.170549967747003 0.246480348185346 0.266812803822857 0.23171498269192 0.389430779376939 0.133675174710128 0.0697784076712662 0.14662305303655 0.212680955171275 0.136096280785836 0.147779624494652 0.149368146475809 0.357886171558634 0.249813021320973 0.178447020335806 0.237090027979299 0.346949280381689 0.134433474254531 0.116700503913524 0.122769481707197 0.140666268479408 0 0.314717146333385 0.32967206158509 0.372739097031473 0.176403197091649 0.366380804233244 0.233007993071316 0.112361392298239 0.262932086131166 0.29081257007845 0.256462431325974 0.261447562059503 0.341165946876253 0.0810155142672999 0.185128713555394 0.303594453629356 0.296844392962914 0.0859330454059339 0.0929123043549852 0.190792022558933 0.426830741209146 0.425162702478474 0.0982809275180094 0.323001021384644 0.244844699557921 0.365031295550742 0.238027466319334 0.197211273787511 0.0420714173516203 0.346522955487228 0.249531879924569 0.0807431563410463 0.352667648423578 0.421814929783631 0.310381778837342 0.300830765143525 0.267490160359738 0.227311030750665 0.192922292495271 0.415025927902749 0.290537621753435 0.100398826449718 0.132841529170911 0.305751672726977 0.18080248317037 0.325475273466822 0.219583265648085 0.158579306395797 0.23619592370639 0.107769370186922 0.137174548822061 0.194875432844454 0.0722077172317665 0.182267118055109 0.226095835172767 0.274116881013297 0.247440831651387 0.428065185359389 0.290999120123096
