"V1" "V2" "V3" "V4" "V5" "V6" "V7" "V8" "V9" "V10" "V11" "V12" "V13" "V14" "V15" "V16" "V17" "V18" "V19" "V20" "V21"
"1" 0 0.275622676410421 0.817986267590354 0.773936273690614 0.986393923832144 0.275622676410421 0.291089989574838 0.906111060229201 0.584683990615782 0.992300527064098 0.764439763444916 0.97447331769297 0.616311040594129 0.653137620194301 0.683735710306677 0.7980985437964 0.918918918918919 1.30179400851809 0.944013470085026 1.01558347178681 1.23262208118826
"2" 0.275622676410421 0 0.543236520060589 0.498353754448264 0.710970077727887 0.305775905377967 0.27027027027027 0.63268648166052 0.346114823645019 0.735214622093808 0.556520548161459 0.727222921463444 0.551245352820842 0.540540540540541 0.597046541469582 0.657595949221429 0.773936273690614 1.07294233736644 0.866552407669265 0.879936248437822 1.03975048982007
"3" 0.817986267590354 0.543236520060589 0 0.0764439763444916 0.170933927576669 0.773936273690614 0.721171030493315 0.170933927576669 0.389789327077188 0.382219881722458 0.509944926057114 0.432432432432432 0.810810810810811 0.727222921463444 0.803571283638838 0.735214622093808 0.7980985437964 0.773936273690614 1.00546352636423 0.894753803094424 0.866552407669265
"4" 0.773936273690614 0.498353754448264 0.0764439763444916 0 0.216216216216216 0.710970077727887 0.657595949221429 0.152887952688983 0.315186588910557 0.341867855153338 0.435797716124246 0.382219881722458 0.735214622093808 0.650897004259043 0.727222921463444 0.659813817066687 0.725211235945878 0.735214622093808 0.929981109950554 0.823326822255558 0.810810810810811
"5" 0.986393923832144 0.710970077727887 0.170933927576669 0.216216216216216 0 0.925256365871551 0.871595432248492 0.152887952688983 0.512801782730008 0.341867855153338 0.574602476364035 0.411663411127779 0.918918918918919 0.825099325539121 0.899638755518553 0.803571283638838 0.844351316314233 0.702702702702703 1.07021566882288 0.929981109950554 0.839144578176217
"6" 0.275622676410421 0.305775905377967 0.773936273690614 0.710970077727887 0.925256365871551 0 0.0540540540540541 0.810810810810811 0.435797716124246 0.839144578176217 0.556520548161459 0.803571283638838 0.341867855153338 0.389789327077188 0.411663411127779 0.540540540540541 0.659813817066687 1.09451117466576 0.668611723073134 0.750942918348638 0.993771692478391
"7" 0.291089989574838 0.27027027027027 0.721171030493315 0.657595949221429 0.871595432248492 0.0540540540540541 0 0.756756756756757 0.382219881722458 0.787038906949245 0.509944926057114 0.752885852820763 0.328797974610715 0.362605617972939 0.393519453474623 0.509944926057114 0.630373177821114 1.04953988318636 0.657595949221429 0.725211235945878 0.956313838538061
"8" 0.906111060229201 0.63268648166052 0.170933927576669 0.152887952688983 0.152887952688983 0.810810810810811 0.756756756756757 0 0.382219881722458 0.216216216216216 0.422175658157116 0.275622676410421 0.773936273690614 0.677295356007658 0.750942918348638 0.650897004259043 0.692229647290038 0.604342696621565 0.9173277161339 0.779578654154376 0.710970077727887
"9" 0.584683990615782 0.346114823645019 0.389789327077188 0.315186588910557 0.512801782730008 0.435797716124246 0.382219881722458 0.382219881722458 0 0.411663411127779 0.222870574357711 0.389789327077188 0.422175658157116 0.346114823645019 0.422175658157116 0.393519453474623 0.489480277737158 0.727222921463444 0.653137620194301 0.597046541469582 0.702702702702703
"10" 0.992300527064098 0.735214622093808 0.382219881722458 0.341867855153338 0.341867855153338 0.839144578176217 0.787038906949245 0.216216216216216 0.411663411127779 0 0.328797974610715 0.0764439763444916 0.710970077727887 0.604342696621565 0.668611723073134 0.532370691988979 0.540540540540541 0.393519453474623 0.779578654154376 0.611551810755933 0.498353754448264
"11" 0.764439763444916 0.556520548161459 0.509944926057114 0.435797716124246 0.574602476364035 0.556520548161459 0.509944926057114 0.422175658157116 0.222870574357711 0.328797974610715 0 0.27027027027027 0.382219881722458 0.275622676410421 0.341867855153338 0.229331929033475 0.291089989574838 0.540540540540541 0.498353754448264 0.393519453474623 0.483474157297252
"12" 0.97447331769297 0.727222921463444 0.432432432432432 0.382219881722458 0.411663411127779 0.803571283638838 0.752885852820763 0.275622676410421 0.389789327077188 0.0764439763444916 0.27027027027027 0 0.650897004259043 0.543236520060589 0.604342696621565 0.461838040287434 0.464990554975277 0.362605617972939 0.704778638400286 0.535107834411441 0.435797716124246
"13" 0.616311040594129 0.551245352820842 0.810810810810811 0.735214622093808 0.918918918918919 0.341867855153338 0.328797974610715 0.773936273690614 0.422175658157116 0.710970077727887 0.382219881722458 0.650897004259043 0 0.108108108108108 0.0764439763444916 0.241737078648626 0.346114823645019 0.854669637883346 0.328797974610715 0.422175658157116 0.704778638400286
"14" 0.653137620194301 0.540540540540541 0.727222921463444 0.650897004259043 0.825099325539121 0.389789327077188 0.362605617972939 0.677295356007658 0.346114823645019 0.604342696621565 0.275622676410421 0.543236520060589 0.108108108108108 0 0.0764439763444916 0.152887952688983 0.27027027027027 0.752885852820763 0.328797974610715 0.362605617972939 0.616311040594129
"15" 0.683735710306677 0.597046541469582 0.803571283638838 0.727222921463444 0.899638755518553 0.411663411127779 0.393519453474623 0.750942918348638 0.422175658157116 0.668611723073134 0.341867855153338 0.604342696621565 0.0764439763444916 0.0764439763444916 0 0.170933927576669 0.27027027027027 0.787038906949245 0.27027027027027 0.346114823645019 0.630373177821114
"16" 0.7980985437964 0.657595949221429 0.735214622093808 0.659813817066687 0.803571283638838 0.540540540540541 0.509944926057114 0.650897004259043 0.393519453474623 0.532370691988979 0.229331929033475 0.461838040287434 0.241737078648626 0.152887952688983 0.170933927576669 0 0.120868539324313 0.616311040594129 0.27027027027027 0.222870574357711 0.464990554975277
"17" 0.918918918918919 0.773936273690614 0.7980985437964 0.725211235945878 0.844351316314233 0.659813817066687 0.630373177821114 0.692229647290038 0.489480277737158 0.540540540540541 0.291089989574838 0.464990554975277 0.346114823645019 0.27027027027027 0.27027027027027 0.120868539324313 0 0.543236520060589 0.241737078648626 0.108108108108108 0.362605617972939
"18" 1.30179400851809 1.07294233736644 0.773936273690614 0.735214622093808 0.702702702702703 1.09451117466576 1.04953988318636 0.604342696621565 0.727222921463444 0.393519453474623 0.540540540540541 0.362605617972939 0.854669637883346 0.752885852820763 0.787038906949245 0.616311040594129 0.543236520060589 0 0.758684802573957 0.543236520060589 0.241737078648626
"19" 0.944013470085026 0.866552407669265 1.00546352636423 0.929981109950554 1.07021566882288 0.668611723073134 0.657595949221429 0.9173277161339 0.653137620194301 0.779578654154376 0.498353754448264 0.704778638400286 0.328797974610715 0.328797974610715 0.27027027027027 0.27027027027027 0.241737078648626 0.758684802573957 0 0.216216216216216 0.543236520060589
"20" 1.01558347178681 0.879936248437822 0.894753803094424 0.823326822255558 0.929981109950554 0.750942918348638 0.725211235945878 0.779578654154376 0.597046541469582 0.611551810755933 0.393519453474623 0.535107834411441 0.422175658157116 0.362605617972939 0.346114823645019 0.222870574357711 0.108108108108108 0.543236520060589 0.216216216216216 0 0.328797974610715
"21" 1.23262208118826 1.03975048982007 0.866552407669265 0.810810810810811 0.839144578176217 0.993771692478391 0.956313838538061 0.710970077727887 0.702702702702703 0.498353754448264 0.483474157297252 0.435797716124246 0.704778638400286 0.616311040594129 0.630373177821114 0.464990554975277 0.362605617972939 0.241737078648626 0.543236520060589 0.328797974610715 0
