"V1" "V2" "V3" "V4" "V5" "V6" "V7" "V8" "V9" "V10" "V11" "V12" "V13" "V14" "V15" "V16" "V17" "V18" "V19" "V20" "V21"
"1" 0 0.920507371131157 0.241737078648626 0.229331929033475 0.315186588910557 0.683735710306677 0.752885852820763 0.389789327077188 0.677295356007658 0.445741148715423 0.509944926057114 0.727222921463444 0.735214622093808 0.779578654154376 0.710970077727887 0.920507371131157 0.873269968724514 0.944013470085026 1.30179400851809 1.09451117466576 0.986393923832144
"2" 0.920507371131157 0 0.704778638400286 0.764439763444916 0.657595949221429 0.315186588910557 0.305775905377967 0.752885852820763 0.422175658157116 0.894753803094424 0.750942918348638 0.650897004259043 0.727222921463444 0.768252454246048 1.03834447093506 0.725211235945878 0.96240507106837 0.97447331769297 0.812610615047184 0.923676080574868 1.19041705651596
"3" 0.241737078648626 0.704778638400286 0 0.0764439763444916 0.0764439763444916 0.445741148715423 0.512801782730007 0.216216216216216 0.435797716124246 0.341867855153338 0.328797974610715 0.509944926057114 0.532370691988979 0.582179979149676 0.604342696621565 0.704778638400286 0.710970077727887 0.773936273690614 1.07021566882288 0.894753803094424 0.866552407669265
"4" 0.229331929033475 0.764439763444916 0.0764439763444916 0 0.108108108108108 0.489480277737158 0.551245352820842 0.170933927576669 0.461838040287434 0.275622676410421 0.291089989574838 0.498353754448264 0.509944926057114 0.556520548161459 0.543236520060589 0.692229647290038 0.668611723073134 0.735214622093808 1.07294233736644 0.871595432248492 0.810810810810811
"5" 0.315186588910557 0.657595949221429 0.0764439763444916 0.108108108108108 0 0.382219881722458 0.445741148715423 0.170933927576669 0.362605617972939 0.315186588910557 0.27027027027027 0.435797716124246 0.461838040287434 0.512801782730007 0.564340892373543 0.630373177821114 0.650897004259043 0.710970077727887 0.993771692478391 0.823326822255558 0.817986267590354
"6" 0.683735710306677 0.315186588910557 0.445741148715423 0.489480277737158 0.382219881722458 0 0.0764439763444916 0.445741148715423 0.120868539324313 0.582179979149676 0.435797716124246 0.362605617972939 0.435797716124246 0.483474157297252 0.727222921463444 0.489480277737158 0.677295356007658 0.702702702702703 0.725211235945878 0.704778638400286 0.899638755518553
"7" 0.752885852820763 0.305775905377967 0.512801782730007 0.551245352820842 0.445741148715423 0.0764439763444916 0 0.489480277737158 0.120868539324313 0.616311040594129 0.461838040287434 0.346114823645019 0.422175658157116 0.464990554975277 0.735214622093808 0.445741148715423 0.659813817066687 0.677295356007658 0.653137620194301 0.657595949221429 0.886552403613877
"8" 0.389789327077188 0.752885852820763 0.216216216216216 0.170933927576669 0.170933927576669 0.445741148715423 0.489480277737158 0 0.378378378378378 0.152887952688983 0.120868539324313 0.346114823645019 0.346114823645019 0.389789327077188 0.393519453474623 0.535107834411441 0.498353754448264 0.564340892373543 0.929981109950554 0.704778638400286 0.650897004259043
"9" 0.677295356007658 0.422175658157116 0.435797716124246 0.461838040287434 0.362605617972939 0.120868539324313 0.120868539324313 0.378378378378378 0 0.498353754448264 0.341867855153338 0.241737078648626 0.315186588910557 0.362605617972939 0.616311040594129 0.378378378378378 0.556520548161459 0.582179979149676 0.659813817066687 0.594594594594595 0.779578654154376
"10" 0.445741148715423 0.894753803094424 0.341867855153338 0.275622676410421 0.315186588910557 0.582179979149676 0.616311040594129 0.152887952688983 0.498353754448264 0 0.162162162162162 0.393519453474623 0.362605617972939 0.389789327077188 0.27027027027027 0.556520548161459 0.435797716124246 0.509944926057114 0.966948314594504 0.687995787100425 0.543236520060589
"11" 0.509944926057114 0.750942918348638 0.328797974610715 0.291089989574838 0.27027027027027 0.435797716124246 0.461838040287434 0.120868539324313 0.341867855153338 0.162162162162162 0 0.241737078648626 0.229331929033475 0.27027027027027 0.315186588910557 0.422175658157116 0.382219881722458 0.445741148715423 0.825099325539121 0.584683990615782 0.551245352820842
"12" 0.727222921463444 0.650897004259043 0.509944926057114 0.498353754448264 0.435797716124246 0.362605617972939 0.346114823645019 0.346114823645019 0.241737078648626 0.393519453474623 0.241737078648626 0 0.0764439763444916 0.120868539324313 0.411663411127779 0.194894663538594 0.315186588910557 0.341867855153338 0.584683990615782 0.393519453474623 0.540540540540541
"13" 0.735214622093808 0.727222921463444 0.532370691988979 0.509944926057114 0.461838040287434 0.435797716124246 0.422175658157116 0.346114823645019 0.315186588910557 0.362605617972939 0.229331929033475 0.0764439763444916 0 0.0540540540540541 0.341867855153338 0.194894663538594 0.241737078648626 0.275622676410421 0.604342696621565 0.362605617972939 0.464990554975277
"14" 0.779578654154376 0.768252454246048 0.582179979149676 0.556520548161459 0.512801782730007 0.483474157297252 0.464990554975277 0.389789327077188 0.362605617972939 0.389789327077188 0.27027027027027 0.120868539324313 0.0540540540540541 0 0.328797974610715 0.170933927576669 0.194894663538594 0.222870574357711 0.582179979149676 0.315186588910557 0.422175658157116
"15" 0.710970077727887 1.03834447093506 0.604342696621565 0.543236520060589 0.564340892373543 0.727222921463444 0.735214622093808 0.393519453474623 0.616311040594129 0.27027027027027 0.315186588910557 0.411663411127779 0.341867855153338 0.328797974610715 0 0.486486486486486 0.241737078648626 0.315186588910557 0.879936248437822 0.532370691988979 0.275622676410421
"16" 0.920507371131157 0.725211235945878 0.704778638400286 0.692229647290038 0.630373177821114 0.489480277737158 0.445741148715423 0.535107834411441 0.378378378378378 0.556520548161459 0.422175658157116 0.194894663538594 0.194894663538594 0.170933927576669 0.486486486486486 0 0.291089989574838 0.27027027027027 0.411663411127779 0.216216216216216 0.509944926057114
"17" 0.873269968724514 0.96240507106837 0.710970077727887 0.668611723073134 0.650897004259043 0.677295356007658 0.659813817066687 0.498353754448264 0.556520548161459 0.435797716124246 0.382219881722458 0.315186588910557 0.241737078648626 0.194894663538594 0.241737078648626 0.291089989574838 0 0.0764439763444916 0.650897004259043 0.291089989574838 0.229331929033475
"18" 0.944013470085026 0.97447331769297 0.773936273690614 0.735214622093808 0.710970077727887 0.702702702702703 0.677295356007658 0.564340892373543 0.582179979149676 0.509944926057114 0.445741148715423 0.341867855153338 0.275622676410421 0.222870574357711 0.315186588910557 0.27027027027027 0.0764439763444916 0 0.594594594594595 0.222870574357711 0.241737078648626
"19" 1.30179400851809 0.812610615047184 1.07021566882288 1.07294233736644 0.993771692478391 0.725211235945878 0.653137620194301 0.929981109950554 0.659813817066687 0.966948314594504 0.825099325539121 0.584683990615782 0.604342696621565 0.582179979149676 0.879936248437822 0.411663411127779 0.650897004259043 0.594594594594595 0 0.382219881722458 0.817986267590354
"20" 1.09451117466576 0.923676080574868 0.894753803094424 0.871595432248492 0.823326822255558 0.704778638400286 0.657595949221429 0.704778638400286 0.594594594594595 0.687995787100425 0.584683990615782 0.393519453474623 0.362605617972939 0.315186588910557 0.532370691988979 0.216216216216216 0.291089989574838 0.222870574357711 0.382219881722458 0 0.435797716124246
"21" 0.986393923832144 1.19041705651596 0.866552407669265 0.810810810810811 0.817986267590354 0.899638755518553 0.886552403613877 0.650897004259043 0.779578654154376 0.543236520060589 0.551245352820842 0.540540540540541 0.464990554975277 0.422175658157116 0.275622676410421 0.509944926057114 0.229331929033475 0.241737078648626 0.817986267590354 0.435797716124246 0
