"V1" "V2" "V3" "V4" "V5" "V6" "V7" "V8" "V9" "V10" "V11" "V12" "V13" "V14" "V15" "V16" "V17" "V18" "V19" "V20" "V21"
"1" 0 0.0854185984835295 0.179531151752625 0.0905846206642567 0.251687513141736 0.127002214200992 0.150240136248091 0.179520770095071 0.179759012246605 0.304941317312029 0.133161547998435 0.163446904108065 0.115372935241059 0.271823651812857 0.213792905621785 0.314186295844825 0.113713537207641 0.0999891399079002 0.265800876306622 0.084748490395949 0.227198217572957
"2" 0.0854185984835295 0 0.119687762458173 0.175819022956708 0.168416916808804 0.19977625367433 0.226864994265139 0.224527361872061 0.114799142714613 0.26516143463188 0.131077443805844 0.0783682967342468 0.0808716186100381 0.209257974470945 0.17898094615448 0.236781644601727 0.0784850442914954 0.153635935339895 0.258114041838926 0.109364104495141 0.142670910099241
"3" 0.179531151752625 0.119687762458173 0 0.26219553544383 0.17871238727549 0.24481452372666 0.329719185675292 0.221184772379459 0.193973206920038 0.352827011490402 0.248972080106158 0.0935433148393812 0.194381330684612 0.272969875936857 0.278463433686892 0.261225269826779 0.0694211028335331 0.268589338553899 0.17508028679932 0.134116408773041 0.109310562873411
"4" 0.0905846206642567 0.175819022956708 0.26219553544383 0 0.339766067397266 0.0910734201093824 0.0813865586984733 0.178084928930231 0.258679123539708 0.358773845506772 0.179315944572865 0.254005603712636 0.187171943057062 0.344841329144374 0.270478162748748 0.397183792338637 0.193108154182251 0.100005117376625 0.308345720245332 0.13938933739536 0.31776598910444
"5" 0.251687513141736 0.168416916808804 0.17871238727549 0.339766067397266 0 0.367158696354908 0.375576684207655 0.377497764555587 0.103409489899558 0.215938107159941 0.216533611137275 0.101194081021838 0.168802020788002 0.118818126703298 0.179595507247379 0.0825227582392596 0.206663540320074 0.288285391931247 0.353247795796373 0.266238983091209 0.0749857430464927
"6" 0.127002214200992 0.19977625367433 0.24481452372666 0.0910734201093824 0.367158696354908 0 0.166450020800721 0.0913276055992234 0.305640358463686 0.429149546629469 0.251729654224637 0.26955964132451 0.242234559282626 0.398594077098894 0.338280874781692 0.436198385229038 0.178884231340933 0.185323352664149 0.238874991574052 0.111236815676375 0.327149537838977
"7" 0.150240136248091 0.226864994265139 0.329719185675292 0.0813865586984733 0.375576684207655 0.166450020800721 0 0.256758441733501 0.281336393808856 0.345607811410413 0.177849776405094 0.303602817713124 0.208774041172226 0.354473213748609 0.266277972586935 0.420151783855298 0.262782011834146 0.0902661373070117 0.389570090341933 0.216860387163579 0.368068474007013
"8" 0.179520770095071 0.224527361872061 0.221184772379459 0.178084928930231 0.377497764555587 0.0913276055992234 0.256758441733501 0 0.339092301010803 0.480932873426423 0.312677879740823 0.276321855885242 0.288374576979364 0.433719570756065 0.390302374689397 0.454793805409089 0.171264492627728 0.262116805422007 0.157889777912195 0.115224027554033 0.322361672895966
"9" 0.179759012246605 0.114799142714613 0.193973206920038 0.258679123539708 0.103409489899558 0.305640358463686 0.281336393808856 0.339092301010803 0 0.159236660079355 0.113810918510652 0.10195699001677 0.073160275370734 0.0947011494579624 0.089427765092618 0.139636835696866 0.184718419966152 0.191653192974791 0.359961355760674 0.224079601794899 0.137244634091074
"10" 0.304941317312029 0.26516143463188 0.352827011490402 0.358773845506772 0.215938107159941 0.429149546629469 0.345607811410413 0.480932873426423 0.159236660079355 0 0.179601520517288 0.259780456142786 0.192599030475424 0.0983562385484788 0.0911492491014104 0.178054120358515 0.340798436798701 0.263817794313427 0.518435549839493 0.369632546488889 0.279880289595001
"11" 0.133161547998435 0.131077443805844 0.248972080106158 0.179315944572865 0.216533611137275 0.251729654224637 0.177849776405094 0.312677879740823 0.113810918510652 0.179601520517288 0 0.17883127733384 0.0572459007491137 0.176704763763582 0.0916837366624113 0.246613289203821 0.206646331092647 0.0888572437016127 0.382933530927398 0.21076650888355 0.234726340598883
"12" 0.163446904108065 0.0783682967342468 0.0935433148393812 0.254005603712636 0.101194081021838 0.26955964132451 0.303602817713124 0.276321855885242 0.10195699001677 0.259780456142786 0.17883127733384 0 0.121612475753042 0.18009241414022 0.189482179428249 0.179900163851289 0.105821578470397 0.22502687156972 0.265609541318849 0.165544916221065 0.0645529879994465
"13" 0.115372935241059 0.0808716186100381 0.194381330684612 0.187171943057062 0.168802020788002 0.242234559282626 0.208774041172226 0.288374576979364 0.073160275370734 0.192599030475424 0.0572459007491137 0.121612475753042 0 0.158438402378719 0.102529052882591 0.212784845644887 0.159237815311347 0.119889141674836 0.338597832259759 0.177636122788182 0.178742279283699
"14" 0.271823651812857 0.209257974470945 0.272969875936857 0.344841329144374 0.118818126703298 0.398594077098894 0.354473213748609 0.433719570756065 0.0947011494579624 0.0983562385484788 0.176704763763582 0.18009241414022 0.158438402378719 0 0.0971471897785263 0.0867037514328784 0.275767802247717 0.264776121471037 0.445518595260593 0.318617757587635 0.187210463305343
"15" 0.213792905621785 0.17898094615448 0.278463433686892 0.270478162748748 0.179595507247379 0.338280874781692 0.266277972586935 0.390302374689397 0.089427765092618 0.0911492491014104 0.0916837366624113 0.189482179428249 0.102529052882591 0.0971471897785263 0 0.179886551325753 0.256669969663107 0.179563091680206 0.43611950994943 0.280158193822592 0.225813575248787
"16" 0.314186295844825 0.236781644601727 0.261225269826779 0.397183792338637 0.0825227582392596 0.436198385229038 0.420151783855298 0.454793805409089 0.139636835696866 0.178054120358515 0.246613289203821 0.179900163851289 0.212784845644887 0.0867037514328784 0.179886551325753 0 0.285570347158104 0.330027980854158 0.435726641982974 0.34130228051545 0.155967148170333
"17" 0.113713537207641 0.0784850442914954 0.0694211028335331 0.193108154182251 0.206663540320074 0.178884231340933 0.262782011834146 0.171264492627728 0.184718419966152 0.340798436798701 0.206646331092647 0.105821578470397 0.159237815311347 0.275767802247717 0.256669969663107 0.285570347158104 0 0.208770862387106 0.17969807040791 0.0677897903577453 0.152681136600398
"18" 0.0999891399079002 0.153635935339895 0.268589338553899 0.100005117376625 0.288285391931247 0.185323352664149 0.0902661373070117 0.262116805422007 0.191653192974791 0.263817794313427 0.0888572437016127 0.22502687156972 0.119889141674836 0.264776121471037 0.179563091680206 0.330027980854158 0.208770862387106 0 0.365210641666104 0.183788346918509 0.288284844786545
"19" 0.265800876306622 0.258114041838926 0.17508028679932 0.308345720245332 0.353247795796373 0.238874991574052 0.389570090341933 0.157889777912195 0.359961355760674 0.518435549839493 0.382933530927398 0.265609541318849 0.338597832259759 0.445518595260593 0.43611950994943 0.435726641982974 0.17969807040791 0.365210641666104 0 0.181422723423429 0.281070199860458
"20" 0.084748490395949 0.109364104495141 0.134116408773041 0.13938933739536 0.266238983091209 0.111236815676375 0.216860387163579 0.115224027554033 0.224079601794899 0.369632546488889 0.21076650888355 0.165544916221065 0.177636122788182 0.318617757587635 0.280158193822592 0.34130228051545 0.0677897903577453 0.183788346918509 0.181422723423429 0 0.218677742921332
"21" 0.227198217572957 0.142670910099241 0.109310562873411 0.31776598910444 0.0749857430464927 0.327149537838977 0.368068474007013 0.322361672895966 0.137244634091074 0.279880289595001 0.234726340598883 0.0645529879994465 0.178742279283699 0.187210463305343 0.225813575248787 0.155967148170333 0.152681136600398 0.288284844786545 0.281070199860458 0.218677742921332 0
