"V1" "V2" "V3" "V4" "V5" "V6" "V7" "V8" "V9" "V10" "V11" "V12" "V13" "V14" "V15" "V16" "V17" "V18" "V19" "V20" "V21"
"1" 0 0.644166816660795 0.249676789809064 0.532307931665617 0.658955697896451 0.658254933737551 0.459868609131166 0.681072787393979 0.327215282578874 0.063808284219024 0.144180952152553 0.22484746925016 0.498320485360966 0.80452390019505 0.667441085989299 0.958160131863201 0.307731222691079 0.491753921024319 0.466819316644151 0.638998293850094 0.35339341012076
"2" 0.644166816660795 0 0.881912036960904 1.00000633198898 0.0297291342834353 0.728671063056584 0.805494098671535 0.158513983309479 0.932963992514255 0.636600325573828 0.524972878821664 0.645612828767189 0.581156376523615 0.553236667320619 0.296554088966249 0.883187152998757 0.948105909684065 0.681467721796099 0.402032157086396 0.211555343334751 0.296914721944654
"3" 0.249676789809064 0.881912036960904 0 0.388910279007676 0.893896003947152 0.708318917760901 0.428725390184981 0.898459102260714 0.102123115596721 0.245317464265058 0.357893688195161 0.301694059731735 0.593273171944421 0.940900602523114 0.857467848296461 1.01387962216635 0.0754432012014467 0.538798904690694 0.631809357822396 0.845872978295241 0.585532347390111
"4" 0.532307931665617 1.00000633198898 0.388910279007676 0 1.00051808734457 0.498379411141374 0.217593309775249 0.952392621409479 0.296027858296227 0.481957993296478 0.54084606820121 0.373768125812766 0.4892740432887 0.824270244747633 0.854028289660791 0.763857325394081 0.425090631520005 0.383624117351932 0.628720773486207 0.880947398772598 0.728003383474917
"5" 0.658955697896451 0.0297291342834353 0.893896003947152 1.00051808734457 0 0.715096805812605 0.802882240184633 0.131423161712319 0.942233611361709 0.648803227410002 0.536199191347158 0.650728882524694 0.572188281453298 0.52904462426473 0.273511137988296 0.861602086030599 0.961121774429446 0.674514446130248 0.394121882088033 0.189582878350248 0.30839269237911
"6" 0.658254933737551 0.728671063056584 0.708318917760901 0.498379411141374 0.715096805812605 0 0.303790606843331 0.61527717016369 0.669814507484519 0.596075171303101 0.551061135700227 0.4411697398871 0.181051834908315 0.345909171813313 0.474858542146191 0.306729461671037 0.778149473329557 0.171872083213331 0.341957703653628 0.538814832216833 0.575570194842039
"7" 0.459868609131166 0.805494098671535 0.428725390184981 0.217593309775249 0.802882240184633 0.303790606843331 0 0.744093994698005 0.373941095990873 0.397623791867118 0.411635521106375 0.244206069497664 0.271720609156258 0.611064504172177 0.639012378724094 0.597622595557032 0.491934931835015 0.166942556696014 0.418969416036946 0.670710884333254 0.554740322913294
"8" 0.681072787393979 0.158513983309479 0.898459102260714 0.952392621409479 0.131423161712319 0.61527717016369 0.744093994698005 0 0.93343894620154 0.658761733450705 0.544897625561371 0.628123570240162 0.492019660433087 0.400060728775231 0.149668569905058 0.737123904245468 0.969835088705593 0.600222048277831 0.325125801565144 0.0770521977636951 0.331874466063515
"9" 0.327215282578874 0.932963992514255 0.102123115596721 0.296027858296227 0.942233611361709 0.669814507484519 0.373941095990873 0.93343894620154 0 0.306170907554786 0.410085445338227 0.310485387055689 0.577756234565479 0.932211395862137 0.876823729391883 0.970396646959992 0.129757727151208 0.506972441951535 0.644944708753115 0.875024128877664 0.636564062536217
"10" 0.063808284219024 0.636600325573828 0.245317464265058 0.481957993296478 0.648803227410002 0.596075171303101 0.397623791867118 0.658761733450705 0.306170907554786 0 0.114072005070024 0.161039205886666 0.439269360319117 0.754691341516743 0.632338124498528 0.897325867193959 0.312853470151209 0.428665642076253 0.421526341045951 0.611015962750051 0.340412642540528
"11" 0.144180952152553 0.524972878821664 0.357893688195161 0.54084606820121 0.536199191347158 0.551061135700227 0.411635521106375 0.544897625561371 0.410085445338227 0.114072005070024 0 0.171940067365004 0.37886520527378 0.664633605224462 0.52379861253228 0.840823491728265 0.426692449433223 0.396270066184423 0.324646828934547 0.498522030482487 0.228095956731315
"12" 0.22484746925016 0.645612828767189 0.301694059731735 0.373768125812766 0.650728882524694 0.4411697398871 0.244206069497664 0.628123570240162 0.310485387055689 0.161039205886666 0.171940067365004 0 0.298965626606792 0.639937791155413 0.566341746940568 0.745947701431879 0.377099230957756 0.270908281758411 0.335038313013324 0.566655985025665 0.359522326824098
"13" 0.498320485360966 0.581156376523615 0.593273171944421 0.4892740432887 0.572188281453298 0.181051834908315 0.271720609156258 0.492019660433087 0.577756234565479 0.439269360319117 0.37886520527378 0.298965626606792 0 0.355381334621784 0.372745987853264 0.46218140453133 0.667488251584706 0.110478504940739 0.1795567484578 0.415688712895457 0.39735298488791
"14" 0.80452390019505 0.553236667320619 0.940900602523114 0.824270244747633 0.52904462426473 0.345909171813313 0.611064504172177 0.400060728775231 0.932211395862137 0.754691341516743 0.664633605224462 0.639937791155413 0.355381334621784 0 0.257392840386974 0.344562955580328 1.01604250666772 0.445158959049151 0.341488390992253 0.342944957211408 0.558335505360729
"15" 0.667441085989299 0.296554088966249 0.857467848296461 0.854028289660791 0.273511137988296 0.474858542146191 0.639012378724094 0.149668569905058 0.876823729391883 0.632338124498528 0.52379861253228 0.566341746940568 0.372745987853264 0.257392840386974 0 0.588641456124472 0.931802305472392 0.483216873790116 0.233844683345118 0.0855530611072614 0.351986826396422
"16" 0.958160131863201 0.883187152998757 1.01387962216635 0.763857325394081 0.861602086030599 0.306729461671037 0.597622595557032 0.737123904245468 0.970396646959992 0.897325867193959 0.840823491728265 0.745947701431879 0.46218140453133 0.344562955580328 0.588641456124472 0 1.08263145117122 0.478514582248283 0.570130304991261 0.672070051089498 0.816025653091523
"17" 0.307731222691079 0.948105909684065 0.0754432012014467 0.425090631520005 0.961121774429446 0.778149473329557 0.491934931835015 0.969835088705593 0.129757727151208 0.312853470151209 0.426692449433223 0.377099230957756 0.667488251584706 1.01604250666772 0.931802305472392 1.08263145117122 0 0.609938646230864 0.706944353601248 0.918641860598228 0.652880614990869
"18" 0.491753921024319 0.681467721796099 0.538798904690694 0.383624117351932 0.674514446130248 0.171872083213331 0.166942556696014 0.600222048277831 0.506972441951535 0.428665642076253 0.396270066184423 0.270908281758411 0.110478504940739 0.445158959049151 0.483216873790116 0.478514582248283 0.609938646230864 0 0.280553664792029 0.524396045089875 0.469460621134679
"19" 0.466819316644151 0.402032157086396 0.631809357822396 0.628720773486207 0.394121882088033 0.341957703653628 0.418969416036946 0.325125801565144 0.644944708753115 0.421526341045951 0.324646828934547 0.335038313013324 0.1795567484578 0.341488390992253 0.233844683345118 0.570130304991261 0.706944353601248 0.280553664792029 0 0.252300264634055 0.246108567613147
"20" 0.638998293850094 0.211555343334751 0.845872978295241 0.880947398772598 0.189582878350248 0.538814832216833 0.670710884333254 0.0770521977636951 0.875024128877664 0.611015962750051 0.498522030482487 0.566655985025665 0.415688712895457 0.342944957211408 0.0855530611072614 0.672070051089498 0.918641860598228 0.524396045089875 0.252300264634055 0 0.301730719457057
"21" 0.35339341012076 0.296914721944654 0.585532347390111 0.728003383474917 0.30839269237911 0.575570194842039 0.554740322913294 0.331874466063515 0.636564062536217 0.340412642540528 0.228095956731315 0.359522326824098 0.39735298488791 0.558335505360729 0.351986826396422 0.816025653091523 0.652880614990869 0.469460621134679 0.246108567613147 0.301730719457057 0
