"V1" "V2" "V3" "V4" "V5" "V6" "V7" "V8" "V9" "V10" "V11" "V12" "V13" "V14" "V15" "V16" "V17" "V18" "V19" "V20" "V21" "V22" "V23" "V24" "V25" "V26" "V27" "V28" "V29" "V30" "V31" "V32" "V33" "V34" "V35" "V36" "V37" "V38" "V39" "V40" "V41" "V42"
"1" 0 0.356307880431568 0.304723672998807 0.179973402160661 0.447703511024759 0.293253129479543 0.294791008931149 0.541824948599674 0.481329724674781 0.218911149647455 0.689616230028902 0.374802538747881 0.456167668687961 0.415407669150288 0.214344111078698 0.200180342905302 0.364796353827162 0.58994924325781 0.109492141077858 0.290106582114605 0.526001363395036 0.55815590662391 0.329742936648403 0.264759385730043 0.41069007336196 0.645359468308513 0.486942718332421 0.554420443240884 0.353107417413904 0.494558036693636 0.608503428866684 0.440441618589093 0.50090358760579 0.68341517695566 0.469884276842418 0.523041211294689 0.382785289244819 0.282076050748711 0.623163477358325 0.747454386267269 0.473786641951996 0.240786631604696
"2" 0.356307880431568 0 0.211579905190884 0.314647021136157 0.185215995718504 0.281133487983304 0.155965869058716 0.262742516763069 0.423722541542274 0.437625278205406 0.644442705291897 0.401363857967287 0.348894001808399 0.215608133733119 0.217200459279161 0.159827904871697 0.314134679891676 0.627237698167593 0.344216516870989 0.5439414799707 0.331417852866995 0.20246367106978 0.50200305881312 0.0945102727736795 0.272361110232357 0.440144961723214 0.584409373353996 0.501960558731852 0.628132792351081 0.537891923822561 0.357244059374577 0.594738103472293 0.717676363319118 0.534922357687114 0.151201959120218 0.382876014489835 0.496391437160845 0.399538349536937 0.530576736608499 0.547333264194772 0.475134989711529 0.287332693998972
"3" 0.304723672998807 0.211579905190884 0 0.162392448361488 0.165683617627627 0.0730621488621672 0.0569436245079922 0.251471774431527 0.230250913129188 0.271565367097959 0.457601786033282 0.189799450784311 0.17245942881222 0.11498161115651 0.090689070110788 0.21122287780491 0.107428903640306 0.419449152574157 0.229419528241411 0.374188010374801 0.221767126853537 0.351050661586874 0.306923566787353 0.161155474535717 0.109622119126404 0.342193523439294 0.373076683634027 0.311661153401723 0.459614425269848 0.327598248247349 0.305871201735827 0.389173959440326 0.521123429398651 0.395837069350873 0.220550035681 0.230825409693068 0.288691853428656 0.202905695565863 0.35908142207887 0.446840172254151 0.268503680752253 0.102793389255285
"4" 0.179973402160661 0.314647021136157 0.162392448361488 0 0.327106639915474 0.122709852263108 0.184033789628863 0.413774750984436 0.3018643542821 0.123018597167143 0.510834326979736 0.195943622625826 0.28364787145284 0.276297372197916 0.0989556356634254 0.21670757336664 0.190459898838476 0.42098533300756 0.0771821905399215 0.229459330477186 0.368095572826568 0.493142550507467 0.201297960813181 0.226622627825695 0.251282849302293 0.482339663110162 0.33138161072597 0.374460534490637 0.314211874239373 0.323563713451867 0.462337577713678 0.308285718099566 0.411129227324271 0.50802639584364 0.373948665036633 0.352145509018069 0.226940362415953 0.117018072283781 0.443716596833363 0.579455668724498 0.295513285200672 0.0682936235733294
"5" 0.447703511024759 0.185215995718504 0.165683617627627 0.327106639915474 0 0.22851710950824 0.153593745787472 0.0946640674782209 0.283157118377663 0.436544556341059 0.484102645412097 0.310721535216247 0.201333107915051 0.068265461890606 0.241247497552289 0.293674693664038 0.214686086102573 0.499603216140289 0.389146659305821 0.537431272220142 0.149792728157339 0.214840839103848 0.460052330020933 0.215024816337912 0.1360485896864 0.254942028839669 0.489545277985608 0.351187843622239 0.622316392859874 0.424274274587477 0.177511500186138 0.526596603832878 0.667933895137881 0.353277217137193 0.0772835441989547 0.213209407500444 0.425409670164223 0.358958248197695 0.362636518870647 0.362391900054333 0.352551457575686 0.268127260464627
"6" 0.293253129479543 0.281133487983304 0.0730621488621672 0.122709852263108 0.22851710950824 0 0.12527180126947 0.305326134433856 0.195921474335966 0.211403001371082 0.419210553151084 0.124837592344012 0.163082378674301 0.167423272567034 0.104036242520053 0.250928900077368 0.0720453032307556 0.361160546945467 0.199050430979021 0.309387084905245 0.246258250600087 0.42308018742888 0.235002174977672 0.218569186326057 0.130262099927906 0.359629884047316 0.304039368174842 0.27522430159288 0.393950532882747 0.265875538417454 0.343593030016346 0.316294020883858 0.448390369812904 0.390194432328555 0.290199235367018 0.230757177668229 0.216198861218418 0.131646650290928 0.335375247512367 0.457388500186522 0.214923908065789 0.0545558596518736
"7" 0.294791008931149 0.155965869058716 0.0569436245079922 0.184033789628863 0.153593745787472 0.12527180126947 0 0.247153431567878 0.283750927660017 0.303146639516614 0.510484807112861 0.246127055201526 0.219626794450368 0.125566485016641 0.0897051370932082 0.166936063046669 0.163734997675327 0.476337486277042 0.238226654019762 0.408713761614543 0.247417575282977 0.310972932273869 0.352381752997138 0.106934256069817 0.148307452555165 0.3684781352553 0.428531326493831 0.36482152640789 0.494330161806537 0.384495104874137 0.316810752791588 0.440421067976381 0.568011079977653 0.435317913887981 0.190408063154877 0.271237926560335 0.341122293800384 0.248437167930613 0.407445591200334 0.47588691219067 0.325193072983141 0.139026372315729
"8" 0.541824948599674 0.262742516763069 0.251471774431527 0.413774750984436 0.0946640674782209 0.305326134433856 0.247153431567878 0 0.305333175373279 0.516637784448539 0.473310061681106 0.364214025772441 0.228020261629592 0.138441856871727 0.332993177955011 0.386339632363424 0.273887619804711 0.518797229673679 0.479432204017463 0.613512570804713 0.130563195816235 0.214440127532421 0.526665363575701 0.306891622987726 0.187800367950828 0.194890856610443 0.530636262366366 0.357667435583236 0.696961241351283 0.456808847820637 0.0973611013544315 0.58007031387964 0.725964791472793 0.311378948827935 0.116610174268262 0.209549052817521 0.481453889223071 0.430367115039048 0.347381284888244 0.294741884299574 0.38322490288444 0.350960448506706
"9" 0.481329724674781 0.423722541542274 0.230250913129188 0.3018643542821 0.283157118377663 0.195921474335966 0.283750927660017 0.305333175373279 0 0.335605832098047 0.22738808421274 0.121947292909936 0.0818646146240337 0.22080172390586 0.29833393348854 0.439267884822702 0.12695002023482 0.216864478960948 0.377474013358578 0.397963550458185 0.181490950902635 0.496622137326965 0.286093695051112 0.390494031502956 0.153920895504998 0.239587429129737 0.232276159290211 0.0814408135230382 0.467492379967175 0.153095098050099 0.282828092469347 0.298573496538029 0.446873047457264 0.216387459505576 0.360433748978475 0.108596867810314 0.215368847263708 0.230153835566682 0.141860729640584 0.308655755197974 0.0804568762295069 0.242482593155161
"10" 0.218911149647455 0.437625278205406 0.271565367097959 0.123018597167143 0.436544556341059 0.211403001371082 0.303146639516614 0.516637784448539 0.335605832098047 0 0.508126871560433 0.213765857815976 0.34661979054339 0.378428964020441 0.221613138815413 0.329240881574942 0.258955761851485 0.386481558444709 0.12350830918585 0.106491905202384 0.449053837092303 0.613932574352118 0.111284998851522 0.348632150387831 0.337941639575588 0.552158210918915 0.27382677145757 0.391348179767785 0.191631812978146 0.297563242620252 0.551261878821045 0.221531584840275 0.297541429604708 0.551935257328269 0.490385218576566 0.414075741280435 0.174378373747312 0.105616514249186 0.470030192569247 0.638541865142797 0.298666044277147 0.168783899892599
"11" 0.689616230028902 0.644442705291897 0.457601786033282 0.510834326979736 0.484102645412097 0.419210553151084 0.510484807112861 0.473310061681106 0.22738808421274 0.508126871560433 0 0.314956375194948 0.29567561586444 0.431993844712806 0.52305049460297 0.666286127061395 0.353455750278117 0.159519573042912 0.581147424967312 0.533661808753701 0.345049028283909 0.684715924314221 0.420541819038483 0.617391712082573 0.372199353561991 0.315816776547459 0.2764395129084 0.145949849644854 0.578799705524054 0.215096482441905 0.40928934971348 0.367600603682228 0.487794829704839 0.200860138849776 0.558331212369563 0.271393421501396 0.341182387918839 0.41325169747906 0.126041307187725 0.304809949808429 0.215896887557338 0.460048559627117
"12" 0.374802538747881 0.401363857967287 0.189799450784311 0.195943622625826 0.310721535216247 0.124837592344012 0.246127055201526 0.364214025772441 0.121947292909936 0.213765857815976 0.314956375194948 0 0.150120584398896 0.242513287474846 0.223746299542944 0.372669558296666 0.0964323395948788 0.23748070434454 0.266910536458008 0.279613262263577 0.263611878332212 0.521500407345723 0.172768381709173 0.343342395090418 0.178207026413505 0.349727904988691 0.184451769001126 0.182453842994311 0.353787933991086 0.141214975227171 0.370326107268977 0.216756839376778 0.3617507863437 0.338334196024177 0.38337424079332 0.210766980687443 0.11724708039878 0.10859356203954 0.258029547368939 0.4282252588996 0.0996886090352132 0.150681798821573
"13" 0.456167668687961 0.348894001808399 0.17245942881222 0.28364787145284 0.201333107915051 0.163082378674301 0.219626794450368 0.228020261629592 0.0818646146240337 0.34661979054339 0.29567561586444 0.150120584398896 0 0.140163785851357 0.254181420960095 0.383282285995831 0.0932931425198255 0.298635939932129 0.360762606343732 0.425787246914078 0.114289069154417 0.414828981063006 0.322608800839579 0.325915234450879 0.0765432164983744 0.205538457083043 0.302910479018417 0.153862206738822 0.502751010420393 0.229200909385528 0.220855317539432 0.357846829672118 0.505879264826757 0.227925065052321 0.278597937387025 0.0688724012443811 0.263911344220956 0.24378394830952 0.187818837299868 0.296514651897606 0.155727347094936 0.21686765589845
"14" 0.415407669150288 0.215608133733119 0.11498161115651 0.276297372197916 0.068265461890606 0.167423272567034 0.125566485016641 0.138441856871727 0.22080172390586 0.378428964020441 0.431993844712806 0.242513287474846 0.140163785851357 0 0.20181362930844 0.287526716473122 0.146665624480708 0.435614773081517 0.344386320423124 0.476536276580002 0.124919388394929 0.281889673617396 0.394606172865675 0.215573721897378 0.0690330841204976 0.244585591946158 0.421532376526938 0.293473111821012 0.5606614284321 0.35755614182343 0.193109670663392 0.45861063851571 0.600658771515755 0.323225437008963 0.143309911552409 0.167276187572235 0.357576485261082 0.295166746871004 0.315378995832878 0.352794735513494 0.286664154315925 0.212596214631662
"15" 0.214344111078698 0.217200459279161 0.090689070110788 0.0989556356634254 0.241247497552289 0.104036242520053 0.0897051370932082 0.332993177955011 0.29833393348854 0.221613138815413 0.52305049460297 0.223746299542944 0.254181420960095 0.20181362930844 0 0.148956220358407 0.171734437811007 0.461190912346279 0.148586023296366 0.328102250421185 0.312445704198959 0.394782955688454 0.28752514845974 0.134055851196944 0.198973097083149 0.432708118813955 0.391917382240677 0.378532739951285 0.413077704228908 0.364335929368882 0.394635222439417 0.386671625070504 0.502195910186794 0.481289803477832 0.279593410516604 0.317123791112388 0.293819541864379 0.188449977164316 0.43535408725504 0.536750315579125 0.318011438916845 0.078657153580317
"16" 0.200180342905302 0.159827904871697 0.21122287780491 0.21670757336664 0.293674693664038 0.250928900077368 0.166936063046669 0.386339632363424 0.439267884822702 0.329240881574942 0.666286127061395 0.372669558296666 0.383282285995831 0.287526716473122 0.148956220358407 0 0.312845823253363 0.610135679979501 0.214629106844705 0.430111808348181 0.412010347619354 0.362114080830622 0.417999625802207 0.079878782489095 0.314776484899842 0.532102270558717 0.538038145813219 0.520568498744282 0.50917142565927 0.51327236158305 0.469761176051876 0.52414434895502 0.625364351712541 0.602218073434554 0.292664835668693 0.4378748234988 0.437028479164155 0.327935271617098 0.570301305299304 0.640295582263854 0.465845141619735 0.225590603669661
"17" 0.364796353827162 0.314134679891676 0.107428903640306 0.190459898838476 0.214686086102573 0.0720453032307556 0.163734997675327 0.273887619804711 0.12695002023482 0.258955761851485 0.353455750278117 0.0964323395948788 0.0932931425198255 0.146665624480708 0.171734437811007 0.312845823253363 0 0.313394438868258 0.267620400120397 0.346019766337843 0.190245866902516 0.42511424179212 0.252991963299128 0.268445039829976 0.0861202241548925 0.295942223798217 0.279110869098836 0.207898976205411 0.426989512703046 0.224306857339502 0.294011545821945 0.311948346852208 0.454573041712857 0.318703708609844 0.286941961429347 0.162046793540539 0.210961983948973 0.161047007003526 0.264135309017155 0.389680689744777 0.161662602705921 0.124334867937336
"18" 0.58994924325781 0.627237698167593 0.419449152574157 0.42098533300756 0.499603216140289 0.361160546945467 0.476337486277042 0.518797229673679 0.216864478960948 0.386481558444709 0.159519573042912 0.23748070434454 0.298635939932129 0.435614773081517 0.461190912346279 0.610135679979501 0.313394438868258 0 0.480786683263808 0.391349296920415 0.390176454516502 0.713462688629595 0.285071269723859 0.578186143444408 0.367096623336568 0.408746351398855 0.124414332956149 0.166027114332004 0.426889543314066 0.0978298896250689 0.480883272834487 0.213403576979808 0.328288709256185 0.321353433271518 0.576872409324784 0.311233707491954 0.21210736977383 0.308309249795283 0.219120073502364 0.432035064138127 0.152156337603045 0.386605871887699
"19" 0.109492141077858 0.344216516870989 0.229419528241411 0.0771821905399215 0.389146659305821 0.199050430979021 0.238226654019762 0.479432204017463 0.377474013358578 0.12350830918585 0.581147424967312 0.266910536458008 0.360762606343732 0.344386320423124 0.148586023296366 0.214629106844705 0.267620400120397 0.480786683263808 0 0.216938607263388 0.442677477159349 0.536027673442243 0.229172929730299 0.250310131805817 0.325679857188531 0.558329425037117 0.380264806344683 0.448043856198285 0.294569670721706 0.385128564451931 0.534075697312867 0.340662882491876 0.419794029715988 0.585094350422249 0.427271576614958 0.429173252259985 0.275390341271229 0.172663674782878 0.519154167188438 0.656313412429255 0.365251978138789 0.144508703283437
"20" 0.290106582114605 0.5439414799707 0.374188010374801 0.229459330477186 0.537431272220142 0.309387084905245 0.408713761614543 0.613512570804713 0.397963550458185 0.106491905202384 0.533661808753701 0.279613262263577 0.425787246914078 0.476536276580002 0.328102250421185 0.430111808348181 0.346019766337843 0.391349296920415 0.216938607263388 0 0.534824071186961 0.719678600267108 0.115593513662783 0.454260790446818 0.429697189558255 0.628958074391665 0.267666170919677 0.43834128878235 0.0856580865699105 0.318885940549794 0.639849858181509 0.188147167264509 0.211065177647612 0.611349519161236 0.594300631705452 0.489769669989502 0.195320598275233 0.184990869432059 0.519749952561089 0.706540188539789 0.343322760303574 0.272119771284509
"21" 0.526001363395036 0.331417852866995 0.221767126853537 0.368095572826568 0.149792728157339 0.246258250600087 0.247417575282977 0.130563195816235 0.181490950902635 0.449053837092303 0.345049028283909 0.263611878332212 0.114289069154417 0.124919388394929 0.312445704198959 0.412010347619354 0.190245866902516 0.390176454516502 0.442677477159349 0.534824071186961 0 0.339669509806666 0.435186273070646 0.340431737884733 0.11699819884287 0.121266042239562 0.412627025282122 0.227433155210758 0.613878567233381 0.334585806138773 0.106721690713156 0.471601759997397 0.619857675386474 0.203837473906145 0.217316389903066 0.079305997332482 0.378191724800621 0.350409765553029 0.219931815104502 0.228523975110482 0.261620160346522 0.299928151909663
"22" 0.55815590662391 0.20246367106978 0.351050661586874 0.493142550507467 0.214840839103848 0.42308018742888 0.310972932273869 0.214440127532421 0.496622137326965 0.613932574352118 0.684715924314221 0.521500407345723 0.414828981063006 0.281889673617396 0.394782955688454 0.362114080830622 0.42511424179212 0.713462688629595 0.536027673442243 0.719678600267108 0.339669509806666 0 0.657898787546453 0.293820913332551 0.350615422311361 0.404956597736374 0.702983898662126 0.560349450880033 0.805280108879883 0.639082581814089 0.301031846083002 0.734527905376276 0.871189655558614 0.525079993755647 0.138651685923529 0.415276070723004 0.632957536302902 0.553953746175484 0.559435906943492 0.495472448845539 0.567362387173934 0.449019421298814
"23" 0.329742936648403 0.50200305881312 0.306923566787353 0.201297960813181 0.460052330020933 0.235002174977672 0.352381752997138 0.526665363575701 0.286093695051112 0.111284998851522 0.420541819038483 0.172768381709173 0.322608800839579 0.394606172865675 0.28752514845974 0.417999625802207 0.252991963299128 0.285071269723859 0.229172929730299 0.115593513662783 0.435186273070646 0.657898787546453 0 0.421446603556186 0.339074690551834 0.521507206853182 0.166168769054299 0.322909377228217 0.181725276689894 0.205459474812189 0.541674056817265 0.111503005237337 0.215846004571833 0.497190528946532 0.524937712030817 0.383058541234634 0.0800449384692702 0.10418989179311 0.404379463608788 0.594515768984348 0.227992443755739 0.214849081194546
"24" 0.264759385730043 0.0945102727736795 0.161155474535717 0.226622627825695 0.215024816337912 0.218569186326057 0.106934256069817 0.306891622987726 0.390494031502956 0.348632150387831 0.617391712082573 0.343342395090418 0.325915234450879 0.215573721897378 0.134055851196944 0.079878782489095 0.268445039829976 0.578186143444408 0.250310131805817 0.454260790446818 0.340431737884733 0.293820913332551 0.421446603556186 0 0.252666239713182 0.458840220325576 0.520446149444188 0.471668079343629 0.537503785239951 0.484069883044263 0.392000419465621 0.520240457018732 0.635571463784668 0.536320859641874 0.213502213368754 0.374229959330136 0.425626782528225 0.322226839227092 0.513614722452509 0.567383137166631 0.428573453362509 0.210744353215567
"25" 0.41069007336196 0.272361110232357 0.109622119126404 0.251282849302293 0.1360485896864 0.130262099927906 0.148307452555165 0.187800367950828 0.153920895504998 0.337941639575588 0.372199353561991 0.178207026413505 0.0765432164983744 0.0690330841204976 0.198973097083149 0.314776484899842 0.0861202241548925 0.367096623336568 0.325679857188531 0.429697189558255 0.11699819884287 0.350615422311361 0.339074690551834 0.252666239713182 0 0.234688508037976 0.353791605225804 0.229928650199939 0.511765570607213 0.288582929533264 0.213777107020839 0.394954987664105 0.539335093203955 0.287815271870073 0.212182192716092 0.123108210083959 0.294991245369463 0.245010290126773 0.261873812125371 0.337786346487616 0.217657685368514 0.183263524845909
"26" 0.645359468308513 0.440144961723214 0.342193523439294 0.482339663110162 0.254942028839669 0.359629884047316 0.3684781352553 0.194890856610443 0.239587429129737 0.552158210918915 0.315816776547459 0.349727904988691 0.205538457083043 0.244585591946158 0.432708118813955 0.532102270558717 0.295942223798217 0.408746351398855 0.558329425037117 0.628958074391665 0.121266042239562 0.404956597736374 0.521507206853182 0.458840220325576 0.234688508037976 0 0.46396351206751 0.245829153282408 0.703131733116341 0.380433176490975 0.104680280501499 0.537068579750008 0.6846517393869 0.125069631083586 0.307325828133648 0.139208847825227 0.45436597449524 0.448946698064191 0.196794032237724 0.108576893687385 0.315068232059952 0.414115098262233
"27" 0.486942718332421 0.584409373353996 0.373076683634027 0.33138161072597 0.489545277985608 0.304039368174842 0.428531326493831 0.530636262366366 0.232276159290211 0.27382677145757 0.2764395129084 0.184451769001126 0.302910479018417 0.421532376526938 0.391917382240677 0.538038145813219 0.279110869098836 0.124414332956149 0.380264806344683 0.267666170919677 0.412627025282122 0.702983898662126 0.166168769054299 0.520446149444188 0.353791605225804 0.46396351206751 0 0.224376332322882 0.303374691242666 0.0838984921645013 0.515104052350517 0.0911881007291033 0.225378908741811 0.402774885952076 0.564367459369243 0.340674028466188 0.105213048353902 0.21436367347968 0.299666420706929 0.510968276634898 0.151923666643275 0.313389254823265
"28" 0.554420443240884 0.501960558731852 0.311661153401723 0.374460534490637 0.351187843622239 0.27522430159288 0.36482152640789 0.357667435583236 0.0814408135230382 0.391348179767785 0.145949849644854 0.182453842994311 0.153862206738822 0.293473111821012 0.378532739951285 0.520568498744282 0.207898976205411 0.166027114332004 0.448043856198285 0.43834128878235 0.227433155210758 0.560349450880033 0.322909377228217 0.471668079343629 0.229928650199939 0.245829153282408 0.224376332322882 0 0.498834697166877 0.140971939222892 0.314914979558149 0.30665852846684 0.449412422937021 0.180100670346463 0.427689754282009 0.148164817347136 0.244532340749358 0.288899224132711 0.0815324563140562 0.286778498733072 0.0950914868156424 0.31899004653245
"29" 0.353107417413904 0.628132792351081 0.459614425269848 0.314211874239373 0.622316392859874 0.393950532882747 0.494330161806537 0.696961241351283 0.467492379967175 0.191631812978146 0.578799705524054 0.353787933991086 0.502751010420393 0.5606614284321 0.413077704228908 0.50917142565927 0.426989512703046 0.426889543314066 0.294569670721706 0.0856580865699105 0.613878567233381 0.805280108879883 0.181725276689894 0.537503785239951 0.511765570607213 0.703131733116341 0.303374691242666 0.498834697166877 0 0.368793879888023 0.719737052830737 0.213579084874201 0.171979533184491 0.676181655012356 0.679857114004961 0.56447166725347 0.255044803823089 0.266846099664953 0.580196654873793 0.77546258374256 0.405325206505908 0.35771665783043
"30" 0.494558036693636 0.537891923822561 0.327598248247349 0.323563713451867 0.424274274587477 0.265875538417454 0.384495104874137 0.456808847820637 0.153095098050099 0.297563242620252 0.215096482441905 0.141214975227171 0.229200909385528 0.35755614182343 0.364335929368882 0.51327236158305 0.224306857339502 0.0978298896250689 0.385128564451931 0.318885940549794 0.334585806138773 0.639082581814089 0.205459474812189 0.484069883044263 0.288582929533264 0.380433176490975 0.0838984921645013 0.140971939222892 0.368793879888023 0 0.434873095449574 0.166955595564481 0.308455255026222 0.320367891226899 0.500759345319622 0.260148351695243 0.126454396368854 0.212481985952822 0.218234429788514 0.42774991820256 0.0735843024884864 0.289063670621954
"31" 0.608503428866684 0.357244059374577 0.305871201735827 0.462337577713678 0.177511500186138 0.343593030016346 0.316810752791588 0.0973611013544315 0.282828092469347 0.551261878821045 0.40928934971348 0.370326107268977 0.220855317539432 0.193109670663392 0.394635222439417 0.469761176051876 0.294011545821945 0.480883272834487 0.534075697312867 0.639849858181509 0.106721690713156 0.301031846083002 0.541674056817265 0.392000419465621 0.213777107020839 0.104680280501499 0.515104052350517 0.314914979558149 0.719737052830737 0.434873095449574 0 0.577220923031035 0.725666654143357 0.228386953785837 0.213869743682181 0.174727558774214 0.484738917082789 0.454988030046609 0.284796024298078 0.198087925544642 0.363236294250186 0.395284731288697
"32" 0.440441618589093 0.594738103472293 0.389173959440326 0.308285718099566 0.526596603832878 0.316294020883858 0.440421067976381 0.58007031387964 0.298573496538029 0.221531584840275 0.367600603682228 0.216756839376778 0.357846829672118 0.45861063851571 0.386671625070504 0.52414434895502 0.311948346852208 0.213403576979808 0.340662882491876 0.188147167264509 0.471601759997397 0.734527905376276 0.111503005237337 0.520240457018732 0.394954987664105 0.537068579750008 0.0911881007291033 0.30665852846684 0.213579084874201 0.166955595564481 0.577220923031035 0 0.148560970220146 0.486690986465146 0.597530421496227 0.406087832708529 0.101574535631869 0.198260451014178 0.38513633412901 0.592760816769604 0.222349528349557 0.309661995102043
"33" 0.50090358760579 0.717676363319118 0.521123429398651 0.411129227324271 0.667933895137881 0.448390369812904 0.568011079977653 0.725964791472793 0.446873047457264 0.297541429604708 0.487794829704839 0.3617507863437 0.505879264826757 0.600658771515755 0.502195910186794 0.625364351712541 0.454573041712857 0.328288709256185 0.419794029715988 0.211065177647612 0.619857675386474 0.871189655558614 0.215846004571833 0.635571463784668 0.539335093203955 0.6846517393869 0.225378908741811 0.449412422937021 0.171979533184491 0.308455255026222 0.725666654143357 0.148560970220146 0 0.628152579894836 0.736226664144477 0.554604090211343 0.244516784808913 0.319575333802091 0.524928386505693 0.73617040588061 0.369584943730185 0.430679558419385
"34" 0.68341517695566 0.534922357687114 0.395837069350873 0.50802639584364 0.353277217137193 0.390194432328555 0.435317913887981 0.311378948827935 0.216387459505576 0.551935257328269 0.200860138849776 0.338334196024177 0.227925065052321 0.323225437008963 0.481289803477832 0.602218073434554 0.318703708609844 0.321353433271518 0.585094350422249 0.611349519161236 0.203837473906145 0.525079993755647 0.497190528946532 0.536320859641874 0.287815271870073 0.125069631083586 0.402774885952076 0.180100670346463 0.676181655012356 0.320367891226899 0.228386953785837 0.486690986465146 0.628152579894836 0 0.416455504788598 0.165038825421724 0.421136934471097 0.446396792850378 0.103974143235566 0.11070088082539 0.270979699149809 0.443005609314273
"35" 0.469884276842418 0.151201959120218 0.220550035681 0.373948665036633 0.0772835441989547 0.290199235367018 0.190408063154877 0.116610174268262 0.360433748978475 0.490385218576566 0.558331212369563 0.38337424079332 0.278597937387025 0.143309911552409 0.279593410516604 0.292664835668693 0.286941961429347 0.576872409324784 0.427271576614958 0.594300631705452 0.217316389903066 0.138651685923529 0.524937712030817 0.213502213368754 0.212182192716092 0.307325828133648 0.564367459369243 0.427689754282009 0.679857114004961 0.500759345319622 0.213869743682181 0.597530421496227 0.736226664144477 0.416455504788598 0 0.286938118786689 0.495990616916104 0.421840306412941 0.435258819111803 0.410275123130342 0.429424348446253 0.322200103597174
"36" 0.523041211294689 0.382876014489835 0.230825409693068 0.352145509018069 0.213209407500444 0.230757177668229 0.271237926560335 0.209549052817521 0.108596867810314 0.414075741280435 0.271393421501396 0.210766980687443 0.0688724012443811 0.167276187572235 0.317123791112388 0.4378748234988 0.162046793540539 0.311233707491954 0.429173252259985 0.489769669989502 0.079305997332482 0.415276070723004 0.383058541234634 0.374229959330136 0.123108210083959 0.139208847825227 0.340674028466188 0.148164817347136 0.56447166725347 0.260148351695243 0.174727558774214 0.406087832708529 0.554604090211343 0.165038825421724 0.286938118786689 0 0.318351560933936 0.310165327363416 0.149645521604257 0.227656099622474 0.188750691345271 0.284949774704827
"37" 0.382785289244819 0.496391437160845 0.288691853428656 0.226940362415953 0.425409670164223 0.216198861218418 0.341122293800384 0.481453889223071 0.215368847263708 0.174378373747312 0.341182387918839 0.11724708039878 0.263911344220956 0.357576485261082 0.293819541864379 0.437028479164155 0.210961983948973 0.21210736977383 0.275390341271229 0.195320598275233 0.378191724800621 0.632957536302902 0.0800449384692702 0.425626782528225 0.294991245369463 0.45436597449524 0.105213048353902 0.244532340749358 0.255044803823089 0.126454396368854 0.484738917082789 0.101574535631869 0.244516784808913 0.421136934471097 0.495990616916104 0.318351560933936 0 0.110168412311883 0.326058737176811 0.521302480691763 0.150357481375437 0.215361562128871
"38" 0.282076050748711 0.399538349536937 0.202905695565863 0.117018072283781 0.358958248197695 0.131646650290928 0.248437167930613 0.430367115039048 0.230153835566682 0.105616514249186 0.41325169747906 0.10859356203954 0.24378394830952 0.295166746871004 0.188449977164316 0.327935271617098 0.161047007003526 0.308309249795283 0.172663674782878 0.184990869432059 0.350409765553029 0.553953746175484 0.10418989179311 0.322226839227092 0.245010290126773 0.448946698064191 0.21436367347968 0.288899224132711 0.266846099664953 0.212481985952822 0.454988030046609 0.198260451014178 0.319575333802091 0.446396792850378 0.421840306412941 0.310165327363416 0.110168412311883 0 0.366158295069268 0.533346606459624 0.198985823512097 0.112392007721265
"39" 0.623163477358325 0.530576736608499 0.35908142207887 0.443716596833363 0.362636518870647 0.335375247512367 0.407445591200334 0.347381284888244 0.141860729640584 0.470030192569247 0.126041307187725 0.258029547368939 0.187818837299868 0.315378995832878 0.43535408725504 0.570301305299304 0.264135309017155 0.219120073502364 0.519154167188438 0.519749952561089 0.219931815104502 0.559435906943492 0.404379463608788 0.513614722452509 0.261873812125371 0.196794032237724 0.299666420706929 0.0815324563140562 0.580196654873793 0.218234429788514 0.284796024298078 0.38513633412901 0.524928386505693 0.103974143235566 0.435258819111803 0.149645521604257 0.326058737176811 0.366158295069268 0 0.214226836319153 0.176427210689073 0.383787180634597
"40" 0.747454386267269 0.547333264194772 0.446840172254151 0.579455668724498 0.362391900054333 0.457388500186522 0.47588691219067 0.294741884299574 0.308655755197974 0.638541865142797 0.304809949808429 0.4282252588996 0.296514651897606 0.352794735513494 0.536750315579125 0.640295582263854 0.389680689744777 0.432035064138127 0.656313412429255 0.706540188539789 0.228523975110482 0.495472448845539 0.594515768984348 0.567383137166631 0.337786346487616 0.108576893687385 0.510968276634898 0.286778498733072 0.77546258374256 0.42774991820256 0.198087925544642 0.592760816769604 0.73617040588061 0.11070088082539 0.410275123130342 0.227656099622474 0.521302480691763 0.533346606459624 0.214226836319153 0 0.37306662853962 0.511850882902549
"41" 0.473786641951996 0.475134989711529 0.268503680752253 0.295513285200672 0.352551457575686 0.214923908065789 0.325193072983141 0.38322490288444 0.0804568762295069 0.298666044277147 0.215896887557338 0.0996886090352132 0.155727347094936 0.286664154315925 0.318011438916845 0.465845141619735 0.161662602705921 0.152156337603045 0.365251978138789 0.343322760303574 0.261620160346522 0.567362387173934 0.227992443755739 0.428573453362509 0.217657685368514 0.315068232059952 0.151923666643275 0.0950914868156424 0.405325206505908 0.0735843024884864 0.363236294250186 0.222349528349557 0.369584943730185 0.270979699149809 0.429424348446253 0.188750691345271 0.150357481375437 0.198985823512097 0.176427210689073 0.37306662853962 0 0.248663045103303
"42" 0.240786631604696 0.287332693998972 0.102793389255285 0.0682936235733294 0.268127260464627 0.0545558596518736 0.139026372315729 0.350960448506706 0.242482593155161 0.168783899892599 0.460048559627117 0.150681798821573 0.21686765589845 0.212596214631662 0.078657153580317 0.225590603669661 0.124334867937336 0.386605871887699 0.144508703283437 0.272119771284509 0.299928151909663 0.449019421298814 0.214849081194546 0.210744353215567 0.183263524845909 0.414115098262233 0.313389254823265 0.31899004653245 0.35771665783043 0.289063670621954 0.395284731288697 0.309661995102043 0.430679558419385 0.443005609314273 0.322200103597174 0.284949774704827 0.215361562128871 0.112392007721265 0.383787180634597 0.511850882902549 0.248663045103303 0
