"V1" "V2" "V3" "V4" "V5" "V6" "V7" "V8" "V9" "V10" "V11" "V12" "V13" "V14" "V15" "V16" "V17" "V18" "V19" "V20" "V21" "V22" "V23" "V24" "V25" "V26" "V27" "V28" "V29" "V30" "V31" "V32" "V33" "V34" "V35" "V36" "V37" "V38" "V39" "V40" "V41" "V42" "V43" "V44" "V45" "V46" "V47" "V48" "V49" "V50" "V51" "V52" "V53" "V54" "V55" "V56" "V57" "V58" "V59" "V60" "V61" "V62" "V63" "V64" "V65" "V66" "V67" "V68" "V69" "V70" "V71" "V72" "V73" "V74" "V75" "V76" "V77" "V78" "V79" "V80" "V81" "V82" "V83" "V84"
"1" 0 0.278811429498531 0.391359123826634 0.128248074788557 0.485619112179168 0.561760303710917 0.710362937281141 0.624987048104732 0.575498216660189 0.392630573216131 0.536394179834004 0.332331468429283 0.539705762091618 0.42843127928481 0.546508761084903 0.288927096508055 0.458395698311143 0.483521431053416 0.406560721489963 0.502105282772329 0.242635833621906 0.539197240410091 0.664068468627587 0.251914767346801 0.358358005952085 0.335999451805722 0.318522380938075 0.265281177833894 0.170641767024876 0.454997781647962 0.645641513432369 0.558196180487462 0.267931193023297 0.28722403361651 0.557151404621854 0.226417915309936 0.264197063741911 0.441577718491334 0.365127496866011 0.508220294682498 0.29460548081043 0.601956162102394 0.280639736320677 0.323465666112794 0.201426388896988 0.465174491640412 0.57569964256992 0.366139094669526 0.281217798055526 0.441458360588404 0.280801257820104 0.506148720001093 0.403052899024421 0.059515600829084 0.424657731759991 0.469169946359885 0.306897189146462 0.345291505637386 0.105958206665074 0.208810943538257 0.10576525448391 0.363054116602979 0.706937472939805 0.180047689353965 0.339916658205246 0.592606967108773 0.570773018885621 0.426313523688797 0.311972443356528 0.150109811706228 0.51339791462052 0.396142675052716 0.176910392411209 0.50744653427867 0.0978639772120602 0.437072949887321 0.472197228400635 0.49093026872145 0.126217568025141 0.117150846089482 0.51484991630019 0.366709612722125 0.393256824103358 0.359771120698856
"2" 0.278811429498531 0 0.133154744971771 0.168357649248324 0.383086992745016 0.443597926371425 0.671807755021348 0.580791069766219 0.511865294732194 0.577082581743473 0.781942842663379 0.38983814666356 0.261951233213151 0.216495171764737 0.652977390109417 0.297369477368994 0.589170599570808 0.58504278111688 0.128869040259201 0.577576372186313 0.0598768497446897 0.548671895620193 0.385983273853581 0.328313316327783 0.634984311118856 0.0572286539647929 0.38505439595493 0.543210443971308 0.417579206183078 0.384723208539428 0.371605978162923 0.835177886043007 0.0905110842659947 0.496170927245064 0.818407194996905 0.461361365493268 0.443422981885871 0.380877313045994 0.287997965900513 0.255965113903756 0.548594219801994 0.323529613224278 0.520067498090339 0.0616656030829014 0.360872840558235 0.711611338942027 0.35963465951955 0.348782468878247 0.529177007947709 0.579870596096246 0.534883994868431 0.491813147480027 0.446781845534635 0.294346970525949 0.195903390020298 0.209101873480101 0.472577646685754 0.461255416127997 0.352507627457582 0.0937046257331402 0.251959268607398 0.637834457017615 0.670150082907837 0.295232428918511 0.0955697282157279 0.327866924086451 0.617784185083422 0.147693827796249 0.23552117547189 0.410168604075039 0.79184511531094 0.198567080511788 0.222267505095018 0.531810811242153 0.351722755001758 0.338764538015549 0.332552785688955 0.580627007454138 0.364082188119338 0.292612715098272 0.52645762944283 0.408548139843473 0.13192994532407 0.540370999123422
"3" 0.391359123826634 0.133154744971771 0 0.296192644697672 0.310088214664709 0.522110054508972 0.768440122520332 0.679115680859413 0.607182288942976 0.622580682298822 0.910658721136612 0.518263940011892 0.164576940071811 0.272753818548301 0.78148534756546 0.424324358853267 0.720614401616824 0.713886040382523 0.106950278063895 0.703256854940879 0.149052398840242 0.66296707223807 0.305479850265131 0.360280906151123 0.749494056485419 0.097824145516531 0.514580992455312 0.648064910542506 0.54314833409731 0.48675911853633 0.257115919471109 0.948899634776467 0.128863697383337 0.55935942610993 0.942953087524427 0.539467184270152 0.576213833103208 0.331396822725553 0.397990883766094 0.123120424868294 0.674181465011598 0.227461734689897 0.648404437550525 0.0728302563950661 0.420125703285399 0.839884774521452 0.384982796798568 0.329475751093829 0.656001692366996 0.711880607343354 0.618981655525814 0.602788977356631 0.439921743709115 0.392697017818956 0.242570877094119 0.208615938299218 0.605723838203196 0.593067331744358 0.445582705138838 0.182962765425085 0.336859427192466 0.73608607662637 0.767410408897607 0.353097279853508 0.17241277341639 0.201444352691223 0.594575952084741 0.0864982608799315 0.352835533648569 0.504184990954843 0.902181730191181 0.271047891623888 0.355420768015923 0.64991281915675 0.447681130246803 0.276135894319855 0.412587569256178 0.580747382848929 0.48994708449422 0.422422573830929 0.642056858128815 0.40692013354516 0.161410677600456 0.586734365590192
"4" 0.128248074788557 0.168357649248324 0.296192644697672 0 0.468978988265908 0.452759579014093 0.63122701112773 0.541827580846396 0.483933401584346 0.498300761074485 0.614634202148376 0.280930802627602 0.428707647597323 0.300466217916067 0.531316257347562 0.208066759833604 0.454992347538537 0.463852190117987 0.289492165251993 0.468903534926195 0.153054248908051 0.475403757751423 0.545161633517223 0.300438608066546 0.47153953987097 0.223079751465643 0.270923209139646 0.389973955044808 0.249235314842533 0.356627781932626 0.539775933384748 0.671364605765311 0.192573177261606 0.399516203765596 0.65006110594594 0.346659476602049 0.286516276552408 0.441801442858955 0.25902865691708 0.418754567902274 0.380236987358735 0.488955926287466 0.352442919460484 0.223685420244269 0.286573742929628 0.544016090673601 0.448467998515214 0.381087418362376 0.360953853450749 0.442238391273448 0.407365058674276 0.430979331446777 0.448791955342322 0.167755237717349 0.296441530439881 0.343203758063971 0.321078725503624 0.328485673969011 0.22612297704077 0.133180213093023 0.162530546196167 0.489855295743549 0.628415095043071 0.238073088000165 0.214341674179437 0.49526941820414 0.62449339755394 0.31380842441467 0.201103004760752 0.276653392447967 0.630676795487935 0.268590472210106 0.091543741370651 0.449242138746862 0.220770599538763 0.419741537995781 0.355237663940442 0.560617797297149 0.195736755576481 0.126552565945429 0.451140838743973 0.409326609203928 0.268870329471297 0.463091144788656
"5" 0.485619112179168 0.383086992745016 0.310088214664709 0.468978988265908 0 0.821722235994274 1.05487653758083 0.963819800730401 0.894893591649736 0.481720022202492 1.01041700652247 0.746183137800152 0.424024313775609 0.577822535296523 1.00029186046658 0.662136163637284 0.92233038116974 0.932809296080916 0.416949339143063 0.935992279281909 0.343607813273017 0.925334708894514 0.555024266287776 0.276107471548676 0.788184055389877 0.386674522085815 0.737617643922829 0.663932477863026 0.655271170397869 0.767697227509637 0.448574425194402 0.968408466813521 0.299170322055241 0.474461257265248 1.01408728532126 0.497544894633025 0.740862740593722 0.0703775159798261 0.669938382631278 0.296568712448437 0.771075131052955 0.469655252427269 0.764199440245552 0.337514150361271 0.368711997957509 0.940484785076993 0.694902499211685 0.147714941601378 0.761707395513081 0.908437315678793 0.576971883112195 0.871401760538289 0.226801733475787 0.447419724979502 0.549272875038239 0.518216699427602 0.780466702082271 0.797049872143941 0.468950569049009 0.343167752162775 0.383031429450936 0.719027446271791 1.05319103852126 0.330882282999958 0.464146802552873 0.369987034215449 0.320139883301055 0.394283865523585 0.614965621295125 0.514056556112954 0.911516915082074 0.57015203384319 0.557648732785625 0.904774736686187 0.478186190626643 0.0494434162982894 0.710476187719599 0.348994404759219 0.611530211188818 0.576679777873457 0.902182846414553 0.219323510602936 0.468152952512767 0.454791265957057
"6" 0.561760303710917 0.443597926371425 0.522110054508972 0.452759579014093 0.821722235994274 0 0.260877694314835 0.184053687280935 0.115833748949013 0.94986215510565 0.804515715806316 0.308384653352984 0.505690933105422 0.250574204110396 0.453601033032371 0.285538723361254 0.458794723527732 0.409836941639166 0.420411671056015 0.364934096536758 0.495046027706261 0.247690227573886 0.507180174101712 0.742212625026985 0.800606533018889 0.43538804529429 0.321750803032621 0.773380595956157 0.569952155608386 0.12012952682271 0.600540863784193 0.973884603086277 0.533592915810758 0.847798399286308 0.881035656387802 0.787991077718796 0.479053753217747 0.824346595978106 0.196635676645475 0.603728704962801 0.656689133005293 0.523645666143634 0.608411705943432 0.484209745887424 0.739220188910042 0.752581470639235 0.215485448527407 0.789365534638933 0.631038176001311 0.466681152296196 0.83439031300956 0.191823506583736 0.879528316875844 0.614231576568913 0.282043418924531 0.341978278236206 0.467595432119332 0.392037533742029 0.667654437758105 0.513481588947015 0.614887391954092 0.876368447012969 0.261277416948262 0.687215414316624 0.357577846039134 0.617104408851383 1.05446955612569 0.452795510142477 0.252009753416964 0.707584698637174 0.954887185429247 0.252134119841396 0.384959261839255 0.265599554683152 0.659512077741511 0.779935510353841 0.111342060222004 1.00417148294071 0.537240031245084 0.468866155924323 0.243222747319585 0.84002673363474 0.361396830792086 0.915138566396978
"7" 0.710362937281141 0.671807755021348 0.768440122520332 0.63122701112773 1.05487653758083 0.260877694314835 0 0.0912415883258659 0.161281209920013 1.10040884888347 0.768425728445202 0.384134620612931 0.765873802849789 0.504137096524817 0.350125053587519 0.425627582182316 0.408452566678519 0.346795327102997 0.672051025707185 0.294527663204781 0.714707626527443 0.18441017162707 0.764884258455566 0.931658187396461 0.848079377248002 0.675603998753321 0.399340671630064 0.859817750665974 0.655303644949768 0.28730413500071 0.861331609064368 0.985527061232129 0.757487194322918 0.992217269081764 0.858501011262486 0.923848811191698 0.530852468685069 1.04799065946548 0.386623710369289 0.859124437629184 0.697383426620053 0.784452213746732 0.649304209023842 0.721125059094417 0.907618832881492 0.73581968256086 0.471103369253952 1.00158108564326 0.674014236777897 0.42585514844767 0.95089150703148 0.204235682465545 1.07906843229806 0.769040864716001 0.536027306800685 0.600956948319909 0.499657313643975 0.419240813542582 0.812105549784713 0.724591513167914 0.788859073011152 0.954921709172665 0.00511862565945068 0.867549177027564 0.597462447634262 0.877142982085765 1.25516211896548 0.706070177128128 0.444287547621578 0.837790577965005 0.982494628028181 0.498535999161261 0.54470511625386 0.222167764192156 0.801643818005673 1.00997141965536 0.359643056983693 1.19073418763245 0.642085204394284 0.597476447249054 0.205823411366278 1.03940572453049 0.611631445622578 1.06895325063182
"8" 0.624987048104732 0.580791069766219 0.679115680859413 0.541827580846396 0.963819800730401 0.184053687280935 0.0912415883258659 0 0.0732749917609613 1.01653643233853 0.729493757237216 0.305006112943278 0.68307326608222 0.417879636925295 0.327047092638427 0.337918563760018 0.366329870811202 0.306462721831056 0.584276527308273 0.253687646456753 0.623467344186335 0.126048880903103 0.691160010239593 0.842216620136659 0.784921999426786 0.585546884691492 0.320473524534567 0.787258978384325 0.5808255986041 0.196147744280848 0.781941988758289 0.933544521103348 0.666276447418997 0.908989636779345 0.816052064284766 0.841784763825311 0.461794730458354 0.956750737456794 0.295393058024087 0.77229224608238 0.634260325272985 0.705072837026534 0.585390576408037 0.630615379243061 0.820497399943717 0.690082292984199 0.399269337413018 0.910608850218544 0.609946044062822 0.381008305751164 0.872577554224645 0.122553199389663 0.988958971161417 0.683153928732111 0.449707363561277 0.517182096437077 0.434819462128236 0.352921762001889 0.72801318528357 0.633459082420404 0.700627677919877 0.884878038004405 0.0893790342853174 0.778878782633888 0.507596384476211 0.79389243730738 1.16512430527357 0.618732437051072 0.353168348117292 0.756240323202234 0.925869988004447 0.410302881433913 0.456524309129569 0.162325309746044 0.717857710629888 0.918813316625885 0.273774531542863 1.10202400935263 0.563439572356122 0.514066053977381 0.140778034792947 0.949263791368715 0.523678962757635 0.984459551770843
"9" 0.575498216660189 0.511865294732194 0.607182288942976 0.483933401584346 0.894893591649736 0.115833748949013 0.161281209920013 0.0732749917609613 0 0.9681263501254 0.734238625526309 0.271871265380737 0.609951269558174 0.344655210958345 0.354172929467172 0.286584615775582 0.375558144650602 0.320158496326962 0.511441831094359 0.270382476515264 0.556517722579059 0.143237196348988 0.620808785922165 0.783242874342256 0.764779155194203 0.514403871566871 0.28717985419042 0.755861280602386 0.548712633408492 0.12967278936498 0.70950016619355 0.92420631699838 0.598606001501362 0.861930914186897 0.816755171855416 0.796816631554468 0.438739190062652 0.889904522229286 0.230333761246717 0.699214948088116 0.615617192504455 0.632678542972469 0.566470979262559 0.560208400008746 0.766802663993305 0.688916752472428 0.330866119745351 0.84630316603838 0.590516386198781 0.387085002454619 0.833021308114643 0.103863096647807 0.927880692371884 0.632383022133897 0.37649670462289 0.443979877444973 0.417650482644097 0.336473920266008 0.680244209669461 0.568445940527644 0.64496914329753 0.85602785023698 0.160237275738451 0.721962666652658 0.436215565218281 0.720698629342093 1.10408228993885 0.545761035779809 0.289258469787977 0.712470165421469 0.911835721904725 0.337619366627719 0.402405558278738 0.169988080258676 0.67066215666238 0.850485048961819 0.200499805266427 1.04441455024051 0.525578509862506 0.469049978659989 0.146132859695438 0.88813474916518 0.450901155239332 0.935101083647107
"10" 0.392630573216131 0.577082581743473 0.622580682298822 0.498300761074485 0.481720022202492 0.94986215510565 1.10040884888347 1.01653643233853 0.9681263501254 0 0.703148264680635 0.717741291540452 0.786176795671285 0.78023758638412 0.892076468074635 0.681546867689626 0.797684007315206 0.83816101842097 0.693528732864787 0.868043837836734 0.518351950692439 0.924512013637617 0.927943486718942 0.262550564139808 0.442595136913784 0.624958152796321 0.702982416581795 0.328524918296687 0.47233780529569 0.846792384111624 0.86030073100841 0.565367481244892 0.507310430658261 0.109317840201515 0.667232244941009 0.18162835569151 0.604581772896038 0.411342539362411 0.753962166168153 0.694886138970983 0.516247807094394 0.847670972141997 0.54103053576098 0.58576061682088 0.217903695976693 0.647055343634226 0.929575485853869 0.34358327960894 0.523696194560492 0.777605342194952 0.197115761559697 0.896360328217546 0.258650001965602 0.336610587908715 0.766661342438424 0.785620541480541 0.647130699364016 0.709074036341721 0.288523282701951 0.483470573407188 0.339756344382785 0.317678221107866 1.09679064455425 0.281895340440773 0.667524329962303 0.786508331029748 0.312365624998002 0.695713819283216 0.697904310088081 0.26732412580395 0.504562018531643 0.753095841716867 0.567801779687172 0.890539439171378 0.298789993396747 0.457642033493956 0.853421725380168 0.205107410814277 0.466971309042319 0.502937514517434 0.900560293392751 0.262763511221828 0.708992490874874 0.0367116561577987
"11" 0.536394179834004 0.781942842663379 0.910658721136612 0.614634202148376 1.01041700652247 0.804515715806316 0.768425728445202 0.729493757237216 0.734238625526309 0.703148264680635 0 0.506477741548361 1.03645178327324 0.833788353034285 0.422237984037333 0.573614466620039 0.363223931540981 0.423884097887621 0.893729508047708 0.476936345666064 0.764267903015734 0.603673973713025 1.13640078468916 0.743893928020452 0.260810613727857 0.834024154300215 0.496654566734676 0.379441324643062 0.369628873727999 0.690781789367204 1.15049012448921 0.2530316217526 0.797585688916119 0.61818244807438 0.0947788462426384 0.55644114555036 0.357516182907451 0.956634660659389 0.671208397108557 1.03270175859783 0.241855954989879 1.09311248955425 0.262256625179531 0.838302627319128 0.657020164142459 0.0713078321346481 0.943228401598916 0.874590053110954 0.256300812439789 0.348782747204368 0.507907476953819 0.630471781575674 0.86966798554451 0.564468404147053 0.847888510995743 0.917550918709357 0.349153421246265 0.414632046678192 0.543101325337048 0.736227946418844 0.63039051562416 0.396344749575697 0.763331104936126 0.680794815125494 0.803393787284172 1.1096906956758 0.997813310997878 0.922584985945533 0.660286990248305 0.506147372094876 0.281748635888916 0.800270000316265 0.572139304898238 0.569028213522157 0.533121306946022 0.963935039653994 0.782356623513764 0.893650826899839 0.421797133689113 0.489350068649372 0.592238412214657 0.843874273293397 0.857415842531584 0.694209885070489
"12" 0.332331468429283 0.38983814666356 0.518263940011892 0.280930802627602 0.746183137800152 0.308384653352984 0.384134620612931 0.305006112943278 0.271871265380737 0.717741291540452 0.506477741548361 0 0.594204637286683 0.34771810073902 0.26330934825507 0.0946035438680391 0.209057651186225 0.195622336662805 0.457895247526407 0.190150120511855 0.408937673162122 0.207243466525987 0.664474611815903 0.570636199786319 0.495908595096499 0.422096418732748 0.0154994727327261 0.484463171730208 0.277321244946321 0.189196657860842 0.709252804059706 0.6655141722882 0.4538228114497 0.609049877898189 0.577169837263189 0.53997743550531 0.171170502053161 0.722387811890382 0.170117169261746 0.636012406316939 0.349324366609686 0.64014972844164 0.300651070138146 0.450860525251668 0.533246552819836 0.449427144048433 0.439083739765141 0.661555154209113 0.323763561706302 0.205329634025821 0.56773382627206 0.182478100753968 0.722400208094508 0.391817283704749 0.369206789981459 0.445802316276773 0.160590996689706 0.0950139274808714 0.430441713555657 0.40333722169286 0.421789929619475 0.584192465179087 0.380279388484289 0.501750325589086 0.36137590511286 0.69025938935987 0.89572158162914 0.492852476244609 0.179541797564418 0.453777940839716 0.647549685632744 0.317969741387055 0.189704113466868 0.175166429193482 0.419559630185768 0.697445407456672 0.276009208164287 0.821601873008738 0.258566164492878 0.216215889380111 0.183061591367928 0.683719429316967 0.405548163161529 0.687135689726918
"13" 0.539705762091618 0.261951233213151 0.164576940071811 0.428707647597323 0.424024313775609 0.505690933105422 0.765873802849789 0.68307326608222 0.609951269558174 0.786176795671285 1.03645178327324 0.594204637286683 0 0.269984345658732 0.849562822269239 0.500977125825835 0.803158457437814 0.784786620595773 0.142921396344602 0.763846395803545 0.300386860610096 0.697199610221031 0.142308132581748 0.523637616556909 0.896845404059933 0.205732689632777 0.594552530224204 0.802279823601518 0.677288396777946 0.509061155847576 0.115854075298574 1.09703015291484 0.290365100333699 0.723884836263879 1.07761433238385 0.702495866367637 0.687179814570643 0.46359922845126 0.442290504532713 0.13037106228108 0.807717618193997 0.0635117084406251 0.776425272860047 0.218879090004293 0.584630497102321 0.967103915040785 0.316983637470028 0.479255052843926 0.787275155692384 0.798118077759675 0.781064730887509 0.633174779820759 0.591116936480999 0.548949079553356 0.23977695806166 0.166307040983305 0.709884865170868 0.680827566112989 0.604282566540537 0.337502361042012 0.497069122573584 0.893847932815383 0.765937485433266 0.517511345874774 0.237254283158949 0.111460786989211 0.733209274350314 0.114908230283341 0.415147834163536 0.662885175093544 1.05310257832538 0.288264308573351 0.465378796771225 0.69290146715926 0.605322442866718 0.403232689724323 0.410214914424491 0.731971061613531 0.623884876857345 0.548958625628734 0.679909977138786 0.561114586842091 0.188736436208414 0.750538490027232
"14" 0.42843127928481 0.216495171764737 0.272753818548301 0.300466217916067 0.577822535296523 0.250574204110396 0.504137096524817 0.417879636925295 0.344655210958345 0.78023758638412 0.833788353034285 0.34771810073902 0.269984345658732 0 0.589435056806977 0.263155051360354 0.554000128269862 0.527481740847552 0.169837553678899 0.501122077188113 0.275163422722255 0.427480373339501 0.317516974571745 0.541663227567705 0.749150476875689 0.192773823355415 0.351908412954459 0.68411612989651 0.510249939002973 0.23908933254248 0.377896081574685 0.943766123502699 0.305376766442101 0.690051470398495 0.890793328025924 0.643758910593483 0.476369311796148 0.587505755359236 0.181532277704808 0.355007537618541 0.629671441423431 0.303435447477294 0.588928741892994 0.243275705407702 0.562359574223522 0.769197266527492 0.149823646211894 0.563403359508857 0.605662458573155 0.55231348196396 0.707568875768421 0.363318772502867 0.663207875674315 0.465493337214026 0.0318902105669805 0.10524821812728 0.487882585940232 0.44105488306987 0.524947593970183 0.303515621988361 0.442393390695117 0.786272256657654 0.50366445811988 0.500488072900947 0.121212824298147 0.378726449785624 0.833277412333614 0.202569986033481 0.174168778278453 0.577001713715004 0.910413094967846 0.0345905108568035 0.281706219035851 0.424664542343649 0.520460920480946 0.538692516368553 0.144496807673214 0.7968687271165 0.461916683582409 0.380967730426554 0.410726229668625 0.625041275185184 0.111371244050993 0.743757149715367
"15" 0.546508761084903 0.652977390109417 0.78148534756546 0.531316257347562 1.00029186046658 0.453601033032371 0.350125053587519 0.327047092638427 0.354172929467172 0.892076468074635 0.422237984037333 0.26330934825507 0.849562822269239 0.589435056806977 0 0.35724146344369 0.0946808300934413 0.0681142443878024 0.717409049670394 0.0907963458880674 0.669395339311598 0.210979281412345 0.905060307447603 0.797933498093678 0.54729491541644 0.685007741918947 0.268097671076397 0.595254124884701 0.420050704702265 0.369342761550946 0.962969706836342 0.653461012668267 0.713840253199618 0.78413056432485 0.514736518638107 0.710981106468561 0.290015799716069 0.970478756524089 0.408878392856993 0.898492214780044 0.405781920000423 0.89096707511401 0.365307026477069 0.714116512812058 0.742541982366309 0.398193902575432 0.644853828589119 0.903282852980777 0.388051155929597 0.115286138949074 0.711366417896435 0.261795752411919 0.949528931033068 0.603173503527976 0.615424817027602 0.693050391405882 0.246401764311022 0.204389600401945 0.62463618109551 0.660372695504603 0.648783041346967 0.674442350470484 0.345006967137082 0.726258642906778 0.621727763653427 0.949479338116485 1.11599592954292 0.752884863442552 0.436066867564524 0.627551078914417 0.659765988102996 0.564390825508549 0.444048829529356 0.188015173229644 0.612514745873596 0.951030081044933 0.480099638204364 1.03049233636839 0.434365925315319 0.434123636033715 0.210781025011063 0.912840796368109 0.662412259006743 0.867391942111426
"16" 0.288927096508055 0.297369477368994 0.424324358853267 0.208066759833604 0.662136163637284 0.285538723361254 0.425627582182316 0.337918563760018 0.286584615775582 0.681546867689626 0.573614466620039 0.0946035438680391 0.500977125825835 0.263155051360354 0.35724146344369 0 0.302445666518845 0.289871878247992 0.363620203899998 0.280214344739372 0.320817899671722 0.267874112286402 0.576667353238344 0.507387201642916 0.522917645836976 0.327781895137936 0.0935937587621194 0.488063912730493 0.286740430857724 0.170015540331156 0.616365408122673 0.706471940274905 0.365912377283507 0.575463588203813 0.635995934876109 0.511138940737738 0.218731682275879 0.642934373029786 0.102572537578319 0.541519107843155 0.386698123660685 0.548405894465063 0.341261371547239 0.357865474394732 0.482582412457 0.51128444871133 0.372094646465465 0.587105812249891 0.36133484990392 0.297161252135729 0.551647874160349 0.22340154692328 0.656737954381102 0.346135647014399 0.281538003999586 0.356614573861346 0.22544775413209 0.180814031632078 0.393745866930016 0.319287861192658 0.363245558857519 0.591296943268776 0.42256338683149 0.442136749682127 0.266989198311269 0.595911737329635 0.832212863260112 0.398436150770047 0.089549937634837 0.427781832109817 0.681188884853563 0.231232815650706 0.11918773854483 0.243657407813875 0.384300743357453 0.614041388184271 0.221413663109402 0.765252079173445 0.251760014832031 0.185250569248752 0.243783516531225 0.61733048802247 0.312245136589861 0.648615311477554
"17" 0.458395698311143 0.589170599570808 0.720614401616824 0.454992347538537 0.92233038116974 0.458794723527732 0.408452566678519 0.366329870811202 0.375558144650602 0.797684007315206 0.363223931540981 0.209057651186225 0.803158457437814 0.554000128269862 0.0946808300934413 0.302445666518845 0 0.0616617757108397 0.665936325355868 0.114294130923708 0.59935749902909 0.240719816783851 0.871483085731955 0.710307384323408 0.458604990441223 0.626357814409899 0.208918590250736 0.501378420582463 0.326002779970066 0.357043423624121 0.918290728365977 0.57845298681987 0.642860315764794 0.689929580464764 0.451031550337796 0.616754753786552 0.197650691797025 0.889113405461458 0.373081737645801 0.840628584149017 0.313937137528409 0.849113772322426 0.271923573540692 0.650820196996743 0.651748195984521 0.327369362002844 0.629762691514599 0.819463964390496 0.295137402562577 0.0209692094740613 0.616719876555312 0.273281389818024 0.861153698426305 0.513813473676128 0.576947041356503 0.654009662913602 0.153829791576314 0.128197968034933 0.532613558366441 0.586775815801463 0.562233629307601 0.582547197960211 0.403420609596918 0.638442837423638 0.569225213275998 0.898064994089344 1.02570068473108 0.700538588531952 0.38856978398388 0.533744853192029 0.579440241443474 0.525547669433261 0.372112036116987 0.207101667181385 0.520444068678677 0.872906945562456 0.462825091893921 0.938596905217875 0.342659534481947 0.349309919311953 0.230726742936529 0.825093914595525 0.614447995349481 0.77329296378546
"18" 0.483521431053416 0.58504278111688 0.713886040382523 0.463852190117987 0.932809296080916 0.409836941639166 0.346795327102997 0.306462721831056 0.320158496326962 0.83816101842097 0.423884097887621 0.195622336662805 0.784786620595773 0.527481740847552 0.0681142443878024 0.289871878247992 0.0616617757108397 0 0.65130793625033 0.0530528014375826 0.601293890036163 0.181743366266186 0.844288454558905 0.734125441285236 0.515769403849232 0.617629684175637 0.200060279724049 0.551433650165353 0.366114439252366 0.315678448323511 0.898752521526294 0.639857341022209 0.645758572507226 0.729476783677123 0.512383215111648 0.656580202698425 0.233595072776382 0.903770347942758 0.346124314346129 0.831357896994021 0.368690116647968 0.827492067719504 0.324434865640062 0.646246227726388 0.681492783016968 0.389024372032046 0.591186855926149 0.837434754568937 0.348395192260315 0.0798980599457615 0.662298215641903 0.220207894836277 0.886077487407748 0.541019446509968 0.552558375429676 0.63016414719571 0.191267832940464 0.138853043581884 0.565396798367909 0.592464139831959 0.584537499259941 0.636256762539619 0.341761694713554 0.662675219596748 0.555301358601828 0.883584173146817 1.05402295869271 0.686639810869999 0.370276795345078 0.571885975239524 0.639976607321566 0.501286568497547 0.376144175034504 0.150253692766849 0.553379615071499 0.883592349027547 0.42484149609625 0.970443345516937 0.375451253107661 0.36955550313658 0.174119343855349 0.848990174399507 0.597025600918162 0.812204406087851
"19" 0.406560721489963 0.128869040259201 0.106950278063895 0.289492165251993 0.416949339143063 0.420411671056015 0.672051025707185 0.584276527308273 0.511441831094359 0.693528732864787 0.893729508047708 0.457895247526407 0.142921396344602 0.169837553678899 0.717409049670394 0.363620203899998 0.665936325355868 0.65130793625033 0 0.63428191463508 0.179585267635223 0.579931598886048 0.257519102938954 0.436021120311411 0.760424326596165 0.0723538494715941 0.457026465485859 0.671517395560155 0.536487291901083 0.39683607061621 0.258167706699292 0.960483961822106 0.186570506587119 0.618776281514486 0.936078554188492 0.587880695009761 0.544413474850338 0.435683973933982 0.316893487534955 0.189293067880794 0.666372691911132 0.200276756342362 0.634167040433375 0.108361411863872 0.481063514941587 0.824543205126046 0.278653386780747 0.426043671962259 0.645515458964696 0.659840076430944 0.6627359116047 0.517542921774977 0.533740450835389 0.423139125808507 0.138538789610852 0.103665788440722 0.567772008357708 0.541697503210724 0.481043989253814 0.217162073313592 0.378597068183895 0.766650506518809 0.671349197403912 0.414003841727981 0.0967404566073557 0.232387951932455 0.694652283624897 0.0359537832353087 0.281386523704383 0.538885075809568 0.918488553280441 0.174084432600931 0.322457563560474 0.571008470793116 0.480476865435787 0.381969822011339 0.313079607797369 0.673140058760236 0.483273235399855 0.407109960316008 0.56057327371931 0.498427653568258 0.0606747142227786 0.656971260092354
"20" 0.502105282772329 0.577576372186313 0.703256854940879 0.468903534926195 0.935992279281909 0.364934096536758 0.294527663204781 0.253687646456753 0.270382476515264 0.868043837836734 0.476936345666064 0.190150120511855 0.763846395803545 0.501122077188113 0.0907963458880674 0.280214344739372 0.114294130923708 0.0530528014375826 0.63428191463508 0 0.598911465889786 0.129772310530549 0.815690596035045 0.749714466663234 0.56210998397709 0.605926094229752 0.198399657216433 0.590952620660555 0.398577635786189 0.278560500211485 0.876401103510737 0.691278343308524 0.643854574633227 0.758876499905702 0.56529110744595 0.686526883408841 0.265706648879813 0.910676799348677 0.321807678223966 0.817969558905629 0.413302699119748 0.803629994503785 0.367454852449209 0.637907672042929 0.702501874537155 0.441493919253701 0.554063260011114 0.847474707527095 0.391846214383925 0.13132868357337 0.697346663575054 0.173395866439159 0.902000037916579 0.560801328812529 0.527837902146653 0.605358617569006 0.226112724196866 0.159402954224723 0.589751087897947 0.593383937421004 0.599769438126474 0.678919228988064 0.289523018821091 0.679019029291557 0.539633962155626 0.86555910990572 1.07246918526556 0.670018220626492 0.353305944121459 0.600811192562313 0.689989521731247 0.477139750747123 0.37859218407449 0.100777619886747 0.577952820192098 0.887133762258287 0.389384024824091 0.992229792736646 0.401832306684246 0.385761464444404 0.124455399696051 0.864146680205745 0.57797926691719 0.840754512660602
"21" 0.242635833621906 0.0598768497446897 0.149052398840242 0.153054248908051 0.343607813273017 0.495046027706261 0.714707626527443 0.623467344186335 0.556517722579059 0.518351950692439 0.764267903015734 0.408937673162122 0.300386860610096 0.275163422722255 0.669395339311598 0.320817899671722 0.59935749902909 0.601293890036163 0.179585267635223 0.598911465889786 0 0.581801849233768 0.432138275993771 0.268438551688144 0.600973639657222 0.10804665592224 0.402085753224754 0.502313947463229 0.395497745177835 0.427629929331482 0.403375258485711 0.800672921655401 0.0450953684092987 0.439803283503356 0.794425008111639 0.408506923325023 0.439037521895719 0.33341338861388 0.328228482973957 0.268851183814724 0.526251980640675 0.363572075318472 0.502191484318285 0.0816804449243612 0.303132881598939 0.693236997635423 0.419391123711864 0.294414624616517 0.508719149771053 0.588219579346513 0.484300861829008 0.527940979554491 0.389187578354997 0.248587474629382 0.255508220371899 0.267270244816373 0.4722199338322 0.471293665664503 0.304579772189201 0.0378211579068101 0.199585349565755 0.593517735836614 0.712759779016702 0.236816124917675 0.154919672140155 0.350496571233232 0.561669864175168 0.190898587947298 0.271953088524106 0.363034644673216 0.754843865627206 0.25531088050914 0.227249527363441 0.561900224755091 0.30516547732172 0.296826701188626 0.384888493779794 0.52171790580719 0.342640362251196 0.27918604865515 0.558751377438053 0.350555849576249 0.190943101170335 0.481650978082817
"22" 0.539197240410091 0.548671895620193 0.66296707223807 0.475403757751423 0.925334708894514 0.247690227573886 0.18441017162707 0.126048880903103 0.143237196348988 0.924512013637617 0.603673973713025 0.207243466525987 0.697199610221031 0.427480373339501 0.210979281412345 0.267874112286402 0.240719816783851 0.181743366266186 0.579931598886048 0.129772310530549 0.581801849233768 0 0.730063729337914 0.772563366819762 0.664842735924146 0.565583475546929 0.221691574856106 0.675681110559105 0.471986204682281 0.188881537011648 0.804805292527318 0.808663176591382 0.62652680950933 0.815605142053705 0.690004902031977 0.745825339101243 0.34646494749243 0.909497363565516 0.265046680985616 0.768731797343794 0.514023552818014 0.729363370844241 0.46564583941977 0.604929368892658 0.739570883078549 0.564097956312811 0.45198878240845 0.854952802773229 0.49033881192747 0.255030829533114 0.769153496287909 0.0644667964190537 0.923151201594553 0.598603440165156 0.457428146234155 0.532466600326663 0.315571169732876 0.234855303725615 0.63762666127831 0.584551091601333 0.625433731423181 0.770512197955415 0.179948306983729 0.705243636716374 0.491684085107737 0.80442754071459 1.09793376949655 0.615773018480032 0.31319827319148 0.659406010396112 0.802487057942776 0.410158297932225 0.384785361675133 0.0379878547178009 0.626680992871229 0.878054031143408 0.29650411955605 1.02688116704428 0.461490273964903 0.423440350600763 0.024463660294897 0.883952469082671 0.520222452789365 0.894197148160845
"23" 0.664068468627587 0.385983273853581 0.305479850265131 0.545161633517223 0.555024266287776 0.507180174101712 0.764884258455566 0.691160010239593 0.620808785922165 0.927943486718942 1.13640078468916 0.664474611815903 0.142308132581748 0.317516974571745 0.905060307447603 0.576667353238344 0.871483085731955 0.844288454558905 0.257519102938954 0.815690596035045 0.432138275993771 0.730063729337914 0 0.665482494459698 1.01669834723062 0.328850245657314 0.667827434465051 0.929020519954185 0.788603413593358 0.542969015138295 0.128866024940523 1.21648350306682 0.427795110579257 0.8634765608688 1.18491028677967 0.839065473765048 0.780600824988947 0.599961594013677 0.498909959823029 0.258898770493778 0.916648428630748 0.0857409601744147 0.881338835528831 0.352559055421844 0.724247688845148 1.06895366454718 0.293821915991984 0.620204695161967 0.894640057058059 0.869512686788262 0.916172111239827 0.665838864335203 0.73204886474385 0.679389560513857 0.29543529087735 0.220445982305127 0.797530657349471 0.756734226160187 0.736454595167233 0.469905311906806 0.631382069104351 1.0236844842042 0.765894024997155 0.656906239667587 0.335732647975827 0.194464583543947 0.869690244972188 0.241241987209491 0.48719352829389 0.794708155249602 1.17543384231834 0.346521538632386 0.565845930433349 0.73309155053403 0.736508381672909 0.538979697648096 0.433559785354498 0.872626200308809 0.736017242368981 0.657500797719509 0.716473387623185 0.702739766344148 0.280552481350934 0.892171226515013
"24" 0.251914767346801 0.328313316327783 0.360280906151123 0.300438608066546 0.276107471548676 0.742212625026985 0.931658187396461 0.842216620136659 0.783242874342256 0.262550564139808 0.743893928020452 0.570636199786319 0.523637616556909 0.541663227567705 0.797933498093678 0.507387201642916 0.710307384323408 0.734125441285236 0.436021120311411 0.749714466663234 0.268438551688144 0.772563366819762 0.665482494459698 0 0.513198388745954 0.370481437717504 0.558362027983262 0.388143228114019 0.407345557254281 0.654717870954667 0.599662091186065 0.692442688444614 0.249719371315312 0.214062984593419 0.741284789498092 0.223401898405281 0.515472624754174 0.215021902600954 0.555094022964725 0.435280306285315 0.509787388434542 0.585147129338935 0.510704788486104 0.327660366420399 0.0926226765176877 0.675498970382166 0.687629203434948 0.13183477584786 0.50413466784348 0.693336656637612 0.304818029043121 0.730769965109267 0.152286856194174 0.198526202530805 0.523586151476761 0.532456696494917 0.558519807495137 0.59538935712762 0.201719230454671 0.23815114904802 0.149948928095818 0.444758199936138 0.928829799903632 0.0718930588203158 0.422916258264938 0.527492797917856 0.325397464823541 0.435411527541889 0.49594728676402 0.240260847385074 0.635903118423807 0.518776980828571 0.388476206936618 0.744133062165713 0.212541858370617 0.235846439354855 0.636755662772741 0.262137824156636 0.373136120336989 0.364735759364334 0.748133596721885 0.114907463468481 0.45812204486086 0.227103057882358
"25" 0.358358005952085 0.634984311118856 0.749494056485419 0.47153953987097 0.788184055389877 0.800606533018889 0.848079377248002 0.784921999426786 0.764779155194203 0.442595136913784 0.260810613727857 0.495908595096499 0.896845404059933 0.749150476875689 0.54729491541644 0.522917645836976 0.458604990441223 0.515769403849232 0.760424326596165 0.56210998397709 0.600973639657222 0.664842735924146 1.01669834723062 0.513198388745954 0 0.691732909494581 0.481358833453819 0.126952702595734 0.240084617723597 0.680516237372213 1.00391608510769 0.200193716244879 0.624247230124548 0.3617357883241 0.232084170153363 0.305896577479364 0.326082110870459 0.728143901047042 0.62474149375785 0.864642124729538 0.150830111886897 0.958460891542669 0.199534038917781 0.681769433115234 0.421598088630257 0.209579051545755 0.883686228987858 0.644877130162034 0.174989313715599 0.438014970517724 0.24883291521185 0.6665298069553 0.624117947073309 0.36354278150047 0.753869005242468 0.810776975148039 0.350111645000174 0.43200919003795 0.324086073554845 0.566611904261726 0.428037293225389 0.141001296074066 0.843378108546803 0.4591907060597 0.683928283344427 0.950459158484706 0.741447893450231 0.782620864716696 0.591887854416282 0.274306558785324 0.161264562072763 0.714646178277579 0.467445483079263 0.626855756413434 0.317105530950963 0.74498465744866 0.74392678164479 0.635996565432835 0.287279631909533 0.36829804653194 0.645744583354462 0.602421859642542 0.73912368420384 0.434948352429561
"26" 0.335999451805722 0.0572286539647929 0.097824145516531 0.223079751465643 0.386674522085815 0.43538804529429 0.675603998753321 0.585546884691492 0.514403871566871 0.624958152796321 0.834024154300215 0.422096418732748 0.205732689632777 0.192773823355415 0.685007741918947 0.327781895137936 0.626357814409899 0.617629684175637 0.0723538494715941 0.605926094229752 0.10804665592224 0.565583475546929 0.328850245657314 0.370481437717504 0.691732909494581 0 0.419046041791823 0.600433892445692 0.472027373861178 0.391551945884497 0.317120930114163 0.89191917264017 0.121567928685583 0.547832179073631 0.872694570195968 0.515763899964262 0.490583026899252 0.394758197026015 0.300808464535437 0.214287187961554 0.602758298405776 0.266744561784781 0.572795110301603 0.0505802506725141 0.410830784135053 0.764079503353668 0.325227552203044 0.374001393825349 0.582780212666515 0.61841743232724 0.59039758696394 0.50586418903734 0.477838409073208 0.350966807148117 0.166530855537406 0.161979617862879 0.517345786666355 0.499526288844999 0.408733250592947 0.145292045126315 0.30639509502609 0.694866041787576 0.674362731396083 0.344146255449375 0.0784014371371153 0.278189496459236 0.644227841378883 0.0909724260555983 0.255011904068964 0.466639343021889 0.848892114285387 0.183498507532021 0.267705640775722 0.552152567427575 0.408262266991362 0.346324262042268 0.324368917097407 0.615122441734383 0.418560848642051 0.34501071589157 0.544500986672001 0.440991953749392 0.0900499532392336 0.588303665461842
