"V1" "V2" "V3" "V4" "V5" "V6" "V7" "V8" "V9" "V10" "V11" "V12" "V13" "V14" "V15" "V16" "V17" "V18" "V19" "V20" "V21" "V22" "V23" "V24" "V25" "V26" "V27" "V28" "V29" "V30" "V31" "V32" "V33" "V34" "V35" "V36" "V37" "V38" "V39" "V40" "V41" "V42"
"1" 0 0.588288306956088 0.783121996583237 0.0873305565894154 0.632783287975758 0.563084624549053 0.878622880159737 0.669422450189145 0.21848198491348 0.534862896475524 0.543539907564722 0.361746260812788 0.514888923698635 0.855426835697878 0.609708399491891 0.307897487884269 0.420152384291913 0.442080066528174 0.337976544666247 0.20736307120619 0.100089323632563 0.289725438764371 1.02226618691245 0.648864738580858 0.499563754132285 0.863731825561431 0.460679499666901 0.555798500277051 0.569472612643468 0.906613026223231 0.29407097347914 0.472256729625782 0.967242558416633 0.489347636352179 0.358852915050563 0.625158970258452 0.974255581582827 0.313406626884944 0.216695221843036 0.586100813244578 0.797314094688009 0.154316872500144
"2" 0.588288306956088 0 0.329722592408983 0.633224004417788 0.426132259803979 0.634514397691277 0.292979132126741 0.473997623550747 0.428806924390685 0.461920546073855 0.662161949122968 0.533488960069049 0.670931502275782 0.402035414092204 0.0245024056910891 0.362124921543716 0.211505175383603 0.521679068105383 0.256125251859033 0.385416300724609 0.525453891167986 0.532648873709367 0.444935196469577 0.161111518174808 0.268055384153874 0.275467014886465 0.605022524582365 0.669531192301296 0.4919119436026 0.413046774406814 0.320799934596608 0.618239050667265 0.390687921633918 0.579166312751645 0.274553925500161 0.659233363508422 0.386550228804451 0.678516617305511 0.514478967079594 0.495583577784992 0.397744439554415 0.719567441343314
"3" 0.783121996583237 0.329722592408983 0 0.851859898355256 0.267111958974631 0.960088683012314 0.296332295700828 0.288352542097363 0.692019202108799 0.790557497739846 0.590703173104148 0.837860273072544 0.989564837197713 0.0769885837360535 0.310305287556259 0.650780383413518 0.371201817884335 0.500040353696803 0.466598424836121 0.582904949681642 0.754448014699733 0.821536154139629 0.519315498251295 0.172560954267035 0.287563007426093 0.32829231659179 0.921134201799871 0.592242983611536 0.384100033652889 0.12641252840235 0.490780824648858 0.935051123743252 0.48428626810138 0.900369464399996 0.566603884736958 0.53807901924527 0.371252758233584 0.736749395334324 0.784344197439737 0.375781557338726 0.0839907643905109 0.874609303004138
"4" 0.0873305565894154 0.633224004417788 0.851859898355256 0 0.71451957913913 0.512045028351038 0.926028618707486 0.752565078871235 0.223927330949794 0.510279846216466 0.629969512290292 0.318704514665359 0.454702433955462 0.925665252391757 0.655914161189624 0.314349824874332 0.483179254822249 0.52924989500992 0.393920226219364 0.269134132740948 0.108240496638941 0.246929688359527 1.05551090396839 0.709505071713266 0.572807686675506 0.907593755782151 0.407651666657964 0.642208042672099 0.655045693722044 0.973408942661101 0.361202197765546 0.417660812387597 1.00070768574669 0.442503157802593 0.381656589887684 0.712376148897784 1.01944892100024 0.391550294002669 0.185229731833407 0.67157102412939 0.871077456892806 0.187692163636701
"5" 0.632783287975758 0.426132259803979 0.267111958974631 0.71451957913913 0 0.965205991313899 0.538881008239414 0.0503726912826479 0.617039541224084 0.820856841415257 0.324408021448468 0.800204089768886 0.971219956162262 0.304174707701802 0.420490742494748 0.611584901108717 0.31349705110738 0.25347692006112 0.398321572543737 0.467428880029561 0.636937811868885 0.76201365617848 0.760322525214163 0.297068704942939 0.188779798703278 0.55987315344119 0.900445512188136 0.32546962200856 0.118826951364511 0.378646716708985 0.379755378708612 0.915170447526403 0.717488726758334 0.893921185439863 0.546743850731627 0.27329652323747 0.626025603746054 0.503634479676902 0.704957485256378 0.108983798548305 0.221958132508752 0.686376107458395
"6" 0.563084624549053 0.634514397691277 0.960088683012314 0.512045028351038 0.965205991313899 0 0.866131190232101 1.01468767990854 0.393992447850538 0.179247148463693 1.03428224782572 0.203444509657635 0.0872168173841204 1.03468698032087 0.656793051090917 0.360484152723004 0.651963732251066 0.895926807295724 0.570284481851757 0.552684321119167 0.470019056848178 0.273822864143921 0.882780505858258 0.787569577144006 0.77727596919408 0.827701314711897 0.104571592990604 1.04601291364113 0.966168617349615 1.0470699241215 0.609877488864564 0.0961424729946258 0.837695528234888 0.0774602174979841 0.41854189097944 1.08820896785787 0.929089540879696 0.86344792689207 0.349056836060403 0.978672343775813 1.01883639865736 0.699463220837118
"7" 0.878622880159737 0.292979132126741 0.296332295700828 0.926028618707486 0.538881008239414 0.866131190232101 0 0.571301650508221 0.720225961681441 0.686896406825264 0.845653923818621 0.804351116415399 0.918997162031901 0.321591390557681 0.270115934083535 0.648207422114586 0.474901724070259 0.72760789006575 0.541881871247102 0.673004802551824 0.818377627803741 0.814150168168486 0.223752385973012 0.26979965263057 0.467611391075292 0.0456900050042305 0.859549937674421 0.849708277159707 0.644500380363227 0.275011227682165 0.598565662761051 0.871191651337716 0.188486801946504 0.825074085227752 0.562282392555463 0.810719213278545 0.0987495363296749 0.929587093584274 0.803425545943906 0.640570618800076 0.377936394561751 1.00385924900194
"8" 0.669422450189145 0.473997623550747 0.288352542097363 0.752565078871235 0.0503726912826479 1.01468767990854 0.571301650508221 0 0.663105659231904 0.871100577224964 0.31595572486939 0.848035675520933 1.01968478994655 0.313921122004107 0.467454324597165 0.660086263282779 0.363314604831458 0.268659867871193 0.446777723377839 0.510987019188626 0.67841274675138 0.808505638629248 0.794225188385423 0.339669469928368 0.238920532368582 0.594927689471539 0.948941504261807 0.315118691467161 0.122434200505074 0.390048032809676 0.425147732795506 0.963674436744297 0.753106522985826 0.94308240760474 0.596354745746358 0.2512786170665 0.655147295447594 0.519633435562279 0.750082796979612 0.107607556017276 0.230501759837756 0.714716514560745
"9" 0.21848198491348 0.428806924390685 0.692019202108799 0.223927330949794 0.617039541224084 0.393992447850538 0.720225961681441 0.663105659231904 0 0.32576207922205 0.641515986895421 0.197196618837326 0.372610280111186 0.768685086925942 0.452757422511656 0.0912366255757217 0.326238457608095 0.506780046255167 0.229332072745438 0.162873381823367 0.12233974747116 0.145992175560958 0.835651727732851 0.532169995113237 0.44224314467304 0.697589216863938 0.305019639660683 0.653379579382517 0.593718469860309 0.805104470029763 0.238222677774281 0.319266819239021 0.781145171543385 0.316533588948455 0.16139542053892 0.700405294657349 0.810091572109239 0.479360344177126 0.0924607424587526 0.607996648509208 0.727939267680477 0.37279818680889
"10" 0.534862896475524 0.461920546073855 0.790557497739846 0.510279846216466 0.820856841415257 0.179247148463693 0.686896406825264 0.871100577224964 0.32576207922205 0 0.932839795487794 0.207126902283045 0.239632839725986 0.863834173182048 0.483259143793456 0.256865836159627 0.50924495179987 0.787714977822571 0.440756850276992 0.459624605556097 0.43479511675766 0.269356299741042 0.711419310631632 0.61882660504773 0.632221305868291 0.648633950915422 0.19509593758587 0.943895979450067 0.83713103406409 0.872447265431543 0.494396956995285 0.202284247375897 0.664408316685291 0.149260357110898 0.283527981043026 0.974186936607505 0.750849349251412 0.802517808161562 0.325389308094712 0.847957026194334 0.853393789542722 0.686189545230293
"11" 0.543539907564722 0.662161949122968 0.590703173104148 0.629969512290292 0.324408021448468 1.03428224782572 0.845653923818621 0.31595572486939 0.641515986895421 0.932839795487794 0 0.838166767210507 1.0124046893322 0.627222179254729 0.666545423901624 0.681141104240302 0.470023722520296 0.148353943847205 0.501548855469088 0.481759205225014 0.598078183662971 0.778589864453208 1.05996034665088 0.581887703807618 0.397099012969741 0.859559598429399 0.946182917211518 0.0122854900221048 0.206630794056635 0.702471019674251 0.439459307287182 0.960252761053942 1.01249079437082 0.95701225751033 0.653280451859648 0.100435593042563 0.938247314356325 0.274983857457889 0.705509162335843 0.215443932842114 0.544081477324113 0.51994075322663
"12" 0.361746260812788 0.533488960069049 0.837860273072544 0.318704514665359 0.800204089768886 0.203444509657635 0.804351116415399 0.848035675520933 0.197196618837326 0.207126902283045 0.838166767210507 0 0.175681836372816 0.914634530541418 0.557785648650383 0.191156254885584 0.493966287507063 0.703936251494906 0.402373470125082 0.359752575175139 0.266915474173613 0.0724838339541274 0.87236634739902 0.668125884435006 0.617386482974019 0.772867813000351 0.108021201920315 0.850089692262372 0.786586107431842 0.939726280068301 0.428241432308797 0.122124878413051 0.821104320055141 0.127864907936236 0.271384949229839 0.897500186450554 0.882759086981012 0.660026531490354 0.145978038954839 0.80027448935134 0.88549114072342 0.503539790467909
"13" 0.514888923698635 0.670931502275782 0.989564837197713 0.454702433955462 0.971219956162262 0.0872168173841204 0.918997162031901 1.01968478994655 0.372610280111186 0.239632839725986 1.0124046893322 0.175681836372816 0 1.06545779971994 0.694264188038851 0.359636350630961 0.661212726557315 0.879375027785071 0.572935104191875 0.53534998554734 0.428486083382439 0.23501428566281 0.950982510706185 0.817435587380742 0.786012839870533 0.882624704766347 0.0707943917078924 1.02439516601928 0.96146190081107 1.08353534396232 0.602964978366745 0.0560997845390757 0.904024567992468 0.0939230877180499 0.430821933328993 1.07301553602153 0.987316432791531 0.823350355589758 0.310375088241167 0.974943654909859 1.04314772028531 0.64203939357967
"14" 0.855426835697878 0.402035414092204 0.0769885837360535 0.925665252391757 0.304174707701802 1.03468698032087 0.321591390557681 0.313921122004107 0.768685086925942 0.863834173182048 0.627222179254729 0.914634530541418 1.06545779971994 0 0.381502687343588 0.727747791566832 0.446740764455407 0.550289672659167 0.542624774400505 0.657101689763335 0.829393652368665 0.898522932599865 0.537467262772435 0.248023826590994 0.357032431201075 0.359907775580253 0.997256035303284 0.627391007106839 0.422973477585207 0.0763753080600488 0.564470037383184 1.01111301712206 0.508915008374697 0.975850088715925 0.643445494605694 0.56463625845554 0.380621430914413 0.793428382069784 0.861050585093908 0.412290127613375 0.083431166057498 0.942289641813976
"15" 0.609708399491891 0.0245024056910891 0.310305287556259 0.655914161189624 0.420490742494748 0.656793051090917 0.270115934083535 0.467454324597165 0.452757422511656 0.483259143793456 0.666545423901624 0.557785648650383 0.694264188038851 0.381502687343588 0 0.386585465479529 0.224696933240689 0.528106787248097 0.275637282031121 0.405779804214139 0.548311647858954 0.557151139117591 0.428434812195126 0.144960952783281 0.270295880515456 0.254250933137287 0.62863818640957 0.673554659690358 0.491448194809305 0.390346785907397 0.338341067656934 0.641784267953126 0.374655645466269 0.602258909000003 0.298984190775753 0.659923501509305 0.364601511579016 0.692129854049161 0.538737420977415 0.494293402379351 0.380520400797066 0.739340200499406
"16" 0.307897487884269 0.362124921543716 0.650780383413518 0.314349824874332 0.611584901108717 0.360484152723004 0.648207422114586 0.660086263282779 0.0912366255757217 0.256865836159627 0.681141104240302 0.191156254885584 0.359636350630961 0.727747791566832 0.386585465479529 0 0.303008346673084 0.53893973624494 0.213311417019056 0.203079794476399 0.213456734401271 0.172347792457825 0.75143933897086 0.483586634045892 0.427016772004495 0.622457644622467 0.288869475516991 0.692521148138252 0.605977386615686 0.756985109323892 0.249566543001662 0.303598656188468 0.697342921443049 0.285631668819926 0.0877909351331895 0.729607265416186 0.734795632739296 0.5479098611169 0.156619828082514 0.618733175824292 0.695591797779931 0.461934482313134
"17" 0.420152384291913 0.211505175383603 0.371201817884335 0.483179254822249 0.31349705110738 0.651963732251066 0.474901724070259 0.363314604831458 0.326238457608095 0.50924495179987 0.470023722520296 0.493966287507063 0.661212726557315 0.446740764455407 0.224696933240689 0.303008346673084 0 0.323504888482137 0.097036341023846 0.214463871562923 0.383549476028352 0.464472320218813 0.652354615434484 0.228876344039431 0.125357405104396 0.469049924487327 0.59046789089039 0.478867303000334 0.332993699126215 0.490638351640937 0.127291465365138 0.605121923585192 0.598971953135135 0.581466884900987 0.233422737247013 0.485860709006913 0.573354675222881 0.467454233656072 0.41849431374756 0.342137715275951 0.401902195495643 0.532150117572533
"18" 0.442080066528174 0.521679068105383 0.500040353696803 0.52924989500992 0.25347692006112 0.895926807295724 0.72760789006575 0.268659867871193 0.506780046255167 0.787714977822571 0.148353943847205 0.703936251494906 0.879375027785071 0.550289672659167 0.528106787248097 0.53893973624494 0.323504888482137 0 0.353560049744955 0.344345616803909 0.479451351708905 0.648353718513803 0.934761444428577 0.458594234253524 0.264042517762011 0.7366713119062 0.811556607610232 0.158337692706848 0.147757609991725 0.621389801832539 0.293361323974688 0.825902272784046 0.885212942887299 0.819107463284925 0.506574997108886 0.193768444726111 0.823427261429453 0.251182938556096 0.577976956230696 0.164215414644096 0.471060864018228 0.457250931033888
"19" 0.337976544666247 0.256125251859033 0.466598424836121 0.393920226219364 0.398321572543737 0.570284481851757 0.541881871247102 0.446777723377839 0.229332072745438 0.440756850276992 0.501548855469088 0.402373470125082 0.572935104191875 0.542624774400505 0.275637282031121 0.213311417019056 0.097036341023846 0.353560049744955 0 0.131189801731656 0.290957761324773 0.369080102248059 0.699614155635119 0.31595887682227 0.215608714216588 0.529519344051574 0.502177320754034 0.511823347663088 0.397841714882629 0.583954529750771 0.0734061622660772 0.516907989210818 0.644942389826869 0.497242506219721 0.157281175774388 0.534660977611234 0.638546531374587 0.442621208054221 0.321503130404328 0.409552588559207 0.498937940234695 0.463702934930473
"20" 0.20736307120619 0.385416300724609 0.582904949681642 0.269134132740948 0.467428880029561 0.552684321119167 0.673004802551824 0.510987019188626 0.162873381823367 0.459624605556097 0.481759205225014 0.359752575175139 0.53534998554734 0.657101689763335 0.405779804214139 0.203079794476399 0.214463871562923 0.344345616803909 0.131189801731656 0 0.174111966291681 0.307018612836666 0.826048503892388 0.44233627491028 0.307903932049407 0.659981029915769 0.46723867707512 0.493427254458733 0.433622388824416 0.7042865770743 0.0933783913466865 0.481612526628579 0.771138990838225 0.475540955446528 0.202522088779658 0.537776361120954 0.769470514396944 0.353661166110287 0.241555784332484 0.448431158364523 0.604981034696413 0.334646904401102
"21" 0.100089323632563 0.525453891167986 0.754448014699733 0.108240496638941 0.636937811868885 0.470019056848178 0.818377627803741 0.67841274675138 0.12233974747116 0.43479511675766 0.598078183662971 0.266915474173613 0.428486083382439 0.829393652368665 0.548311647858954 0.213456734401271 0.383549476028352 0.479451351708905 0.290957761324773 0.174111966291681 0 0.196488820598057 0.947723355309729 0.606832465130156 0.48201544707208 0.799522761895614 0.369796977330544 0.610324782330986 0.590867037998857 0.874012408601804 0.267427531338668 0.382245900794252 0.892873765941406 0.394745574831802 0.274874433346167 0.670536941577276 0.911465669933379 0.395088654444061 0.120978254163366 0.60670717972629 0.77885500272851 0.253132015528117
"22" 0.289725438764371 0.532648873709367 0.821536154139629 0.246929688359527 0.76201365617848 0.273822864143921 0.814150168168486 0.808505638629248 0.145992175560958 0.269356299741042 0.778589864453208 0.0724838339541274 0.23501428566281 0.898522932599865 0.557151139117591 0.172347792457825 0.464472320218813 0.648353718513803 0.369080102248059 0.307018612836666 0.196488820598057 0 0.89955282680691 0.655559785935891 0.58430469481446 0.785776696704659 0.173496140485025 0.790647977455546 0.739489622492557 0.92911892511809 0.384042186151644 0.186280930038487 0.846879644408532 0.19963399918111 0.25975299726034 0.842100623987723 0.89732988994719 0.591128493561673 0.0759968306074564 0.753863334768603 0.863335622893488 0.431129368864734
"23" 1.02226618691245 0.444935196469577 0.519315498251295 1.05551090396839 0.760322525214163 0.882780505858258 0.223752385973012 0.794225188385423 0.835651727732851 0.711419310631632 1.05996034665088 0.87236634739902 0.950982510706185 0.537467262772435 0.428434812195126 0.75143933897086 0.652354615434484 0.934761444428577 0.699614155635119 0.826048503892388 0.947723355309729 0.89955282680691 0 0.47818079208956 0.670978393268547 0.201049158822546 0.902567570195343 1.064775632153 0.862502174080344 0.480232577687009 0.765721216547631 0.911625232763195 0.0550265259977495 0.859967361340691 0.674678530524073 1.03047453631336 0.161496525939328 1.11884499418841 0.906857120187295 0.859644223543792 0.599676601120438 1.16054910576548
"24" 0.648864738580858 0.161111518174808 0.172560954267035 0.709505071713266 0.297068704942939 0.787569577144006 0.26979965263057 0.339669469928368 0.532169995113237 0.61882660504773 0.581887703807618 0.668125884435006 0.817435587380742 0.248023826590994 0.144960952783281 0.483586634045892 0.228876344039431 0.458594234253524 0.31595887682227 0.44233627491028 0.606832465130156 0.655559785935891 0.47818079208956 0 0.197919422764358 0.278473279972642 0.749309047817373 0.5868971425696 0.387691156399157 0.273710144717671 0.35597731698737 0.763134325163112 0.430735564013105 0.727925569927205 0.3977615950507 0.557434949197829 0.367112077370729 0.662571555580721 0.623561652889409 0.386689540896468 0.236706323391176 0.758495280657276
"25" 0.499563754132285 0.268055384153874 0.287563007426093 0.572807686675506 0.188779798703278 0.77727596919408 0.467611391075292 0.238920532368582 0.44224314467304 0.632221305868291 0.397099012969741 0.617386482974019 0.786012839870533 0.357032431201075 0.270295880515456 0.427016772004495 0.125357405104396 0.264042517762011 0.215608714216588 0.307903932049407 0.48201544707208 0.58430469481446 0.670978393268547 0.197919422764358 0 0.473909850503819 0.71523246298563 0.403738381429514 0.226226488732135 0.413546193102423 0.214681898498862 0.729913071881977 0.62119421765516 0.706797427131212 0.358750210918487 0.391479361749695 0.565025187434584 0.466921795094533 0.533168292590063 0.231933803476896 0.298286715253207 0.587109476118068
"26" 0.863731825561431 0.275467014886465 0.32829231659179 0.907593755782151 0.55987315344119 0.827701314711897 0.0456900050042305 0.594927689471539 0.697589216863938 0.648633950915422 0.859559598429399 0.772867813000351 0.882624704766347 0.359907775580253 0.254250933137287 0.622457644622467 0.469049924487327 0.7366713119062 0.529519344051574 0.659981029915769 0.799522761895614 0.785776696704659 0.201049158822546 0.278473279972642 0.473909850503819 0 0.824465951825555 0.864197760561365 0.661462803687259 0.317440601533004 0.589698446612335 0.835790712130786 0.158287454136214 0.788749693276641 0.537874688097771 0.829473214704564 0.112516849631329 0.930124696083736 0.778573957533421 0.658610310931538 0.41136557318574 0.993067372196917
"27" 0.460679499666901 0.605022524582365 0.921134201799871 0.407651666657964 0.900445512188136 0.104571592990604 0.859549937674421 0.948941504261807 0.305019639660683 0.19509593758587 0.946182917211518 0.108021201920315 0.0707943917078924 0.997256035303284 0.62863818640957 0.288869475516991 0.59046789089039 0.811556607610232 0.502177320754034 0.46723867707512 0.369796977330544 0.173496140485025 0.902567570195343 0.749309047817373 0.71523246298563 0.824465951825555 0 0.958101787305164 0.891474503936187 1.01685615063468 0.533001674438193 0.014739501461997 0.854066390598067 0.0501857342978852 0.360499447110756 1.00500288338199 0.930943055790543 0.764619647825483 0.249476689417509 0.904842027466938 0.973664360749204 0.595184419119411
"28" 0.555798500277051 0.669531192301296 0.592242983611536 0.642208042672099 0.32546962200856 1.04601291364113 0.849708277159707 0.315118691467161 0.653379579382517 0.943895979450067 0.0122854900221048 0.850089692262372 1.02439516601928 0.627391007106839 0.673554659690358 0.692521148138252 0.478867303000334 0.158337692706848 0.511823347663088 0.493427254458733 0.610324782330986 0.790647977455546 1.064775632153 0.5868971425696 0.403738381429514 0.864197760561365 0.958101787305164 0 0.208561928731007 0.702868732287676 0.450259031341622 0.972185081780561 1.01760999700503 0.968763040351588 0.66400240162453 0.0917471637276968 0.941844907980501 0.285893770947113 0.71762851449317 0.21652608781424 0.544122428462158 0.531478240935531
"29" 0.569472612643468 0.4919119436026 0.384100033652889 0.655045693722044 0.118826951364511 0.966168617349615 0.644500380363227 0.122434200505074 0.593718469860309 0.83713103406409 0.206630794056635 0.786586107431842 0.96146190081107 0.422973477585207 0.491448194809305 0.605977386615686 0.332993699126215 0.147757609991725 0.397841714882629 0.433622388824416 0.590867037998857 0.739489622492557 0.862502174080344 0.387691156399157 0.226226488732135 0.661462803687259 0.891474503936187 0.208561928731007 0 0.497447076083758 0.358498404410479 0.906158504967165 0.8170529964957 0.891596866407271 0.554583885093411 0.170065090227162 0.735094350560511 0.397841738561854 0.67511443017737 0.0169651508166612 0.340535730523409 0.601027030085358
"30" 0.906613026223231 0.413046774406814 0.12641252840235 0.973408942661101 0.378646716708985 1.0470699241215 0.275011227682165 0.390048032809676 0.805104470029763 0.872447265431543 0.702471019674251 0.939726280068301 1.08353534396232 0.0763753080600488 0.390346785907397 0.756985109323892 0.490638351640937 0.621389801832539 0.583954529750771 0.7042865770743 0.874012408601804 0.92911892511809 0.480232577687009 0.273710144717671 0.413546193102423 0.317440601533004 1.01685615063468 0.702868732287676 0.497447076083758 0 0.613170237778911 1.03031054815768 0.456905478692808 0.992126802235716 0.670630998662647 0.640927503609118 0.320000740254564 0.861437779535147 0.896827973198681 0.487230512105019 0.159589395357066 1.00065310046523
"31" 0.29407097347914 0.320799934596608 0.490780824648858 0.361202197765546 0.379755378708612 0.609877488864564 0.598565662761051 0.425147732795506 0.238222677774281 0.494396956995285 0.439459307287182 0.428241432308797 0.602964978366745 0.564470037383184 0.338341067656934 0.249566543001662 0.127291465365138 0.293361323974688 0.0734061622660772 0.0933783913466865 0.267427531338668 0.384042186151644 0.765721216547631 0.35597731698737 0.214681898498862 0.589698446612335 0.533001674438193 0.450259031341622 0.358498404410479 0.613170237778911 0 0.54767821026583 0.711383923156459 0.534383988748106 0.213903401605219 0.481148122958157 0.696463976114498 0.369351763451505 0.325202129859013 0.372046764968174 0.511613264926344 0.40586290932353
"32" 0.472256729625782 0.618239050667265 0.935051123743252 0.417660812387597 0.915170447526403 0.0961424729946258 0.871191651337716 0.963674436744297 0.319266819239021 0.202284247375897 0.960252761053942 0.122124878413051 0.0560997845390757 1.01111301712206 0.641784267953126 0.303598656188468 0.605121923585192 0.825902272784046 0.516907989210818 0.481612526628579 0.382245900794252 0.186280930038487 0.911625232763195 0.763134325163112 0.729913071881977 0.835790712130786 0.014739501461997 0.972185081780561 0.906158504967165 1.03031054815768 0.54767821026583 0 0.86346657955117 0.0538797148587527 0.37496821995258 1.01938775760821 0.941862550956273 0.777236422589408 0.262270868371238 0.919539783499782 0.987881273170625 0.605316956733946
"33" 0.967242558416633 0.390687921633918 0.48428626810138 1.00070768574669 0.717488726758334 0.837695528234888 0.188486801946504 0.753106522985826 0.781145171543385 0.664408316685291 1.01249079437082 0.821104320055141 0.904024567992468 0.508915008374697 0.374655645466269 0.697342921443049 0.598971953135135 0.885212942887299 0.644942389826869 0.771138990838225 0.892873765941406 0.846879644408532 0.0550265259977495 0.430735564013105 0.62119421765516 0.158287454136214 0.854066390598067 1.01760999700503 0.8170529964957 0.456905478692808 0.711383923156459 0.86346657955117 0 0.812315553095394 0.620064642647036 0.985839911193808 0.149602698672785 1.06590872844294 0.853006325209894 0.814824878137826 0.56633816321862 1.10560342218796
"34" 0.489347636352179 0.579166312751645 0.900369464399996 0.442503157802593 0.893921185439863 0.0774602174979841 0.825074085227752 0.94308240760474 0.316533588948455 0.149260357110898 0.95701225751033 0.127864907936236 0.0939230877180499 0.975850088715925 0.602258909000003 0.285631668819926 0.581466884900987 0.819107463284925 0.497242506219721 0.475540955446528 0.394745574831802 0.19963399918111 0.859967361340691 0.727925569927205 0.706797427131212 0.788749693276641 0.0501857342978852 0.968763040351588 0.891596866407271 0.992126802235716 0.534383988748106 0.0538797148587527 0.812315553095394 0 0.348529572307712 1.01165158600982 0.89368055793596 0.787088670886172 0.273837657984543 0.904359973383486 0.956076519919844 0.628997595212344
"35" 0.358852915050563 0.274553925500161 0.566603884736958 0.381656589887684 0.546743850731627 0.41854189097944 0.562282392555463 0.596354745746358 0.16139542053892 0.283527981043026 0.653280451859648 0.271384949229839 0.430821933328993 0.643445494605694 0.298984190775753 0.0877909351331895 0.233422737247013 0.506574997108886 0.157281175774388 0.202522088779658 0.274874433346167 0.25975299726034 0.674678530524073 0.3977615950507 0.358750210918487 0.537874688097771 0.360499447110756 0.66400240162453 0.554583885093411 0.670630998662647 0.213903401605219 0.37496821995258 0.620064642647036 0.348529572307712 0 0.691043584478945 0.650371731973621 0.555905589859201 0.24114383126033 0.565900137092717 0.614698163059038 0.508666050323744
"36" 0.625158970258452 0.659233363508422 0.53807901924527 0.712376148897784 0.27329652323747 1.08820896785787 0.810719213278545 0.2512786170665 0.700405294657349 0.974186936607505 0.100435593042563 0.897500186450554 1.07301553602153 0.56463625845554 0.659923501509305 0.729607265416186 0.485860709006913 0.193768444726111 0.534660977611234 0.537776361120954 0.670536941577276 0.842100623987723 1.03047453631336 0.557434949197829 0.391479361749695 0.829473214704564 1.00500288338199 0.0917471637276968 0.170065090227162 0.640927503609118 0.481148122958157 1.01938775760821 0.985839911193808 1.01165158600982 0.691043584478945 0 0.89911323007277 0.373068370014564 0.771449628664609 0.171030623290019 0.481349702462746 0.614144335965622
"37" 0.974255581582827 0.386550228804451 0.371252758233584 1.01944892100024 0.626025603746054 0.929089540879696 0.0987495363296749 0.655147295447594 0.810091572109239 0.750849349251412 0.938247314356325 0.882759086981012 0.987316432791531 0.380621430914413 0.364601511579016 0.734795632739296 0.573354675222881 0.823427261429453 0.638546531374587 0.769470514396944 0.911465669933379 0.89732988994719 0.161496525939328 0.367112077370729 0.565025187434584 0.112516849631329 0.930943055790543 0.941844907980501 0.735094350560511 0.320000740254564 0.696463976114498 0.941862550956273 0.149602698672785 0.89368055793596 0.650371731973621 0.89911323007277 0 1.02806308014581 0.89099887098494 0.730200629926788 0.44792026739763 1.10131933950266
"38" 0.313406626884944 0.678516617305511 0.736749395334324 0.391550294002669 0.503634479676902 0.86344792689207 0.929587093584274 0.519633435562279 0.479360344177126 0.802517808161562 0.274983857457889 0.660026531490354 0.823350355589758 0.793428382069784 0.692129854049161 0.5479098611169 0.467454233656072 0.251182938556096 0.442621208054221 0.353661166110287 0.395088654444061 0.591128493561673 1.11884499418841 0.662571555580721 0.466921795094533 0.930124696083736 0.764619647825483 0.285893770947113 0.397841738561854 0.861437779535147 0.369351763451505 0.777236422589408 1.06590872844294 0.787088670886172 0.555905589859201 0.373068370014564 1.02806308014581 0 0.51518043242876 0.413787792812352 0.716947605282797 0.250068455924681
"39" 0.216695221843036 0.514478967079594 0.784344197439737 0.185229731833407 0.704957485256378 0.349056836060403 0.803425545943906 0.750082796979612 0.0924607424587526 0.325389308094712 0.705509162335843 0.145978038954839 0.310375088241167 0.861050585093908 0.538737420977415 0.156619828082514 0.41849431374756 0.577976956230696 0.321503130404328 0.241555784332484 0.120978254163366 0.0759968306074564 0.906857120187295 0.623561652889409 0.533168292590063 0.778573957533421 0.249476689417509 0.71762851449317 0.67511443017737 0.896827973198681 0.325202129859013 0.262270868371238 0.853006325209894 0.273837657984543 0.24114383126033 0.771449628664609 0.89099887098494 0.51518043242876 0 0.689979256717943 0.820300238851072 0.362933097056223
"40" 0.586100813244578 0.495583577784992 0.375781557338726 0.67157102412939 0.108983798548305 0.978672343775813 0.640570618800076 0.107607556017276 0.607996648509208 0.847957026194334 0.215443932842114 0.80027448935134 0.974943654909859 0.412290127613375 0.494293402379351 0.618733175824292 0.342137715275951 0.164215414644096 0.409552588559207 0.448431158364523 0.60670717972629 0.753863334768603 0.859644223543792 0.386689540896468 0.231933803476896 0.658610310931538 0.904842027466938 0.21652608781424 0.0169651508166612 0.487230512105019 0.372046764968174 0.919539783499782 0.814824878137826 0.904359973383486 0.565900137092717 0.171030623290019 0.730200629926788 0.413787792812352 0.689979256717943 0 0.329455670032042 0.617965989202854
"41" 0.797314094688009 0.397744439554415 0.0839907643905109 0.871077456892806 0.221958132508752 1.01883639865736 0.377936394561751 0.230501759837756 0.727939267680477 0.853393789542722 0.544081477324113 0.88549114072342 1.04314772028531 0.083431166057498 0.380520400797066 0.695591797779931 0.401902195495643 0.471060864018228 0.498937940234695 0.604981034696413 0.77885500272851 0.863335622893488 0.599676601120438 0.236706323391176 0.298286715253207 0.41136557318574 0.973664360749204 0.544122428462158 0.340535730523409 0.159589395357066 0.511613264926344 0.987881273170625 0.56633816321862 0.956076519919844 0.614698163059038 0.481349702462746 0.44792026739763 0.716947605282797 0.820300238851072 0.329455670032042 0 0.875857015980611
"42" 0.154316872500144 0.719567441343314 0.874609303004138 0.187692163636701 0.686376107458395 0.699463220837118 1.00385924900194 0.714716514560745 0.37279818680889 0.686189545230293 0.51994075322663 0.503539790467909 0.64203939357967 0.942289641813976 0.739340200499406 0.461934482313134 0.532150117572533 0.457250931033888 0.463702934930473 0.334646904401102 0.253132015528117 0.431129368864734 1.16054910576548 0.758495280657276 0.587109476118068 0.993067372196917 0.595184419119411 0.531478240935531 0.601027030085358 1.00065310046523 0.40586290932353 0.605316956733946 1.10560342218796 0.628997595212344 0.508666050323744 0.614144335965622 1.10131933950266 0.250068455924681 0.362933097056223 0.617965989202854 0.875857015980611 0
