"V1" "V2" "V3" "V4" "V5" "V6" "V7" "V8" "V9" "V10" "V11" "V12" "V13" "V14" "V15" "V16" "V17" "V18" "V19" "V20" "V21"
"1" 0 0.598494255860896 0.185754735248364 0.532801034325942 0.614140131740154 0.937069294165207 0.14064356029874 0.538307662184598 0.66089533634893 0.313486505431338 0.387368387587926 0.479583728489159 0.619867267305721 0.414894157883587 0.658113969735072 0.409506899499691 0.55478046365844 0.631520426447047 0.780440997250409 0.63335925047901 0.68087196754366
"2" 0.598494255860896 0 0.61693766857007 0.766762376683951 0.357435327129169 0.609828547302486 0.735834194579472 0.218604151482604 0.816558379092204 0.28982377954159 0.87815683455221 0.697231768385069 0.69224946388877 0.466702907140835 0.105103244174543 0.590576798001408 0.801271165483597 0.211540788809787 0.563769231738526 0.406039591356003 0.340121518700931
"3" 0.185754735248364 0.61693766857007 0 0.347179890423797 0.522670141338086 0.822493426259712 0.263639148668692 0.621940721417501 0.476654570244986 0.374958213344263 0.265762687059471 0.296160847376152 0.446440264389394 0.285928552894347 0.698601088096796 0.239925758550552 0.369072651123709 0.585526806385828 0.651559781751042 0.528970236922936 0.600038190465061
"4" 0.532801034325942 0.766762376683951 0.347179890423797 0 0.498080601188291 0.68014924558598 0.593027379788841 0.858048248724924 0.136152199627266 0.627976531798637 0.339145376062836 0.0712438964523954 0.181321239883223 0.300061927328247 0.868422465176669 0.181009526037319 0.0345120483678359 0.635833794979397 0.498242144072962 0.471972997488057 0.577133917142035
"5" 0.614140131740154 0.357435327129169 0.522670141338086 0.498080601188291 0 0.330552756729696 0.747546400491902 0.541586901802353 0.504305026169285 0.431057868664347 0.727739424588533 0.440810513735262 0.370765115134722 0.247614236843795 0.459467293063739 0.36145943816304 0.530406855343349 0.160150266623502 0.218120154283503 0.0486228785987254 0.0824818814952569
"6" 0.937069294165207 0.609828547302486 0.822493426259712 0.68014924558598 0.330552756729696 0 1.06548208946145 0.823172010391966 0.617491685637177 0.756532186265434 0.981987691365092 0.649074112799709 0.50255398316184 0.536698328376825 0.691293772463519 0.613229905774563 0.703446825049283 0.406052963759156 0.183187082266199 0.30415912198147 0.289163311575289
"7" 0.14064356029874 0.735834194579472 0.263639148668692 0.593027379788841 0.747546400491902 1.06548208946145 0 0.658296590962807 0.727761111963027 0.447768195502544 0.362323396030627 0.552068509377565 0.709238635149537 0.533757364162183 0.790482145518602 0.50353405566581 0.60850200928033 0.771585184337091 0.902640325952533 0.763536050462329 0.816908215641622
"8" 0.538307662184598 0.218604151482604 0.621940721417501 0.858048248724924 0.541586901802353 0.823172010391966 0.658296590962807 0 0.935207316790823 0.247200329270063 0.886049455502657 0.786855023639323 0.824931813327484 0.571310840655017 0.183641895311543 0.677250284704076 0.891448328046435 0.417998945784356 0.757970242408574 0.588939714723562 0.543132841181389
"9" 0.66089533634893 0.816558379092204 0.476654570244986 0.136152199627266 0.504305026169285 0.617491685637177 0.727761111963027 0.935207316790823 0 0.719703157716289 0.466593476316443 0.181534026535958 0.13414179106504 0.363897313389914 0.92106533015162 0.273386142870822 0.13092293631275 0.657456832028369 0.444898754968752 0.467830693834972 0.574905700298532
"10" 0.313486505431338 0.28982377954159 0.374958213344263 0.627976531798637 0.431057868664347 0.756532186265434 0.447768195502544 0.247200329270063 0.719703157716289 0 0.639748508960863 0.557750079788627 0.624267458980743 0.363915459389905 0.344708763807366 0.450457888253348 0.660116529467784 0.377948568143164 0.642138489626825 0.469271251621311 0.469667194166877
"11" 0.387368387587926 0.87815683455221 0.265762687059471 0.339145376062836 0.727739424588533 0.981987691365092 0.362323396030627 0.886049455502657 0.466593476316443 0.639748508960863 0 0.341082682009934 0.510926243839358 0.480743800848873 0.962966195487844 0.372925266604829 0.335878770901726 0.82175976175265 0.799678374375736 0.720091787087742 0.809809841216121
"12" 0.479583728489159 0.697231768385069 0.296160847376152 0.0712438964523954 0.440810513735262 0.649074112799709 0.552068509377565 0.786855023639323 0.181534026535958 0.557750079788627 0.341082682009934 0 0.172354604358619 0.230789161987187 0.798385900862845 0.109768373990138 0.105176434058886 0.5724499536273 0.465889767212025 0.41886729112243 0.521590210887547
"13" 0.619867267305721 0.69224946388877 0.446440264389394 0.181321239883223 0.370765115134722 0.50255398316184 0.709238635149537 0.824931813327484 0.13414179106504 0.624267458980743 0.510926243839358 0.172354604358619 0 0.260384760506922 0.797255555150727 0.210390167530854 0.201475242161604 0.525532108620387 0.323198434114832 0.333710078590806 0.44076425554235
"14" 0.414894157883587 0.466702907140835 0.285928552894347 0.300061927328247 0.247614236843795 0.536698328376825 0.533757364162183 0.571310840655017 0.363897313389914 0.363915459389905 0.480743800848873 0.230789161987187 0.260384760506922 0 0.568560546223683 0.127771906689917 0.334569393305955 0.351899113354539 0.368963667202844 0.245906369896733 0.329276275980234
"15" 0.658113969735072 0.105103244174543 0.698601088096796 0.868422465176669 0.459467293063739 0.691293772463519 0.790482145518602 0.183641895311543 0.92106533015162 0.344708763807366 0.962966195487844 0.798385900862845 0.797255555150727 0.568560546223683 0 0.690695612404255 0.902898248058778 0.307358404466485 0.660640760202737 0.507905229113691 0.434998147457712
"16" 0.409506899499691 0.590576798001408 0.239925758550552 0.181009526037319 0.36145943816304 0.613229905774563 0.50353405566581 0.677250284704076 0.273386142870822 0.450457888253348 0.372925266604829 0.109768373990138 0.210390167530854 0.127771906689917 0.690695612404255 0 0.214843239562655 0.478430065704219 0.433366670713556 0.34885606335272 0.443908359731363
"17" 0.55478046365844 0.801271165483597 0.369072651123709 0.0345120483678359 0.530406855343349 0.703446825049283 0.60850200928033 0.891448328046435 0.13092293631275 0.660116529467784 0.335878770901726 0.105176434058886 0.201475242161604 0.334569393305955 0.902898248058778 0.214843239562655 0 0.669524027096977 0.522608136312372 0.503211245114639 0.608893242239607
"18" 0.631520426447047 0.211540788809787 0.585526806385828 0.635833794979397 0.160150266623502 0.406052963759156 0.771585184337091 0.417998945784356 0.657456832028369 0.377948568143164 0.82175976175265 0.5724499536273 0.525532108620387 0.351899113354539 0.307358404466485 0.478430065704219 0.669524027096977 0 0.353393941712287 0.206500168686227 0.128603301927614
"19" 0.780440997250409 0.563769231738526 0.651559781751042 0.498242144072962 0.218120154283503 0.183187082266199 0.902640325952533 0.757970242408574 0.444898754968752 0.642138489626825 0.799678374375736 0.465889767212025 0.323198434114832 0.368963667202844 0.660640760202737 0.433366670713556 0.522608136312372 0.353393941712287 0 0.174099139234296 0.225987149656235
"20" 0.63335925047901 0.406039591356003 0.528970236922936 0.471972997488057 0.0486228785987254 0.30415912198147 0.763536050462329 0.588939714723562 0.467830693834972 0.469271251621311 0.720091787087742 0.41886729112243 0.333710078590806 0.245906369896733 0.507905229113691 0.34885606335272 0.503211245114639 0.206500168686227 0.174099139234296 0 0.107287609677455
"21" 0.68087196754366 0.340121518700931 0.600038190465061 0.577133917142035 0.0824818814952569 0.289163311575289 0.816908215641622 0.543132841181389 0.574905700298532 0.469667194166877 0.809809841216121 0.521590210887547 0.44076425554235 0.329276275980234 0.434998147457712 0.443908359731363 0.608893242239607 0.128603301927614 0.225987149656235 0.107287609677455 0
