"V1" "V2" "V3" "V4" "V5" "V6" "V7" "V8" "V9" "V10" "V11" "V12" "V13" "V14" "V15" "V16" "V17" "V18" "V19" "V20" "V21" "V22" "V23" "V24" "V25" "V26" "V27" "V28" "V29" "V30" "V31" "V32" "V33" "V34" "V35" "V36" "V37" "V38" "V39" "V40" "V41" "V42" "V43" "V44" "V45" "V46" "V47" "V48" "V49" "V50" "V51" "V52" "V53" "V54" "V55" "V56" "V57" "V58" "V59" "V60" "V61" "V62" "V63" "V64" "V65" "V66" "V67" "V68" "V69" "V70" "V71" "V72" "V73" "V74" "V75" "V76" "V77" "V78" "V79" "V80" "V81" "V82" "V83" "V84"
"1" 0 0.229066385290758 0.256580627173215 0.456361197221665 0.343224203700833 0.163223268985452 0.413867034760213 0.343870514274851 0.540976568468994 0.426313952355781 0.164993243695342 0.44011179002681 0.274208597722736 0.598026054731181 0.5332912084386 0.243143412957281 0.24266528820755 0.343417685518895 0.355059747504019 0.308231162047576 0.154125838900751 0.0657388650638672 0.141533574985032 0.196984915458629 0.253384753270534 0.140666912391138 0.288991984749461 0.420480455673928 0.376093212613353 0.200159739800379 0.523223851563343 0.120135372390949 0.0934221328747796 0.0995213032958306 0.145561720923772 0.517506655908398 0.378725804450523 0.524211237857661 0.238852121374928 0.392749549129152 0.0582825503823887 0.417001476116865 0.213095445557628 0.243873765285543 0.575713244846694 0.323111193214368 0.333521690887207 0.591932337052261 0.542928367779879 0.318608681443555 0.182811142765097 0.617711646041463 0.237163603285832 0.38007816498203 0.0953232016699262 0.395052950840729 0.0623121917837452 0.429453811118024 0.290455956130298 0.199678955312159 0.396889024091715 0.580632173437082 0.316772356392418 0.479012752045282 0.137837904808628 0.303315915858775 0.407263521473075 0.278779240645992 0.442496648329421 0.305042457039169 0.22563665832847 0.135217358828816 0.204195340676495 0.352959741612398 0.537277852757584 0.477355222972826 0.131712835043972 0.40163136317581 0.508791693672878 0.349010513892148 0.261175387150785 0.20944747245647 0.371517089457801 0.449385027791001
"2" 0.229066385290758 0 0.215683516115705 0.37962564984319 0.479234311455363 0.31238376492563 0.369232277227471 0.154437306475009 0.412866844677385 0.328068080837817 0.0644832765348288 0.234145270564779 0.444811576038067 0.544617038623137 0.65065190526487 0.441452639982166 0.328280406978908 0.416965507318024 0.283563076047 0.102645974576163 0.266890179531885 0.249439594247661 0.336421775547454 0.345770040134859 0.158107611027935 0.332299403500002 0.38197736721311 0.248920758288614 0.257531920418098 0.428119159403072 0.462316434220341 0.268227861697019 0.321888377834284 0.14129059398698 0.110176628821265 0.524888162064631 0.351921126769538 0.606457255825199 0.138162171063202 0.423529650032664 0.181536951103298 0.187935984506664 0.101399229601122 0.0627143162802729 0.615682949353845 0.171876477701971 0.365452575704452 0.516478439716794 0.532788925413698 0.290822666752586 0.243451981134171 0.581544966560435 0.296390887387477 0.609111311579006 0.140639045959107 0.381707765791543 0.274342662600773 0.533490402757087 0.298976932999606 0.424780426149895 0.338614894722349 0.467189931093599 0.121241380485811 0.501312010325737 0.194523566589143 0.513864712901089 0.596955394618247 0.0554235894461893 0.495361665674712 0.195651967557763 0.228768281423409 0.151076199732911 0.101382426097556 0.461383901364863 0.358912453065976 0.322911813368529 0.208026494328643 0.483802063039101 0.671434957361646 0.506509943179649 0.231354803313972 0.297626981040993 0.158812310257733 0.448643682624835
"3" 0.256580627173215 0.215683516115705 0 0.201022163709969 0.308419839992254 0.202085194547428 0.167582690495956 0.181835362605236 0.28818819333312 0.170480113328899 0.197186495083962 0.268805179952814 0.310858450351827 0.353061153622779 0.454653744581081 0.341057974982432 0.153972024469404 0.215905525728461 0.0985194450752531 0.191312829837267 0.385543812612962 0.316454871769933 0.398093746133245 0.21901976738269 0.0645347008222446 0.256256791498775 0.197563627582927 0.208581206858652 0.131515385013918 0.423847598480982 0.273674089060247 0.187357514851774 0.313818468727446 0.248126496094834 0.148701589942328 0.310660407663258 0.141345399823809 0.39797910253948 0.340105417712016 0.208896123799663 0.203461747678011 0.329734577808776 0.114440442588377 0.161505329958308 0.400069570664935 0.127176526848675 0.15356159554643 0.339218653319128 0.322352336583177 0.0772835090342976 0.103000776598232 0.38165800773413 0.1150027724645 0.571003456849858 0.187252331948814 0.168436382220883 0.25235352302966 0.337042365088817 0.0864355921686765 0.379606117400508 0.144253377147562 0.324474859603078 0.333489717559205 0.28565860816528 0.12008634682188 0.420547241667196 0.463410687304738 0.259940170817388 0.282605914100112 0.0777658509621655 0.0457988798193591 0.128535699572968 0.294732625620581 0.273962449080231 0.314341289025725 0.241260803424348 0.336287925895537 0.280725753143744 0.504449153067018 0.349732334763269 0.419454964108518 0.139869710443839 0.233952934542483 0.234540338008074
"4" 0.456361197221665 0.37962564984319 0.201022163709969 0 0.389003101669032 0.368261736704918 0.0647624162265135 0.262792681364412 0.126802321069125 0.0583276025686791 0.383247523873798 0.290184860842037 0.434964639061526 0.165668170925013 0.459271383001932 0.487482399042317 0.281834065877856 0.264479664575418 0.103766769867682 0.306774552425849 0.585604020661394 0.517303238750504 0.597491845518028 0.3698546222481 0.229876407575062 0.429650140946585 0.290684714629343 0.203154651550334 0.128283931011487 0.609046672600422 0.0837384389413309 0.371048655144731 0.504612807630634 0.445762426667509 0.344285785204604 0.20333024636157 0.103127983691216 0.369699545903506 0.516425310330744 0.195094699956866 0.404388493335918 0.411414293899098 0.291664214745776 0.316970980066684 0.313478955669898 0.215258767708478 0.195722412533746 0.139835106149604 0.186794339822134 0.142550310528895 0.284247883889003 0.207454654907609 0.254959491588061 0.734829703864368 0.387167936029307 0.117690432441058 0.44474664756368 0.360691304866605 0.185292510964484 0.55251577657873 0.0618415716527772 0.136156487991473 0.478318197491252 0.210662480693039 0.31861266391553 0.562255397696485 0.565605305724356 0.40641494108646 0.256284547149454 0.184321619032016 0.231983710691945 0.32923051220139 0.474546480125102 0.334543564591006 0.234678997923555 0.161187110139529 0.534527607622441 0.299532530614047 0.55976606159996 0.441360305720596 0.604641435641235 0.292177502285469 0.308840353269152 0.149231849403381
"5" 0.343224203700833 0.479234311455363 0.308419839992254 0.389003101669032 0 0.18292453404148 0.32425861194813 0.489996345580331 0.515142706798239 0.406004695015206 0.428786901904314 0.575842398862405 0.0934195014710787 0.440132160807152 0.190380405324515 0.164823250008827 0.156726591337539 0.124741763384831 0.345574221964049 0.492444497165341 0.492038496591119 0.400190810053311 0.429965496792279 0.14732112847594 0.367555220388709 0.209637196585019 0.111975577305673 0.506796118178146 0.413300972856785 0.35321889474129 0.401959844361764 0.230964902792783 0.30751124526718 0.418239057320492 0.37162315736603 0.29656235704826 0.28816161794036 0.20311521751125 0.558130996270916 0.201988970282127 0.339331688550942 0.631913016063355 0.391151141594422 0.44583951593433 0.293483812230841 0.435349257921315 0.195668499273138 0.468827986115352 0.338744047590151 0.283625016631776 0.236899348819944 0.42918313968095 0.194747549923569 0.398159105677784 0.364544469481968 0.271948306935247 0.285154904094501 0.102071602933848 0.237786196025314 0.271324151814783 0.338327810570064 0.519236730069408 0.598431819909244 0.25118882704805 0.285804373216552 0.209607033370162 0.177119784096812 0.533500336189774 0.184445587065455 0.383706993586972 0.269996071049136 0.329797719340863 0.514210664826851 0.0578175407383189 0.594865810290247 0.515120042144039 0.474715873311598 0.117938294137073 0.196558666692135 0.0532737313920917 0.601175298761023 0.182681385181327 0.541245082974504 0.271791388280531
"6" 0.163223268985452 0.31238376492563 0.202085194547428 0.368261736704918 0.18292453404148 0 0.311677888120056 0.362470744021458 0.478157337578015 0.357726896929887 0.255362864556574 0.458392008176851 0.132444968511311 0.481741701301227 0.371544179778468 0.141525332602768 0.0971465748033245 0.188048175524923 0.28355627655081 0.349223226055636 0.316083167084927 0.224639925985545 0.272727979568696 0.0359675825476874 0.240442764083187 0.0621015749925933 0.131347149009075 0.408622971073943 0.332558644599431 0.24457957856994 0.417196591072616 0.0484158875363466 0.154728700811211 0.235720719016494 0.202208570927211 0.376268997134546 0.27161377442639 0.361746133816955 0.377027808682235 0.250821226323933 0.156859576775996 0.483641224930705 0.240235100253719 0.292236198023432 0.420542586060749 0.318319545458343 0.199390970806399 0.48890238105811 0.40803370854994 0.227388264247816 0.0995886095629135 0.491146472130924 0.113738328074093 0.371306688173178 0.185207709494481 0.276720853335611 0.111488625958859 0.266233388595313 0.183076546140072 0.184355182168781 0.306647678560992 0.50342389681798 0.426680868017307 0.333822171131216 0.121062269858171 0.220740987782189 0.285523795199323 0.36779587785083 0.288084447204028 0.276942913328004 0.156438603427767 0.162062867262077 0.334198536701864 0.189840617342901 0.516425239241636 0.442641441141927 0.293392305969089 0.24104996683114 0.363333542503188 0.198251000908532 0.418391474519894 0.076403865783014 0.407035184405117 0.317179636811854
"7" 0.413867034760213 0.369232277227471 0.167582690495956 0.0647624162265135 0.32425861194813 0.311677888120056 0 0.275331702531765 0.191149395447868 0.0955068086452283 0.362016784963734 0.321962887120819 0.371383317674537 0.185972502320204 0.401727512612552 0.425684645282364 0.221446465339237 0.19980206193818 0.08726130972045 0.311389230825208 0.551180213295145 0.477098589640036 0.553317526875529 0.310249660260439 0.212016743325531 0.373649239171988 0.226713749802977 0.235887990503231 0.144221238914816 0.555021016231374 0.109442371634143 0.319454810364039 0.454030120819666 0.415551117116914 0.316169906971717 0.168913402519767 0.0405188441260186 0.316750779778624 0.5017729852305 0.13279931219241 0.36553333359645 0.43063954178016 0.273179992791591 0.308185704365174 0.275505942081897 0.220406423745615 0.13134268974442 0.179550540622371 0.166262890868108 0.0954421177101252 0.234985308909566 0.214746645189482 0.19797599592958 0.674352294437353 0.353811113988219 0.0537659669802291 0.395771080608929 0.2990750068347 0.129644840287317 0.494999756114076 0.0339908173195254 0.198651194875458 0.477486868577985 0.163846588057982 0.276729869509038 0.499440986419867 0.50084487315063 0.403654624054235 0.199254385370122 0.177025949431027 0.188574655104824 0.294486191854591 0.457680315528871 0.270008704847149 0.288840137307641 0.210975239013646 0.503388037429384 0.237265946248047 0.496936169664723 0.376598084167793 0.585077029108626 0.235280766833134 0.326235816957382 0.100392169511844
"8" 0.343870514274851 0.154437306475009 0.181835362605236 0.262792681364412 0.489996345580331 0.362470744021458 0.275331702531765 0 0.266390786849958 0.205079397140282 0.19550939404412 0.0981419536666894 0.484866268421303 0.426162789786714 0.632118039864708 0.503746246435195 0.334310740817301 0.394449697100171 0.191113594580184 0.0537469156947806 0.416247286969455 0.382429608161307 0.471835946625995 0.38741295201853 0.124399733625753 0.4040337226298 0.379398479033641 0.0951086024372885 0.135055445542303 0.540798382631632 0.345852420569339 0.331618870776908 0.428035078701511 0.279072813152279 0.198394241998081 0.443792538783089 0.27407567365116 0.56674156146905 0.286700013894716 0.371003700685311 0.286586469592394 0.156779329882768 0.132878437531508 0.105085665226853 0.547434537527232 0.0587279885507166 0.325474864285357 0.38828658329438 0.440106114361052 0.229974536672948 0.266988552384722 0.470182048895139 0.295594007155064 0.710140846474418 0.248915125245083 0.306911456322758 0.370106921138745 0.515543479485552 0.262086705119979 0.51770628951035 0.241374928836015 0.324169198796309 0.222468441741778 0.432253216823752 0.247290101340835 0.582382645993322 0.639597956515992 0.157421939713424 0.44712161921795 0.11201752361294 0.221132159799263 0.219403424051142 0.254999560539171 0.455329177662572 0.205284303310996 0.17105637959608 0.357597612038372 0.456753426994169 0.686221418814689 0.529845666639422 0.382428957564617 0.315144949255955 0.0537100136558639 0.37122211689864
"9" 0.540976568468994 0.412866844677385 0.28818819333312 0.126802321069125 0.515142706798239 0.478157337578015 0.191149395447868 0.266390786849958 0 0.120468574485511 0.435230772072209 0.24771944063724 0.556890499470941 0.208780030334589 0.58150043216569 0.60537384128545 0.399247446687675 0.390897279004231 0.195023751688467 0.319372835570548 0.652765827811432 0.596359107655195 0.681903995700047 0.484713560027723 0.29148366943198 0.537550407124221 0.414100547837679 0.176132989026434 0.166528828250287 0.711205414069546 0.156637459361855 0.472921235811586 0.601961884221806 0.509903345799077 0.410280071090705 0.309614199250929 0.227394855418774 0.488150628972676 0.549922927330581 0.321600078509536 0.484712249396309 0.384673422688158 0.3464962527931 0.352830783872651 0.417364710913098 0.242159179118416 0.320522563656355 0.153353849619641 0.280983853304265 0.252002556280096 0.385642589899147 0.261868105792109 0.368120113340697 0.848866306308377 0.459240077642956 0.244463646278474 0.540536963742757 0.486510804818493 0.299586760555308 0.661703222515397 0.179133069718763 0.0607869477960778 0.487605562051868 0.327218967204454 0.407590282713662 0.681993453373237 0.691295583472499 0.42370073117033 0.379510088769696 0.238916355548079 0.328632570584892 0.406706698088401 0.51389796267459 0.461158024833674 0.138901079672451 0.10069503273632 0.597172930633354 0.425817133453038 0.686138389807214 0.56717721805916 0.644209053855012 0.404190104112523 0.295741017273317 0.270013632235094
"10" 0.426313952355781 0.328068080837817 0.170480113328899 0.0583276025686791 0.406004695015206 0.357726896929887 0.0955068086452283 0.205079397140282 0.120468574485511 0 0.337418111637177 0.233528019058444 0.440400200845084 0.221497927562079 0.496594957485946 0.486314172606308 0.280749103244031 0.284461055023843 0.0746868725073111 0.250453064597923 0.547078529081492 0.484352057190639 0.567808737648581 0.364970760178994 0.185580202524504 0.417097090376102 0.300183558193868 0.146351201899171 0.071941484432318 0.591544005926504 0.140773315607726 0.352962804114801 0.48321402628743 0.405218018405704 0.303725614001109 0.25607875750297 0.120674682926238 0.412226662836462 0.46586421118263 0.225744867155565 0.3715798326662 0.353105845934374 0.245784036246313 0.2654081329752 0.365501298986796 0.159873859385795 0.210505824635198 0.188479719253176 0.243267141175115 0.132463038713641 0.265533674098409 0.265187216730323 0.248381197686243 0.728608609369323 0.34987721877289 0.146502187066689 0.422049774572386 0.391412063087182 0.180771058347769 0.541240499939255 0.069507937577196 0.154340482938535 0.422641328937485 0.257471531521529 0.290561924241359 0.563636414382121 0.579789771270822 0.351650444330193 0.294578200319413 0.135792319944623 0.209007768017784 0.294264108331882 0.425352954554331 0.355041153710261 0.194453948760169 0.115706596313132 0.493836130208928 0.329137786889226 0.586672162804347 0.456597870076966 0.556143340331437 0.284087150027602 0.250547563421484 0.194154432049575
"11" 0.164993243695342 0.0644832765348288 0.197186495083962 0.383247523873798 0.428786901904314 0.255362864556574 0.362016784963734 0.19550939404412 0.435230772072209 0.337418111637177 0 0.285453493492989 0.387474379351816 0.544477712839163 0.606399741378455 0.379872228476411 0.283789548972575 0.37869915906092 0.281367606247516 0.150777953930395 0.221982376332014 0.190387885934119 0.279089590077496 0.289961904921029 0.153373594907419 0.270339043570989 0.338123314936529 0.284655901534284 0.27150271474054 0.36463881950388 0.462945131980964 0.209309377152051 0.257534932869417 0.083959811550376 0.0586272487793879 0.506501456543224 0.338445906112841 0.569929556049792 0.144354459050413 0.396242309969655 0.11729767025075 0.252179971677763 0.091764665469836 0.0904600238311161 0.58998563456229 0.194788241511536 0.335748448609749 0.522810858775599 0.519524266306884 0.274451583947843 0.198354093254346 0.576750331387571 0.256083998657424 0.544871733057654 0.0767837150270087 0.365369498236554 0.210098064185135 0.490774914226287 0.272195743508663 0.36033442884155 0.334604782040278 0.485341721030665 0.171323532245302 0.478327926217681 0.143447488111367 0.450993211210274 0.537637713089382 0.117372496840671 0.464211648175717 0.201673001444784 0.197415999852344 0.0997540989491199 0.0982364319039377 0.416349348594248 0.39964453455137 0.353371263928439 0.164080030465554 0.445210495417286 0.617630154598599 0.452284985864835 0.223067593767797 0.250867457367728 0.212583429867025 0.430781020724544
"12" 0.44011179002681 0.234145270564779 0.268805179952814 0.290184860842037 0.575842398862405 0.458392008176851 0.321962887120819 0.0981419536666894 0.24771944063724 0.233528019058444 0.285453493492989 0 0.577726738812269 0.439695752358995 0.705233815686191 0.599897541456254 0.422763861817723 0.471854755792934 0.249506607093813 0.134684180933172 0.501009386827633 0.475248150841213 0.564345277358059 0.481825655609416 0.218191767508087 0.501612732481662 0.464029882178207 0.0871782237522989 0.179875249681458 0.638124068895669 0.366221429595268 0.429097318778495 0.525625122459329 0.369331543358838 0.295168000625047 0.488705235803996 0.33186794494807 0.631652810358309 0.35097207204125 0.436300779603647 0.38342251054127 0.137981146070748 0.230823531790358 0.19729290897565 0.597119140129216 0.142132674456292 0.399020197877412 0.39221254173736 0.476662954904657 0.301455223354632 0.361211565554605 0.489092493389921 0.383794841399828 0.808269501921504 0.344827577345271 0.363834311823952 0.468086242075196 0.591180358431193 0.34093757414053 0.615844093707271 0.289143242560001 0.308487728607927 0.263053976640791 0.485489717840095 0.34496355453986 0.678873516392113 0.731550288365038 0.217098350985974 0.511311003885124 0.192172157890288 0.311578201949097 0.317513426349599 0.327896632230823 0.536727098242242 0.140710165706813 0.148182754761617 0.442123780919285 0.530292779527027 0.770561090379356 0.618437250459946 0.446593657271997 0.40679883441298 0.0757516418033272 0.422219571132075
"13" 0.274208597722736 0.444811576038067 0.310858450351827 0.434964639061526 0.0934195014710787 0.132444968511311 0.371383317674537 0.484866268421303 0.556890499470941 0.440400200845084 0.387474379351816 0.577726738812269 0 0.511068533764483 0.273678637610456 0.0718834871308149 0.161766132922623 0.186180442969903 0.371626368807747 0.477059986084085 0.414981362245074 0.324486104043439 0.343720155784769 0.0999878264215424 0.360587490024985 0.133782871769706 0.144928045792696 0.518777459889115 0.432474297430271 0.260029236485571 0.462676139180919 0.178439898876307 0.223269712999249 0.360659475711992 0.334635137698041 0.376592217641556 0.331855997302847 0.296451480803963 0.503880264390821 0.266799227930525 0.283377236779767 0.613605324776211 0.369339436508385 0.422556274265254 0.384816688852096 0.435679286500752 0.240601025065624 0.532690639750118 0.416623239799534 0.309270936644034 0.218140935305163 0.506485932849567 0.19884817427961 0.315399907834309 0.315593314669549 0.323713704843836 0.212587330851618 0.195490922192688 0.260526155334516 0.177939700300051 0.377846287957345 0.570026083427345 0.558701711048329 0.330738171640169 0.252240756840495 0.130152613437007 0.15521970576372 0.500216120797432 0.267759379052794 0.388612178862405 0.266481165096514 0.294236619224685 0.462708729342979 0.138806893008972 0.618266046288443 0.540418100511566 0.405081810757562 0.203410432776079 0.235284261482124 0.076539734439939 0.53538337316956 0.17117305507849 0.532350049935021 0.339439647861812
"14" 0.598026054731181 0.544617038623137 0.353061153622779 0.165668170925013 0.440132160807152 0.481741701301227 0.185972502320204 0.426162789786714 0.208780030334589 0.221497927562079 0.544477712839163 0.439695752358995 0.511068533764483 0 0.438869920501045 0.575396868204103 0.385503576520991 0.324889719781946 0.263269600730916 0.471861789536598 0.737120560402487 0.661980175733001 0.735965316793177 0.47264447321031 0.39176953798356 0.54342343238551 0.371710217630346 0.355851699947212 0.293174848487797 0.726027623906962 0.0823035198383285 0.497285067804858 0.631342664692819 0.601187629870926 0.501134744587948 0.154287876358237 0.219300907564952 0.337322809834714 0.680644439144402 0.244404617282127 0.551066510847107 0.569259790001188 0.453764856724752 0.48209018375623 0.239211319256986 0.380712683787822 0.283427168062689 0.0589856139137107 0.11108866513542 0.281006705452439 0.416625640526958 0.0533596456609315 0.371406258700306 0.825500523487345 0.539743813796245 0.206013089919218 0.575458481060223 0.374324139666558 0.308672018046331 0.658944814309602 0.210108079486069 0.161152896313539 0.643785805204993 0.193983129326165 0.461803235868004 0.640936503507932 0.611921423956103 0.572069425016898 0.262032882740845 0.348976463019511 0.373832258146618 0.48044762089822 0.637947440280375 0.382462080111336 0.347527423598788 0.294709229793949 0.689229869854557 0.326088757806137 0.568863339644031 0.492592888695555 0.767149676752249 0.407254616128596 0.469344626975717 0.171726320030017
"15" 0.5332912084386 0.65065190526487 0.454653744581081 0.459271383001932 0.190380405324515 0.371544179778468 0.401727512612552 0.632118039864708 0.58150043216569 0.496594957485946 0.606399741378455 0.705233815686191 0.273678637610456 0.438869920501045 0 0.337389580683664 0.322959879434953 0.238748563187792 0.457007057903055 0.645924853555163 0.682372144491038 0.590552563348404 0.61713941769603 0.336595268823506 0.518747041015455 0.399587051450387 0.268835756930541 0.625458487868524 0.528082092069096 0.527573021485212 0.43586921452871 0.41873817931427 0.495659074490682 0.604719734342842 0.547948459909986 0.286652616032174 0.378862409140924 0.101899670024422 0.741701929282957 0.271947876748337 0.52614178959378 0.784178239882781 0.555120676611475 0.608834142778712 0.21364907921102 0.573889230960371 0.307124815985789 0.486026320418431 0.328151507870716 0.404360757873273 0.40847914770679 0.406415299953167 0.354500319200316 0.526525666637746 0.547929739470843 0.350259577013045 0.475535280858448 0.1179242018956 0.37036416781978 0.444972609774916 0.428189594979193 0.565398157078753 0.771725798502047 0.256742002059306 0.463396630001946 0.351786132870353 0.251312694422542 0.702709370644287 0.203037603546023 0.520304689908563 0.426212445827479 0.506685766589692 0.696683852019606 0.190050806756381 0.690566796813476 0.612298040419688 0.664540562929454 0.175476490527124 0.147279874199683 0.19971548451621 0.789668517576299 0.355546299526722 0.685619591489584 0.311519546587714
"16" 0.243143412957281 0.441452639982166 0.341057974982432 0.487482399042317 0.164823250008827 0.141525332602768 0.425684645282364 0.503746246435195 0.60537384128545 0.486314172606308 0.379872228476411 0.599897541456254 0.0718834871308149 0.575396868204103 0.337389580683664 0 0.206248849949606 0.251894769637755 0.414286663162506 0.488389516254429 0.36943338575869 0.282864901484096 0.287152946678806 0.122770805440096 0.381961848024871 0.109617858921094 0.204228980180538 0.5490221439486 0.469279686634436 0.190868602997295 0.522476575424736 0.175842988882764 0.1736039712931 0.338346193650379 0.33316013243934 0.445392638656584 0.385350297888031 0.36730695127 0.481007094129335 0.331254224628307 0.266528895327102 0.619984786291785 0.379050503105621 0.429168306758974 0.456671465801186 0.459750061029146 0.297842794703888 0.593470819850383 0.484424352699431 0.35385118151764 0.240208569198809 0.573658776157455 0.238276193819672 0.250528057961824 0.303976668132204 0.381353671070305 0.181438848189637 0.266742363753805 0.305809086661566 0.108150484798524 0.427987856822623 0.623559010850655 0.548162895550083 0.399632292422679 0.25911324416531 0.0795286776045741 0.164163153734142 0.496431852143264 0.33815581929755 0.417288896941731 0.295283246299446 0.296283951051425 0.443367343438055 0.210068465398725 0.654622410411768 0.579050883586974 0.36841372478597 0.274645976787064 0.275055188610629 0.137831256672465 0.500429911062974 0.204291432455125 0.547409139674676 0.403793612157858
"17" 0.24266528820755 0.328280406978908 0.153972024469404 0.281834065877856 0.156726591337539 0.0971465748033245 0.221446465339237 0.334310740817301 0.399247446687675 0.280749103244031 0.283789548972575 0.422763861817723 0.161766132922623 0.385503576520991 0.322959879434953 0.206248849949606 0 0.101961810200694 0.210324107715267 0.335741058949838 0.396290216685238 0.307831313982287 0.365752745149274 0.0889815807745887 0.211085124621547 0.158104024594655 0.0543375116526033 0.358999749776681 0.270867003617347 0.340569335680685 0.323550302146246 0.124344441380977 0.250971849345959 0.291643867736962 0.225214077126543 0.28045453456865 0.180927814143677 0.290573057217101 0.421992880391046 0.15460393416607 0.216756033844417 0.475249725593724 0.235944174598379 0.290549248398881 0.333088479086019 0.281067709217034 0.102416885974432 0.395303318865036 0.311159568363666 0.148536304553619 0.0855425179024678 0.394012292386801 0.0389697860833663 0.453128023901364 0.230392450748985 0.181915340906543 0.201920976307094 0.206998554742917 0.0999795160551422 0.275081824162399 0.221827205721012 0.417989928890504 0.449084338153743 0.239177408959288 0.141931394756254 0.282914629116378 0.310705429430379 0.381251827039997 0.199918700171105 0.231070824089961 0.1134816451098 0.184332173274293 0.376228864165546 0.133168788689269 0.456551930490352 0.378662690255987 0.364285073562604 0.165085842573168 0.353255342076799 0.195814295218184 0.479222073378451 0.0349807223506511 0.384969200811372 0.220033829116757
"18" 0.343417685518895 0.416965507318024 0.215905525728461 0.264479664575418 0.124741763384831 0.188048175524923 0.19980206193818 0.394449697100171 0.390897279004231 0.284461055023843 0.37869915906092 0.471854755792934 0.186180442969903 0.324889719781946 0.238748563187792 0.251894769637755 0.101961810200694 0 0.229751482822797 0.407183574420969 0.497416543640963 0.408020431484734 0.460775486170309 0.165404767786457 0.280043986102013 0.242146424441359 0.056932216644226 0.396419866984236 0.300051189805745 0.418015008813461 0.279542271110765 0.223731701493762 0.341560700980304 0.392828729228485 0.320273565298633 0.195604625174993 0.164823926022227 0.191312819991485 0.51991073575276 0.0808166173554655 0.318649243918152 0.545504495324209 0.31880189954301 0.371680975937518 0.232987144517762 0.336711662331024 0.0751583369087112 0.348191160828109 0.232992412693611 0.17107473620458 0.182240504564082 0.321808336819127 0.122672273378253 0.50103758704329 0.330663998656285 0.147221049745455 0.298566054507143 0.121264649320686 0.132381395565555 0.343452290268326 0.215692959754727 0.394623871055906 0.538143746507954 0.150625915581921 0.240691513651852 0.316103489291196 0.301792435889815 0.467307520631986 0.100079503052941 0.283216009475479 0.189209212652892 0.281026276780696 0.473756197717812 0.070661533785511 0.476384724485671 0.396448635738792 0.466239764139816 0.066849882435462 0.30380937581395 0.177600108062383 0.580332260520884 0.136779963185731 0.447715048442153 0.153320345187623
"19" 0.355059747504019 0.283563076047 0.0985194450752531 0.103766769867682 0.345574221964049 0.28355627655081 0.08726130972045 0.191113594580184 0.195023751688467 0.0746868725073111 0.281367606247516 0.249506607093813 0.371626368807747 0.263269600730916 0.457007057903055 0.414286663162506 0.210324107715267 0.229751482822797 0 0.224548604651308 0.4818925817049 0.414831668895904 0.496546205113171 0.292191111057187 0.128513819813035 0.342560650493862 0.235901249568622 0.16851240523633 0.0711498783359691 0.516970283877008 0.181577902254017 0.27832148787478 0.409094891359605 0.342047184946351 0.240653938769347 0.253371136140813 0.0836842105194279 0.382266618608528 0.417993859283171 0.186816157912724 0.301812210501366 0.347669227721928 0.190497808353399 0.221868674296012 0.356340777580399 0.134456464108569 0.154707970248471 0.243358190482197 0.253452460728298 0.0627681731472082 0.190862874236388 0.298074583056691 0.176019460325177 0.654729289374185 0.283493493540164 0.116434337799281 0.348130320903046 0.345182696839266 0.111255805409208 0.466734826206876 0.0551309728110744 0.226817145651361 0.390299632964999 0.241375223254728 0.218051997084565 0.492340117526549 0.515546157747999 0.31656031564514 0.261889678942877 0.0898152338461265 0.134630506579374 0.225870663069528 0.374832558103394 0.298689703513641 0.249509398369322 0.170117856035005 0.430794359133006 0.283315975767829 0.533386261486984 0.394108308234552 0.503884084215211 0.210831688281348 0.243465814137194 0.180117137955429
"20" 0.308231162047576 0.102645974576163 0.191312829837267 0.306774552425849 0.492444497165341 0.349223226055636 0.311389230825208 0.0537469156947806 0.319372835570548 0.250453064597923 0.150777953930395 0.134684180933172 0.477059986084085 0.471861789536598 0.645924853555163 0.488389516254429 0.335741058949838 0.407183574420969 0.224548604651308 0 0.367926586805979 0.34078956643703 0.429765796103442 0.377591202364056 0.127265139357701 0.384113820456706 0.384855503265199 0.148762699759081 0.178691723337036 0.507753281922928 0.390466969839295 0.313084800401106 0.396477787055244 0.234648431751304 0.165724583082377 0.477429695617523 0.304276273321995 0.587326050729639 0.232981308902368 0.393925110464825 0.252986884553536 0.139590406209954 0.109340276973948 0.0644419775346738 0.577518999220914 0.0919894475131667 0.343088569493555 0.436765777372189 0.47759204294354 0.252557031978706 0.260021937859462 0.513878440468683 0.298337780779095 0.682202541894527 0.213073013896399 0.336664003551145 0.341382933271774 0.528221429005552 0.276824281249515 0.491671026633304 0.278001530178429 0.376487255120288 0.172479353414758 0.461691464038429 0.229280209083541 0.565522348129313 0.632257427743278 0.104442638171649 0.46954889877941 0.136716318710496 0.223133283811239 0.194570295843302 0.202061662026372 0.463200779396866 0.25636381480255 0.224780902581519 0.309047329442535 0.47194653254504 0.688888593745685 0.528350150079391 0.328785036605192 0.312003527970875 0.0633110325879015 0.402865851412878
"21" 0.154125838900751 0.266890179531885 0.385543812612962 0.585604020661394 0.492038496591119 0.316083167084927 0.551180213295145 0.416247286969455 0.652765827811432 0.547078529081492 0.221982376332014 0.501009386827633 0.414981362245074 0.737120560402487 0.682372144491038 0.36943338575869 0.396290216685238 0.497416543640963 0.4818925817049 0.367926586805979 0 0.0919363394194742 0.10877708487447 0.348456150968948 0.362473272597222 0.283214966665883 0.443116946666966 0.506625769821121 0.486661356180047 0.243530788025725 0.658957277121469 0.274246421605082 0.195842579534362 0.142865001985807 0.243488530256525 0.667604042518451 0.519317974014755 0.677756816927759 0.187481480070856 0.544118198438813 0.187782952268334 0.434500732613911 0.306460426668871 0.31186564990242 0.72935549242488 0.415645754488408 0.483828957946993 0.724625722932809 0.690606791233579 0.456228592338411 0.330457980943014 0.761228240143586 0.388037035339484 0.423109647114277 0.198460012386251 0.539207307466696 0.207102130619353 0.581862035387675 0.435085173825763 0.2904573230253 0.529768256742487 0.699497293170864 0.296014134453345 0.630553161918289 0.277533051701112 0.411034025896807 0.52957742445255 0.295159801080733 0.596208915902291 0.414535256122251 0.364094878805565 0.257090872291947 0.18349557448098 0.505837700341377 0.621202182018849 0.57471870765945 0.0589024909076319 0.555669613119924 0.643898342104061 0.491423374821695 0.149355183767685 0.362551538068354 0.425680943702886 0.597215989700094
"22" 0.0657388650638672 0.249439594247661 0.316454871769933 0.517303238750504 0.400190810053311 0.224639925985545 0.477098589640036 0.382429608161307 0.596359107655195 0.484352057190639 0.190387885934119 0.475248150841213 0.324486104043439 0.661980175733001 0.590552563348404 0.282864901484096 0.307831313982287 0.408020431484734 0.414831668895904 0.34078956643703 0.0919363394194742 0 0.0894173994624097 0.256619996854797 0.30556180342868 0.191817129887276 0.352978741608076 0.465540920946039 0.430176801330906 0.189678089728139 0.586219965200207 0.184294784661977 0.111697719728139 0.108149096598379 0.189620923352647 0.583243254919649 0.442760306384477 0.586383246069191 0.220582376757065 0.458465356994066 0.113020109075505 0.433811775503135 0.257733858900111 0.278291218429011 0.640671532864242 0.369618694842126 0.399252194208351 0.654183577435023 0.608495901727147 0.381668121943578 0.248060836732548 0.68264965845347 0.302898702958741 0.375284141691147 0.138412650095991 0.459945977744778 0.115167569332594 0.490067818503964 0.355294547985219 0.215861864953905 0.458780988325093 0.63855696724621 0.315012806000187 0.544702453504147 0.20036881946607 0.331838226720728 0.44552054300358 0.291755997847657 0.507439325349113 0.358068406544267 0.288526597627162 0.19016369637681 0.196643633988831 0.414200471878632 0.582341668068924 0.527174048194005 0.0880084470921128 0.464978320152371 0.555603746068258 0.400721320215237 0.219209735673733 0.274934995356963 0.402955222793811 0.514941055595357
"23" 0.141533574985032 0.336421775547454 0.398093746133245 0.597491845518028 0.429965496792279 0.272727979568696 0.553317526875529 0.471835946625995 0.681903995700047 0.567808737648581 0.279089590077496 0.564345277358059 0.343720155784769 0.735965316793177 0.61713941769603 0.287152946678806 0.365752745149274 0.460775486170309 0.496546205113171 0.429765796103442 0.10877708487447 0.0894173994624097 0 0.298510167709107 0.392471790245345 0.223634982771049 0.404017423756783 0.554639824102404 0.516380446862469 0.136339693770103 0.662758199948543 0.242654518160482 0.122809100678038 0.19576709584089 0.278296309380134 0.645931304055558 0.517050407862203 0.626915886309555 0.287208778209197 0.520053661652536 0.197247399656928 0.517825498384344 0.346600166799211 0.367584257415818 0.692998734847867 0.458379373207123 0.463715227472651 0.73214211329509 0.674612460869826 0.458510271356723 0.319342356699512 0.752908232842062 0.368340628119152 0.314358582193511 0.226782132649256 0.531152736352188 0.163937526140313 0.527079863042855 0.427325823548769 0.193955982167384 0.537591996198665 0.722138827403397 0.390480559966186 0.604906254346067 0.278897986498811 0.315808748052853 0.439099732343578 0.375591849598001 0.560794260236238 0.444708892215521 0.366035000960585 0.275276320403734 0.272621369992802 0.454533239953692 0.671502135896676 0.615272897117753 0.146949846409378 0.511344379619254 0.560978125881974 0.419428897867012 0.258120260984713 0.336045537508602 0.491614723113176 0.581619548640874
"24" 0.196984915458629 0.345770040134859 0.21901976738269 0.3698546222481 0.14732112847594 0.0359675825476874 0.310249660260439 0.38741295201853 0.484713560027723 0.364970760178994 0.289961904921029 0.481825655609416 0.0999878264215424 0.47264447321031 0.336595268823506 0.122770805440096 0.0889815807745887 0.165404767786457 0.292191111057187 0.377591202364056 0.348456150968948 0.256619996854797 0.298510167709107 0 0.263748013545847 0.0768050292526313 0.108773278745611 0.427474528645083 0.346526053716543 0.255255138739059 0.412349247920514 0.0843818815598988 0.17723563126763 0.271664699468163 0.23570172763308 0.358548601535607 0.269744546738354 0.330714839691825 0.41296312836955 0.234937374156879 0.192818599953255 0.513699459431515 0.269496454203325 0.32258138207645 0.395228275623343 0.34039812042649 0.189318854809633 0.48407086412159 0.392731167797434 0.232718444554313 0.12062912924195 0.478287470505241 0.116611572987621 0.365074372983338 0.220828925480963 0.270555981940828 0.141863060822339 0.233458140991803 0.185559390493704 0.186551612217194 0.309153930565067 0.505914390568761 0.461249785387195 0.314719680975537 0.152380057790806 0.201937715332563 0.254838719499304 0.40109946690332 0.264299863288915 0.295943361338478 0.173402418608185 0.19482471793518 0.370021503419241 0.157987755700852 0.531977053938894 0.456280273267776 0.32796028702336 0.212838854539893 0.327982796909914 0.162718989503775 0.453854426085304 0.081605943736093 0.433776786159025 0.304371260718632
"25" 0.253384753270534 0.158107611027935 0.0645347008222446 0.229876407575062 0.367555220388709 0.240442764083187 0.212016743325531 0.124399733625753 0.29148366943198 0.185580202524504 0.153373594907419 0.218191767508087 0.360587490024985 0.39176953798356 0.518747041015455 0.381961848024871 0.211085124621547 0.280043986102013 0.128513819813035 0.127265139357701 0.362473272597222 0.30556180342868 0.392471790245345 0.263748013545847 0 0.286522423848472 0.258456366622345 0.173382964015711 0.124961121516134 0.438720639952806 0.309938826955242 0.214131167891323 0.325711519576179 0.220023389170945 0.119102173566812 0.367314059054426 0.193878261967076 0.462360267861882 0.289929277765965 0.27183081226113 0.1956565147283 0.266380235483355 0.0620084678639077 0.099674257392859 0.460945998425729 0.0783831243646377 0.21784727636263 0.369499092360093 0.374700491843056 0.133984027478024 0.143123050055472 0.425869407620446 0.172814120431473 0.59849413521865 0.167824050859709 0.224069095276667 0.264753334935096 0.400992732468569 0.150863236993846 0.405348480621901 0.182705222578534 0.33702840368889 0.272250691949827 0.345632916015956 0.132500209572429 0.461138507753993 0.515217847652877 0.198157017019769 0.346319914827608 0.0525993948708713 0.0976062728816389 0.118262962221829 0.246388963551821 0.336276787501725 0.287908428704854 0.224145016951623 0.308437204857702 0.345166270997374 0.564095049514276 0.406021873984615 0.375423050559625 0.190781879806087 0.173932840525007 0.291143944893815
"26" 0.140666912391138 0.332299403500002 0.256256791498775 0.429650140946585 0.209637196585019 0.0621015749925933 0.373649239171988 0.4040337226298 0.537550407124221 0.417097090376102 0.270339043570989 0.501612732481662 0.133782871769706 0.54342343238551 0.399587051450387 0.109617858921094 0.158104024594655 0.242146424441359 0.342560650493862 0.384113820456706 0.283214966665883 0.191817129887276 0.223634982771049 0.0768050292526313 0.286522423848472 0 0.185384789071807 0.458471699451867 0.387737505641752 0.182645315981981 0.479295658455869 0.0725703756240349 0.101242808822762 0.231074062458645 0.224975811226331 0.434372575591809 0.333651865657817 0.40338086609736 0.374448452484322 0.309813464542663 0.157265965825581 0.512811682106642 0.275189609227229 0.323120278644468 0.471707815223036 0.364881673079755 0.26051598441154 0.551003726496904 0.467536849891817 0.288096452103434 0.1536098511382 0.551773646263039 0.17567325083739 0.314768423502822 0.194358915501615 0.338704208590527 0.0788083836984573 0.304003360111169 0.244726180814564 0.124190143747851 0.367916547185932 0.564399236267069 0.438639763119173 0.390953382458927 0.156748564803398 0.182421771562702 0.270799429866254 0.387110168760376 0.341087352852469 0.327872062275202 0.211625561897686 0.189955306378423 0.335375219819197 0.230898581128846 0.569253763975335 0.49749193428093 0.271299182962561 0.28848766958633 0.368130562564467 0.209366320488833 0.401776767036362 0.138388954764124 0.444741962211141 0.377672880512247
