"V1" "V2" "V3" "V4" "V5" "V6" "V7" "V8" "V9" "V10" "V11" "V12" "V13" "V14" "V15" "V16" "V17" "V18" "V19" "V20" "V21"
"1" 0 0.737643774335104 0.227841754873761 0.319123597827594 0.600564425687759 0.816387538252922 0.493928939474568 0.580398028012399 0.634135111339218 0.630146542631727 0.338279985137605 0.490973258914951 0.569453935707414 0.677722905466898 0.953451947169393 0.650752235771628 0.884586724920399 0.713090617637252 0.0928248078441792 0.495054301793286 0.645817449079726
"2" 0.737643774335104 0 0.819617730601423 0.456382645807432 0.680758551942288 0.636742573897577 0.402326886844653 0.815446053863306 0.911921035268605 0.219682783435125 0.46765498626761 0.501846458290632 0.580255930033786 1.05069222318549 0.509308277885779 0.207836839415024 0.568123365777963 0.683834266717573 0.758274493826124 0.265108728526908 1.04514372879089
"3" 0.227841754873761 0.819617730601423 0 0.486229733353202 0.821279788910226 1.02175911122051 0.476794452112048 0.808176736083296 0.861063153128227 0.767451728630845 0.517604052894968 0.691071451917781 0.780344414857081 0.89642792110808 1.12603038676894 0.679510731968943 1.07481133202498 0.929652360796088 0.315663551179241 0.555239946795257 0.862471166369948
"4" 0.319123597827594 0.456382645807432 0.486229733353202 0 0.403163453354693 0.549287077039871 0.39159651198804 0.468762346748748 0.556640705295142 0.313950670865625 0.0422580007334774 0.224209246558334 0.329527344200398 0.665584119454544 0.642023666630212 0.441421974147619 0.589635686499001 0.485469822524363 0.312830402948418 0.279823633815989 0.649015981408156
"5" 0.600564425687759 0.680758551942288 0.821279788910226 0.403163453354693 0 0.261295709399498 0.783395937754693 0.15811595244568 0.246660284671642 0.461532790261622 0.360924930859719 0.198562852879501 0.100625608165215 0.398113446290008 0.510289182336839 0.769550759142604 0.383858075383106 0.12104567292998 0.531906444126356 0.636438022547033 0.405868805276778
"6" 0.816387538252922 0.636742573897577 1.02175911122051 0.549287077039871 0.261295709399498 0 0.868226504287245 0.401923976058938 0.468584677047744 0.435905375850161 0.511289137996092 0.330965014255689 0.248997614080814 0.617570536705095 0.282805245973968 0.786985486363602 0.141043485214432 0.149944098372336 0.761803706100063 0.696854085710928 0.635483996901409
"7" 0.493928939474568 0.402326886844653 0.476794452112048 0.39159651198804 0.783395937754693 0.868226504287245 0 0.860354767611719 0.947644249335116 0.464514112868878 0.431301788816524 0.588165431007224 0.696413233414228 1.04963209409117 0.848996021124702 0.216249138740942 0.856926404455146 0.845706178111035 0.558255606376524 0.176852728303652 1.02937918314723
"8" 0.580398028012399 0.815446053863306 0.808176736083296 0.468762346748748 0.15811595244568 0.401923976058938 0.860354767611719 0 0.096489628819287 0.599800247670831 0.429490682971153 0.314456307491509 0.245682398589184 0.242352651451297 0.665241033143887 0.879867481912321 0.53402331750845 0.252013906104891 0.497005179536181 0.732961929335634 0.247919497891501
"9" 0.634135111339218 0.911921035268605 0.861063153128227 0.556640705295142 0.246660284671642 0.468584677047744 0.947644249335116 0.096489628819287 0 0.696034656555106 0.518704927768409 0.410888442012332 0.339754826645503 0.15261617738972 0.742103427357745 0.974345837929018 0.606132350126183 0.32091635173404 0.545710172431735 0.825405260466836 0.166912132575017
"10" 0.630146542631727 0.219682783435125 0.767451728630845 0.313950670865625 0.461532790261622 0.435905375850161 0.464514112868878 0.599800247670831 0.696034656555106 0 0.30751195771588 0.28989201022449 0.361230470528948 0.838121895735093 0.387022794283359 0.351645759990454 0.397097822210347 0.4666491502727 0.625970234723631 0.287852137444343 0.835144412222199
"11" 0.338279985137605 0.46765498626761 0.517604052894968 0.0422580007334774 0.360924930859719 0.511289137996092 0.431301788816524 0.429490682971153 0.518704927768409 0.30751195771588 0 0.183672272603664 0.287885543579735 0.631540521457315 0.616285191374853 0.469506016491284 0.55723674469713 0.443896120963725 0.320569165293507 0.311168775559724 0.616480383253892
"12" 0.490973258914951 0.501846458290632 0.691071451917781 0.224209246558334 0.198562852879501 0.330965014255689 0.588165431007224 0.314456307491509 0.410888442012332 0.28989201022449 0.183672272603664 0 0.108680322318175 0.549187760000386 0.47960741673598 0.572914209946765 0.394991732246128 0.262802766309691 0.446896142915253 0.437928548069732 0.54532179067711
"13" 0.569453935707414 0.580255930033786 0.780344414857081 0.329527344200398 0.100625608165215 0.248997614080814 0.696413233414228 0.245682398589184 0.339754826645503 0.361230470528948 0.287885543579735 0.108680322318175 0 0.487979431704504 0.453241438142516 0.671578061622277 0.343344975183924 0.156022960019764 0.512833845983697 0.543177283662701 0.491295075445682
"14" 0.677722905466898 1.05069222318549 0.89642792110808 0.665584119454544 0.398113446290008 0.617570536705095 1.04963209409117 0.242352651451297 0.15261617738972 0.838121895735093 0.631540521457315 0.549187760000386 0.487979431704504 0 0.893659589568775 1.09776905995842 0.756484669689452 0.471777568178752 0.585107737128241 0.94258382842383 0.0403549428812718
"15" 0.953451947169393 0.509308277885779 1.12603038676894 0.642023666630212 0.510289182336839 0.282805245973968 0.848996021124702 0.665241033143887 0.742103427357745 0.387022794283359 0.616285191374853 0.47960741673598 0.453241438142516 0.893659589568775 0 0.704029946471639 0.14246230898958 0.422036247340817 0.92180175465681 0.673421441605804 0.908228119786645
"16" 0.650752235771628 0.207836839415024 0.679510731968943 0.441421974147619 0.769550759142604 0.786985486363602 0.216249138740942 0.879867481912321 0.974345837929018 0.351645759990454 0.469506016491284 0.572914209946765 0.671578061622277 1.09776905995842 0.704029946471639 0 0.742870223157399 0.802061604853065 0.695106375479206 0.164984291167857 1.08475733721434
"17" 0.884586724920399 0.568123365777963 1.07481133202498 0.589635686499001 0.383858075383106 0.141043485214432 0.856926404455146 0.53402331750845 0.606132350126183 0.397097822210347 0.55723674469713 0.394991732246128 0.343344975183924 0.756484669689452 0.14246230898958 0.742870223157399 0 0.285240978012976 0.841479850990572 0.680472975840147 0.77291702400659
"18" 0.713090617637252 0.683834266717573 0.929652360796088 0.485469822524363 0.12104567292998 0.149944098372336 0.845706178111035 0.252013906104891 0.32091635173404 0.4666491502727 0.443896120963725 0.262802766309691 0.156022960019764 0.471777568178752 0.422036247340817 0.802061604853065 0.285240978012976 0 0.648462696838421 0.685963336848647 0.487676048315479
"19" 0.0928248078441792 0.758274493826124 0.315663551179241 0.312830402948418 0.531906444126356 0.761803706100063 0.558255606376524 0.497005179536181 0.545710172431735 0.625970234723631 0.320569165293507 0.446896142915253 0.512833845983697 0.585107737128241 0.92180175465681 0.695106375479206 0.841479850990572 0.648462696838421 0 0.533267522543475 0.553026786612143
"20" 0.495054301793286 0.265108728526908 0.555239946795257 0.279823633815989 0.636438022547033 0.696854085710928 0.176852728303652 0.732961929335634 0.825405260466836 0.287852137444343 0.311168775559724 0.437928548069732 0.543177283662701 0.94258382842383 0.673421441605804 0.164984291167857 0.680472975840147 0.685963336848647 0.533267522543475 0 0.927582896687355
"21" 0.645817449079726 1.04514372879089 0.862471166369948 0.649015981408156 0.405868805276778 0.635483996901409 1.02937918314723 0.247919497891501 0.166912132575017 0.835144412222199 0.616480383253892 0.54532179067711 0.491295075445682 0.0403549428812718 0.908228119786645 1.08475733721434 0.77291702400659 0.487676048315479 0.553026786612143 0.927582896687355 0
