"V1" "V2" "V3" "V4" "V5" "V6" "V7" "V8" "V9" "V10" "V11" "V12" "V13" "V14" "V15" "V16" "V17" "V18" "V19" "V20" "V21"
"1" 0 0.563659272357591 0.268248300484623 0.503116157142847 0.161815281462349 0.571584555403488 0.3927572767025 0.725547031806512 0.900626814841585 0.303956116909521 0.80913405855474 0.465275952680779 0.54274022526515 0.244194428196555 0.622424929694868 0.580222782966408 0.294948087513461 0.256833573892029 0.33128848124974 0.826370329608427 0.78770361586968
"2" 0.563659272357591 0 0.80547054410631 0.852669120591175 0.464122982660466 0.562382847434206 0.902742099108882 0.319005716261764 0.579437665128847 0.331088605848261 0.627797095107877 0.547236766364849 0.862628016436976 0.431279876769162 0.0894609982832029 0.772664642199207 0.440513351739471 0.657351559727576 0.335180482622575 0.603766977446181 0.817412961679312
"3" 0.268248300484623 0.80547054410631 0 0.357221236768527 0.344622044364552 0.629616706006949 0.132867933939536 0.903800136277073 1.02516496854805 0.496456204536491 0.888475241669643 0.518717573789306 0.407635147826086 0.50810736354702 0.850922584690674 0.521667653161797 0.554952460017782 0.219388992435831 0.599490896326457 0.920446357079898 0.7713543346078
"4" 0.503116157142847 0.852669120591175 0.357221236768527 0 0.446973258741299 0.429729975657809 0.287748079692611 0.816958519596901 0.845750811262181 0.527319088913293 0.666848633733446 0.353302831603341 0.0511210281101555 0.727749685671832 0.862240672493249 0.211631618899371 0.782719769791891 0.249487187098953 0.782522013430363 0.712982919617709 0.462716700522696
"5" 0.161815281462349 0.464122982660466 0.344622044364552 0.446973258741299 0 0.416573253154678 0.439011203689358 0.576647953612819 0.740113108870607 0.155733485614102 0.648226862787694 0.315619673326327 0.475034054540754 0.295731721295315 0.506338157900639 0.467400573865905 0.350725342470321 0.209214653330252 0.336252417556997 0.664645272129255 0.647820260733627
"6" 0.571584555403488 0.562382847434206 0.629616706006949 0.429729975657809 0.416573253154678 0 0.643205824700622 0.412439343302835 0.418399464308878 0.346690071737191 0.259122321004766 0.112325590536715 0.409815770162314 0.678418168179817 0.533377274578202 0.255160574132414 0.727618621974976 0.410569228314043 0.669820606893107 0.29515810343692 0.263580864721953
"7" 0.3927572767025 0.902742099108882 0.132867933939536 0.287748079692611 0.439011203689358 0.643205824700622 0 0.964399479836962 1.05551945707956 0.579877947580755 0.900126508523292 0.539194834016912 0.338189185462475 0.635910698136017 0.939569328984144 0.484504467698371 0.684339747055697 0.261317124702268 0.722792065247087 0.938363913247857 0.740066411911048
"8" 0.725547031806512 0.319005716261764 0.903800136277073 0.816958519596901 0.576647953612819 0.412439343302835 0.964399479836962 0 0.261629215946848 0.422804183759474 0.35261596251389 0.46390947532304 0.807578017019204 0.685164566290264 0.237227090138641 0.666320906691769 0.711558160158813 0.703366555865328 0.613457250564637 0.31370001384768 0.611816309563044
"9" 0.900626814841585 0.579437665128847 1.02516496854805 0.845750811262181 0.740113108870607 0.418399464308878 1.05551945707956 0.261629215946848 0 0.603473942752548 0.200835079993163 0.516437107963023 0.821114819800128 0.910703968746669 0.498855800546957 0.65282808623199 0.94437180499537 0.807947571079014 0.852957720385469 0.145332584202679 0.500669366703547
"10" 0.303956116909521 0.331088605848261 0.496456204536491 0.527319088913293 0.155733485614102 0.346690071737191 0.579877947580755 0.422804183759474 0.603473942752548 0 0.539253351185119 0.27622314595416 0.54263320632089 0.335909760210368 0.359816446026435 0.482746744934729 0.38268282554531 0.327524121695579 0.324160571089627 0.545968109246245 0.604913376689359
"11" 0.80913405855474 0.627797095107877 0.888475241669643 0.666848633733446 0.648226862787694 0.259122321004766 0.900126508523292 0.35261596251389 0.200835079993163 0.539253351185119 0 0.369909239436203 0.637164277170841 0.871729362020496 0.564904098989568 0.464550063320096 0.914098953199513 0.669212331653058 0.836777410736112 0.055772581473928 0.300514614822994
"12" 0.465275952680779 0.547236766364849 0.518717573789306 0.353302831603341 0.315619673326327 0.112325590536715 0.539194834016912 0.46390947532304 0.516437107963023 0.27622314595416 0.369909239436203 0 0.344545065753511 0.592900103241298 0.536178854337714 0.225756533636011 0.644643145158507 0.299364916998653 0.598160888338707 0.402453629653719 0.335778729684235
"13" 0.54274022526515 0.862628016436976 0.407635147826086 0.0511210281101555 0.475034054540754 0.409815770162314 0.338189185462475 0.807578017019204 0.821114819800128 0.54263320632089 0.637164277170841 0.344545065753511 0 0.761573021689732 0.866959652399961 0.17456750306599 0.816799432206101 0.286494070241618 0.811281477803581 0.685169648658238 0.419123218480574
"14" 0.244194428196555 0.431279876769162 0.50810736354702 0.727749685671832 0.295731721295315 0.678418168179817 0.635910698136017 0.685164566290264 0.910703968746669 0.335909760210368 0.871729362020496 0.592900103241298 0.761573021689732 0 0.511832844808668 0.762865587600116 0.0553575341993466 0.478633230535335 0.109821119539811 0.873489453694009 0.928592175474408
"15" 0.622424929694868 0.0894609982832029 0.850922584690674 0.862240672493249 0.506338157900639 0.533377274578202 0.939569328984144 0.237227090138641 0.498855800546957 0.359816446026435 0.564904098989568 0.536178854337714 0.866959652399961 0.511832844808668 0 0.761142300117496 0.524973818194485 0.686058858618792 0.420256813122677 0.53574461937438 0.778099805840796
"16" 0.580222782966408 0.772664642199207 0.521667653161797 0.211631618899371 0.467400573865905 0.255160574132414 0.484504467698371 0.666320906691769 0.65282808623199 0.482746744934729 0.464550063320096 0.225756533636011 0.17456750306599 0.762865587600116 0.761142300117496 0 0.817578158823772 0.338060537651813 0.789624443402224 0.513993825317756 0.25556686716572
"17" 0.294948087513461 0.440513351739471 0.554952460017782 0.782719769791891 0.350725342470321 0.727618621974976 0.684339747055697 0.711558160158813 0.94437180499537 0.38268282554531 0.914098953199513 0.644643145158507 0.816799432206101 0.0553575341993466 0.524973818194485 0.817578158823772 0 0.533463834366707 0.105482493367146 0.913552494670522 0.980021053559481
"18" 0.256833573892029 0.657351559727576 0.219388992435831 0.249487187098953 0.209214653330252 0.410569228314043 0.261317124702268 0.703366555865328 0.807947571079014 0.327524121695579 0.669212331653058 0.299364916998653 0.286494070241618 0.478633230535335 0.686058858618792 0.338060537651813 0.533463834366707 0 0.538314852104578 0.701121581078001 0.57183779222865
"19" 0.33128848124974 0.335180482622575 0.599490896326457 0.782522013430363 0.336252417556997 0.669820606893107 0.722792065247087 0.613457250564637 0.852957720385469 0.324160571089627 0.836777410736112 0.598160888338707 0.811281477803581 0.109821119539811 0.420256813122677 0.789624443402224 0.105482493367146 0.538314852104578 0 0.831813270142722 0.92907170106756
"20" 0.826370329608427 0.603766977446181 0.920446357079898 0.712982919617709 0.664645272129255 0.29515810343692 0.938363913247857 0.31370001384768 0.145332584202679 0.545968109246245 0.055772581473928 0.402453629653719 0.685169648658238 0.873489453694009 0.53574461937438 0.513993825317756 0.913552494670522 0.701121581078001 0.831813270142722 0 0.356275156216629
"21" 0.78770361586968 0.817412961679312 0.7713543346078 0.462716700522696 0.647820260733627 0.263580864721953 0.740066411911048 0.611816309563044 0.500669366703547 0.604913376689359 0.300514614822994 0.335778729684235 0.419123218480574 0.928592175474408 0.778099805840796 0.25556686716572 0.980021053559481 0.57183779222865 0.92907170106756 0.356275156216629 0
