"V1" "V2" "V3" "V4" "V5" "V6" "V7" "V8" "V9" "V10" "V11" "V12" "V13" "V14" "V15" "V16" "V17" "V18" "V19" "V20" "V21"
"1" 0 0.704778638400286 0.152887952688983 0.616311040594129 0.986393923832144 0.854669637883346 0.630373177821114 0.512801782730007 0.551245352820842 0.653137620194301 0.803571283638838 1.09451117466576 0.7980985437964 0.817986267590354 1.07294233736644 0.866552407669265 0.992300527064098 1.08108108108108 0.944013470085026 1.01558347178681 1.29954759785636
"2" 0.704778638400286 0 0.597046541469582 0.152887952688983 0.291089989574838 0.241737078648626 0.315186588910557 0.692229647290038 0.768252454246048 0.692229647290038 0.564340892373543 0.582179979149676 0.725211235945878 0.96240507106837 0.756756756756757 1.03834447093506 0.839144578176217 0.812610615047184 0.992300527064098 0.906111060229201 0.891482297430846
"3" 0.152887952688983 0.597046541469582 0 0.489480277737158 0.866552407669265 0.721171030493315 0.483474157297252 0.382219881722458 0.432432432432432 0.512801782730007 0.650897004259043 0.94555976673167 0.653137620194301 0.702702702702703 0.920507371131157 0.758684802573957 0.846079775270191 0.929981109950554 0.817986267590354 0.873269968724514 1.14665964516737
"4" 0.616311040594129 0.152887952688983 0.489480277737158 0 0.378378378378378 0.241737078648626 0.170933927576669 0.54054054054054 0.616311040594129 0.54054054054054 0.435797716124246 0.540540540540541 0.582179979149676 0.810810810810811 0.657595949221429 0.886552403613877 0.710970077727887 0.704778638400286 0.846079775270191 0.773936273690614 0.823326822255558
"5" 0.986393923832144 0.291089989574838 0.866552407669265 0.378378378378378 0 0.194894663538594 0.461838040287434 0.873269968724514 0.944013470085026 0.825099325539121 0.611551810755933 0.435797716124246 0.803571283638838 1.08108108108108 0.702702702702703 1.15680727346123 0.854669637883346 0.773936273690614 1.07021566882288 0.929981109950554 0.758684802573957
"6" 0.854669637883346 0.241737078648626 0.721171030493315 0.241737078648626 0.194894663538594 0 0.275622676410421 0.683735710306677 0.752885852820763 0.630373177821114 0.422175658157116 0.341867855153338 0.611551810755933 0.886552403613877 0.551245352820842 0.96240507106837 0.677295356007658 0.616311040594129 0.879936248437822 0.750942918348638 0.657595949221429
"7" 0.630373177821114 0.315186588910557 0.483474157297252 0.170933927576669 0.461838040287434 0.275622676410421 0 0.411663411127779 0.483474157297252 0.382219881722458 0.27027027027027 0.464990554975277 0.411663411127779 0.650897004259043 0.512801782730007 0.727222921463444 0.543236520060589 0.551245352820842 0.677295356007658 0.604342696621565 0.704778638400286
"8" 0.512801782730007 0.692229647290038 0.382219881722458 0.54054054054054 0.873269968724514 0.683735710306677 0.411663411127779 0 0.0764439763444916 0.152887952688983 0.393519453474623 0.764439763444916 0.305775905377967 0.328797974610715 0.630373177821114 0.393519453474623 0.498353754448264 0.616311040594129 0.435797716124246 0.509944926057114 0.871595432248492
"9" 0.551245352820842 0.768252454246048 0.432432432432432 0.616311040594129 0.944013470085026 0.752885852820763 0.483474157297252 0.0764439763444916 0 0.170933927576669 0.435797716124246 0.812610615047184 0.315186588910557 0.27027027027027 0.653137620194301 0.328797974610715 0.498353754448264 0.630373177821114 0.393519453474623 0.498353754448264 0.894753803094424
"10" 0.653137620194301 0.692229647290038 0.512801782730007 0.54054054054054 0.825099325539121 0.630373177821114 0.382219881722458 0.152887952688983 0.170933927576669 0 0.27027027027027 0.648648648648649 0.152887952688983 0.27027027027027 0.483474157297252 0.346114823645019 0.346114823645019 0.464990554975277 0.328797974610715 0.362605617972939 0.725211235945878
"11" 0.803571283638838 0.564340892373543 0.650897004259043 0.435797716124246 0.611551810755933 0.422175658157116 0.27027027027027 0.393519453474623 0.435797716124246 0.27027027027027 0 0.378378378378378 0.194894663538594 0.483474157297252 0.27027027027027 0.556520548161459 0.275622676410421 0.291089989574838 0.45866385806695 0.341867855153338 0.498353754448264
"12" 1.09451117466576 0.582179979149676 0.94555976673167 0.540540540540541 0.435797716124246 0.341867855153338 0.464990554975277 0.764439763444916 0.812610615047184 0.648648648648649 0.378378378378378 0 0.551245352820842 0.839144578176217 0.305775905377967 0.906111060229201 0.509944926057114 0.382219881722458 0.773936273690614 0.584683990615782 0.324324324324324
"13" 0.7980985437964 0.725211235945878 0.653137620194301 0.582179979149676 0.803571283638838 0.611551810755933 0.411663411127779 0.305775905377967 0.315186588910557 0.152887952688983 0.194894663538594 0.551245352820842 0 0.291089989574838 0.341867855153338 0.362605617972939 0.194894663538594 0.315186588910557 0.27027027027027 0.222870574357711 0.582179979149676
"14" 0.817986267590354 0.96240507106837 0.702702702702703 0.810810810810811 1.08108108108108 0.886552403613877 0.650897004259043 0.328797974610715 0.27027027027027 0.27027027027027 0.483474157297252 0.839144578176217 0.291089989574838 0 0.594594594594595 0.0764439763444916 0.382219881722458 0.543236520060589 0.152887952688983 0.341867855153338 0.817986267590354
"15" 1.07294233736644 0.756756756756757 0.920507371131157 0.657595949221429 0.702702702702703 0.551245352820842 0.512801782730007 0.630373177821114 0.653137620194301 0.483474157297252 0.27027027027027 0.305775905377967 0.341867855153338 0.594594594594595 0 0.650897004259043 0.222870574357711 0.0764439763444916 0.498353754448264 0.291089989574838 0.241737078648626
"16" 0.866552407669265 1.03834447093506 0.758684802573957 0.886552403613877 1.15680727346123 0.96240507106837 0.727222921463444 0.393519453474623 0.328797974610715 0.346114823645019 0.556520548161459 0.906111060229201 0.362605617972939 0.0764439763444916 0.650897004259043 0 0.432432432432432 0.594594594594595 0.170933927576669 0.382219881722458 0.866552407669265
"17" 0.992300527064098 0.839144578176217 0.846079775270191 0.710970077727887 0.854669637883346 0.677295356007658 0.543236520060589 0.498353754448264 0.498353754448264 0.346114823645019 0.275622676410421 0.509944926057114 0.194894663538594 0.382219881722458 0.222870574357711 0.432432432432432 0 0.162162162162162 0.275622676410421 0.0764439763444916 0.435797716124246
"18" 1.08108108108108 0.812610615047184 0.929981109950554 0.704778638400286 0.773936273690614 0.616311040594129 0.551245352820842 0.616311040594129 0.630373177821114 0.464990554975277 0.291089989574838 0.382219881722458 0.315186588910557 0.543236520060589 0.0764439763444916 0.594594594594595 0.162162162162162 0 0.435797716124246 0.222870574357711 0.275622676410421
"19" 0.944013470085026 0.992300527064098 0.817986267590354 0.846079775270191 1.07021566882288 0.879936248437822 0.677295356007658 0.435797716124246 0.393519453474623 0.328797974610715 0.45866385806695 0.773936273690614 0.27027027027027 0.152887952688983 0.498353754448264 0.170933927576669 0.275622676410421 0.435797716124246 0 0.216216216216216 0.702702702702703
"20" 1.01558347178681 0.906111060229201 0.873269968724514 0.773936273690614 0.929981109950554 0.750942918348638 0.604342696621565 0.509944926057114 0.498353754448264 0.362605617972939 0.341867855153338 0.584683990615782 0.222870574357711 0.341867855153338 0.291089989574838 0.382219881722458 0.0764439763444916 0.222870574357711 0.216216216216216 0 0.486486486486486
"21" 1.29954759785636 0.891482297430846 1.14665964516737 0.823326822255558 0.758684802573957 0.657595949221429 0.704778638400286 0.871595432248492 0.894753803094424 0.725211235945878 0.498353754448264 0.324324324324324 0.582179979149676 0.817986267590354 0.241737078648626 0.866552407669265 0.435797716124246 0.275622676410421 0.702702702702703 0.486486486486486 0
