"V1" "V2" "V3" "V4" "V5" "V6" "V7" "V8" "V9" "V10" "V11" "V12" "V13" "V14" "V15" "V16" "V17" "V18" "V19" "V20" "V21"
"1" 0 0.127775312999988 0.416006279387458 0.63887656499994 0.978128158207068 0.383325938999964 0.255550625999976 0.53908463611752 0.766651877999928 0.745051703451731 0.562791874388349 1.12703330990377 0.688091118788131 0.766651877999928 1.01096034359738 1.01096034359738 1.17247340163904 1.0222025039999 1.21487380716967 1.33401343199186 0.978128158207068
"2" 0.127775312999988 0 0.291372543633873 0.517450579322138 0.859045507335595 0.255550625999976 0.171428571428571 0.41206300291017 0.63887656499994 0.618094504365255 0.471212071499161 0.999591753402052 0.631163486696415 0.668839994898264 0.888934239205945 0.89259996296076 1.0505586463343 0.923171109794486 1.09767844070277 1.21218305346265 0.914285714285714
"3" 0.416006279387458 0.291372543633873 0 0.228571428571429 0.571428571428571 0.0808122035641769 0.307723703264829 0.18070158058105 0.365892813567591 0.365892813567591 0.435187034620795 0.731785627135183 0.666394502268034 0.574278606921194 0.666394502268034 0.69045976991969 0.82412600582034 0.802038219863897 0.894427190999916 0.983122887662014 0.903507902905251
"4" 0.63887656499994 0.517450579322138 0.228571428571429 0 0.342857142857143 0.291372543633873 0.526831111845308 0.242436610692531 0.235606035749581 0.285714285714286 0.565685424949238 0.571428571428571 0.808122035641769 0.63887656499994 0.582745087267747 0.631163486696415 0.722806322324201 0.818161203615792 0.818161203615792 0.87037406924159 0.999591753402052
"5" 0.978128158207068 0.859045507335595 0.571428571428571 0.342857142857143 0 0.631163486696415 0.864728340024089 0.542104741743151 0.365892813567591 0.44629998148038 0.84370417487048 0.457142857142857 1.07816927223504 0.849489642703915 0.615447406529658 0.69045976991969 0.695172860605511 0.951046684405328 0.818161203615792 0.8 1.21218305346265
"6" 0.383325938999964 0.255550625999976 0.0808122035641769 0.291372543633873 0.631163486696415 0 0.235606035749581 0.161624407128354 0.383325938999964 0.365892813567591 0.3614031611621 0.745051703451731 0.588321722342114 0.514285714285714 0.651528814342365 0.666394502268034 0.81215259448868 0.751596939312338 0.872247858427071 0.973107792338652 0.832012558774916
"7" 0.255550625999976 0.171428571428571 0.307723703264829 0.526831111845308 0.864728340024089 0.235606035749581 0 0.347586430302755 0.582745087267747 0.542104741743151 0.307723703264829 0.923171109794486 0.460700442759917 0.511101251999952 0.777226886213454 0.768778516975641 0.937212540963241 0.766651877999928 0.969746442770122 1.09767844070277 0.742857142857143
"8" 0.53908463611752 0.41206300291017 0.18070158058105 0.242436610692531 0.542104741743151 0.161624407128354 0.347586430302755 0 0.235606035749581 0.206031501455085 0.323248814256707 0.588321722342114 0.565685424949238 0.416006279387458 0.491561443831007 0.511101251999952 0.651528814342365 0.628571428571429 0.715997947779524 0.81215259448868 0.766651877999928
"9" 0.766651877999928 0.63887656499994 0.365892813567591 0.235606035749581 0.365892813567591 0.383325938999964 0.582745087267747 0.235606035749581 0 0.0808122035641769 0.488228785446716 0.365892813567591 0.715997947779524 0.484873221385061 0.347586430302755 0.4 0.488228785446716 0.615447406529658 0.582745087267747 0.63887656499994 0.849489642703915
"10" 0.745051703451731 0.618094504365255 0.365892813567591 0.285714285714286 0.44629998148038 0.365892813567591 0.542104741743151 0.206031501455085 0.0808122035641769 0 0.416006279387458 0.383325938999964 0.63887656499994 0.404061017820884 0.307723703264829 0.347586430302755 0.460700442759917 0.542104741743151 0.542104741743151 0.618094504365255 0.768778516975641
"11" 0.562791874388349 0.471212071499161 0.435187034620795 0.565685424949238 0.84370417487048 0.3614031611621 0.307723703264829 0.323248814256707 0.488228785446716 0.416006279387458 0 0.745051703451731 0.242436610692531 0.206031501455085 0.542104741743151 0.511101251999952 0.69045976991969 0.460700442759917 0.697517463756212 0.84370417487048 0.471212071499161
"12" 1.12703330990377 0.999591753402052 0.731785627135183 0.571428571428571 0.457142857142857 0.745051703451731 0.923171109794486 0.588321722342114 0.365892813567591 0.383325938999964 0.745051703451731 0 0.921400885519834 0.63887656499994 0.255550625999976 0.333197251134017 0.255550625999976 0.618094504365255 0.383325938999964 0.342857142857143 0.945882591842677
"13" 0.688091118788131 0.631163486696415 0.666394502268034 0.808122035641769 1.07816927223504 0.588321722342114 0.460700442759917 0.565685424949238 0.715997947779524 0.63887656499994 0.242436610692531 0.921400885519834 0 0.285714285714286 0.685714285714286 0.631163486696415 0.808122035641769 0.460700442759917 0.777226886213454 0.942424142998322 0.291372543633873
"14" 0.766651877999928 0.668839994898264 0.574278606921194 0.63887656499994 0.849489642703915 0.514285714285714 0.511101251999952 0.416006279387458 0.484873221385061 0.404061017820884 0.206031501455085 0.63887656499994 0.285714285714286 0 0.4 0.347586430302755 0.526831111845308 0.255550625999976 0.511101251999952 0.668839994898264 0.365892813567591
"15" 1.01096034359738 0.888934239205945 0.666394502268034 0.582745087267747 0.615447406529658 0.651528814342365 0.777226886213454 0.491561443831007 0.347586430302755 0.307723703264829 0.542104741743151 0.255550625999976 0.685714285714286 0.4 0 0.0808122035641769 0.161624407128354 0.365892813567591 0.235606035749581 0.323248814256707 0.69045976991969
"16" 1.01096034359738 0.89259996296076 0.69045976991969 0.631163486696415 0.69045976991969 0.666394502268034 0.768778516975641 0.511101251999952 0.4 0.347586430302755 0.511101251999952 0.333197251134017 0.631163486696415 0.347586430302755 0.0808122035641769 0 0.18070158058105 0.285714285714286 0.206031501455085 0.333197251134017 0.615447406529658
"17" 1.17247340163904 1.0505586463343 0.82412600582034 0.722806322324201 0.695172860605511 0.81215259448868 0.937212540963241 0.651528814342365 0.488228785446716 0.460700442759917 0.69045976991969 0.255550625999976 0.808122035641769 0.526831111845308 0.161624407128354 0.18070158058105 0 0.416006279387458 0.127775312999988 0.161624407128354 0.762380803664362
"18" 1.0222025039999 0.923171109794486 0.802038219863897 0.818161203615792 0.951046684405328 0.751596939312338 0.766651877999928 0.628571428571429 0.615447406529658 0.542104741743151 0.460700442759917 0.618094504365255 0.460700442759917 0.255550625999976 0.365892813567591 0.285714285714286 0.416006279387458 0 0.342857142857143 0.514285714285714 0.347586430302755
"19" 1.21487380716967 1.09767844070277 0.894427190999916 0.818161203615792 0.818161203615792 0.872247858427071 0.969746442770122 0.715997947779524 0.582745087267747 0.542104741743151 0.697517463756212 0.383325938999964 0.777226886213454 0.511101251999952 0.235606035749581 0.206031501455085 0.127775312999988 0.342857142857143 0 0.171428571428571 0.688091118788131
"20" 1.33401343199186 1.21218305346265 0.983122887662014 0.87037406924159 0.8 0.973107792338652 1.09767844070277 0.81215259448868 0.63887656499994 0.618094504365255 0.84370417487048 0.342857142857143 0.942424142998322 0.668839994898264 0.323248814256707 0.333197251134017 0.161624407128354 0.514285714285714 0.171428571428571 0 0.859045507335595
"21" 0.978128158207068 0.914285714285714 0.903507902905251 0.999591753402052 1.21218305346265 0.832012558774916 0.742857142857143 0.766651877999928 0.849489642703915 0.768778516975641 0.471212071499161 0.945882591842677 0.291372543633873 0.365892813567591 0.69045976991969 0.615447406529658 0.762380803664362 0.347586430302755 0.688091118788131 0.859045507335595 0
