"V1" "V2" "V3" "V4" "V5" "V6" "V7" "V8" "V9" "V10" "V11" "V12" "V13" "V14" "V15" "V16" "V17" "V18" "V19" "V20" "V21" "V22" "V23" "V24" "V25" "V26" "V27" "V28" "V29" "V30" "V31" "V32" "V33" "V34" "V35" "V36" "V37" "V38" "V39" "V40" "V41" "V42" "V43" "V44" "V45" "V46" "V47" "V48" "V49" "V50" "V51" "V52" "V53" "V54" "V55" "V56" "V57" "V58" "V59" "V60" "V61" "V62" "V63" "V64" "V65" "V66" "V67" "V68" "V69" "V70" "V71" "V72" "V73" "V74" "V75" "V76" "V77" "V78" "V79" "V80" "V81" "V82" "V83" "V84"
"1" 0 0.923076923076923 0.16216808513684 0.311936540015293 0.413449115297362 0.515378236980558 0.668636144123349 0.114670152692297 0.229340305384594 0.472797151656045 0.438154038221412 0.584705346204686 0.93580962004588 0.229340305384594 0.256410256410256 0.505069630861339 0.64867234054736 0.697511308140279 0.895602522901178 0.261488180184245 0.328365345509377 0.527981032871128 0.666666666666667 0.8108404256842 0.958027779090739 0.400525624405469 0.413449115297362 0.472797151656045 0.942809041582063 0.990420918760408 0.413449115297362 0.545135682704341 0.580190179435116 0.617517670707297 0.697511308140279 1.01013926172268 0.461538461538462 0.472797151656045 0.617517670707297 0.652713951864505 0.769230769230769 0.85350343472273 0.897069522283892 0.573350763461485 0.762362499862487 0.967587808416062 0.762362499862487 1.08179605690918 0.617517670707297 0.634323942402717 0.907272103228417 0.674510073741841 0.697511308140279 0.8108404256842 0.979742214079118 1.05720657067119 1.13864632364998 0.719777889621446 0.734247234014172 0.979742214079118 1.05221971941965 0.784464540552736 1.05221971941965 1.12470318971596 0.826898230594723 0.895602522901178 0.967587808416062 1.12470318971596 1.19719154153115 1.23503534141459 0.873301864919303 0.877807321467882 1.03838239647777 1.26968393878358 0.924500327042049 0.928757450065376 0.93580962004588 0.97300851082104 1.01013926172268 1.05596206574226 1.20157687321641 1.26968393878358 1.34217972597973 1.18060148033039
"2" 0.923076923076923 0 0.770938275813995 0.617517670707297 0.515378236980558 0.413449115297362 0.261488180184245 0.877807321467882 0.725237724293895 0.472797151656045 0.535400333790285 0.39055246696738 0.153846153846154 0.845765256536956 0.796111522885129 0.505069630861339 0.369800130816819 0.328365345509377 0.211441314134239 0.908720263931762 0.762362499862487 0.527981032871128 0.400525624405469 0.299023174094631 0.256410256410256 0.734247234014172 0.802691068846078 0.71243302509999 0.362618862146947 0.358974358974359 0.963502268105433 0.697511308140279 0.656730691018754 0.617517670707297 0.545135682704341 0.41025641025641 1.03203137423067 0.941413320547991 0.689929438311472 0.652713951864505 0.554700196225229 0.505069630861339 0.48650425541052 0.841088177787524 0.625977211063267 0.522976360368491 0.697511308140279 0.564102564102564 1.06711036136845 0.98509603652813 0.666666666666667 1.05720657067119 0.979742214079118 0.8108404256842 0.697511308140279 0.674510073741841 0.666666666666667 1.12937002797668 1.05221971941965 0.762362499862487 0.734247234014172 1.08785658644084 0.796111522885129 0.776038253867772 1.16038035887023 0.995717325074236 0.917361221538375 0.834811312620498 0.822113822660584 0.82051282051282 1.23290413129962 1.19719154153115 0.942809041582063 0.871794871794872 1.26968393878358 1.23503534141459 1.20157687321641 1.10940039245046 1.05596206574226 1.01013926172268 0.93580962004588 0.924500327042048 0.924500327042049 1.0075324463789
"3" 0.16216808513684 0.770938275813995 0 0.153846153846154 0.256410256410256 0.358974358974359 0.512820512820513 0.114670152692297 0.0725237724293895 0.311936540015293 0.276162297801769 0.422882628268478 0.776038253867772 0.16216808513684 0.153846153846154 0.344010458076891 0.48650425541052 0.535400333790285 0.734247234014172 0.229340305384594 0.211441314134239 0.369800130816819 0.505069630861339 0.64867234054736 0.796111522885129 0.276162297801769 0.311936540015293 0.344010458076891 0.78110493393476 0.828486893405308 0.373338968681052 0.413449115297362 0.441144885489365 0.472797151656046 0.545135682704341 0.848868992679326 0.438154038221412 0.413449115297362 0.483793904208031 0.512820512820513 0.617517670707297 0.697511308140279 0.739600261633639 0.472797151656045 0.617517670707297 0.8108404256842 0.625977211063267 0.924500327042048 0.573350763461485 0.564102564102564 0.762362499862487 0.617517670707297 0.617517670707297 0.688020916153781 0.834811312620498 0.907272103228417 0.98509603652813 0.674510073741841 0.666666666666667 0.841088177787524 0.907272103228417 0.717948717948718 0.913050964859736 0.979742214079118 0.770938275813995 0.796111522885129 0.848868992679325 0.98509603652813 1.05221971941965 1.08785658644084 0.826898230594723 0.822113822660584 0.917361221538375 1.12470318971596 0.877807321467882 0.873301864919303 0.871794871794872 0.885265461622157 0.908720263931762 0.942809041582063 1.06711036136845 1.12937002797668 1.19719154153115 1.05596206574226
"4" 0.311936540015293 0.617517670707297 0.153846153846154 0 0.102564102564103 0.205128205128205 0.358974358974359 0.261488180184245 0.114670152692297 0.16216808513684 0.145047544858779 0.276162297801769 0.623873080030587 0.256410256410256 0.217571317288168 0.217571317288168 0.344010458076891 0.39055246696738 0.584705346204686 0.328365345509377 0.229340305384594 0.256410256410256 0.369800130816819 0.505069630861339 0.64867234054736 0.261488180184245 0.32433617027368 0.307692307692308 0.642562260827778 0.688020916153781 0.441144885489365 0.362618862146947 0.373338968681052 0.39055246696738 0.441144885489365 0.71243302509999 0.512820512820513 0.458680610769188 0.422882628268478 0.438154038221412 0.512820512820513 0.580190179435116 0.617517670707297 0.464378725032688 0.527981032871128 0.689929438311472 0.552324595603539 0.801051248810939 0.61964338326126 0.584705346204686 0.668636144123349 0.64867234054736 0.623873080030587 0.634323942402717 0.739600261633639 0.801051248810939 0.870285269152674 0.714276321906878 0.684187900724427 0.757170413345303 0.8108404256842 0.734247234014172 0.826898230594723 0.882289770978731 0.796111522885129 0.770938275813995 0.796111522885129 0.897069522283892 0.953901294242988 0.98509603652813 0.859643826371293 0.845765256536956 0.859643826371293 1.02564102564103 0.908720263931762 0.895602522901178 0.885265461622157 0.871794871794872 0.877807321467882 0.895602522901178 0.986429951880582 1.03838239647777 1.09748382354014 0.990420918760409
"5" 0.413449115297362 0.515378236980558 0.256410256410256 0.102564102564103 0 0.102564102564103 0.256410256410256 0.362618862146947 0.211441314134239 0.0725237724293895 0.102564102564103 0.18490006540841 0.522976360368491 0.344010458076891 0.299023174094631 0.16216808513684 0.256410256410256 0.299023174094631 0.48650425541052 0.413449115297362 0.290095089717558 0.211441314134239 0.290095089717558 0.413449115297362 0.552324595603539 0.299023174094631 0.369800130816819 0.32433617027368 0.554700196225229 0.598046348189262 0.507666407005726 0.362618862146947 0.358974358974359 0.362618862146947 0.39055246696738 0.625977211063267 0.580190179435116 0.512820512820513 0.41025641025641 0.413449115297362 0.458680610769188 0.512820512820513 0.545135682704341 0.48650425541052 0.48650425541052 0.617517670707297 0.522976360368491 0.725237724293895 0.668636144123349 0.61964338326126 0.61964338326126 0.688020916153781 0.64867234054736 0.617517670707297 0.688020916153781 0.739600261633639 0.801051248810939 0.757170413345303 0.714276321906878 0.714276321906878 0.757170413345303 0.762362499862487 0.78110493393476 0.826898230594723 0.828486893405308 0.770938275813995 0.776038253867772 0.848868992679325 0.897069522283892 0.924500327042048 0.895602522901178 0.876308076442824 0.834811312620498 0.967587808416062 0.942809041582063 0.924500327042049 0.908720263931762 0.877807321467882 0.871794871794872 0.877807321467882 0.942809041582063 0.986429951880582 1.03838239647777 0.958027779090739
"6" 0.515378236980558 0.413449115297362 0.358974358974359 0.205128205128205 0.102564102564103 0 0.153846153846154 0.464378725032688 0.311936540015293 0.0725237724293895 0.145047544858779 0.114670152692297 0.422882628268478 0.438154038221412 0.39055246696738 0.16216808513684 0.18490006540841 0.217571317288168 0.39055246696738 0.505069630861339 0.369800130816819 0.211441314134239 0.229340305384594 0.328365345509377 0.458680610769188 0.362618862146947 0.435142634576337 0.369800130816819 0.472797151656046 0.512820512820513 0.584705346204686 0.39055246696738 0.373338968681052 0.362618862146947 0.362618862146947 0.545135682704341 0.656730691018754 0.580190179435116 0.422882628268478 0.413449115297362 0.422882628268478 0.458680610769188 0.483793904208031 0.527981032871128 0.464378725032688 0.554700196225229 0.512820512820513 0.656730691018754 0.728854892489841 0.668636144123349 0.584705346204686 0.739600261633639 0.688020916153781 0.617517670707297 0.64867234054736 0.688020916153781 0.739600261633639 0.8108404256842 0.757170413345303 0.684187900724427 0.714276321906878 0.802691068846078 0.746677937362104 0.78110493393476 0.871794871794872 0.784464540552736 0.769230769230769 0.8108404256842 0.848868992679326 0.871794871794872 0.941413320547991 0.917361221538375 0.822113822660584 0.917361221538375 0.986429951880582 0.963502268105433 0.942809041582063 0.895602522901178 0.877807321467882 0.871794871794872 0.908720263931762 0.942809041582063 0.986429951880582 0.93580962004588
"7" 0.668636144123349 0.261488180184245 0.512820512820513 0.358974358974359 0.256410256410256 0.153846153846154 0 0.617517670707297 0.464378725032688 0.211441314134239 0.276162297801769 0.145047544858779 0.276162297801769 0.584705346204686 0.535400333790285 0.256410256410256 0.16216808513684 0.153846153846154 0.256410256410256 0.64867234054736 0.505069630861339 0.290095089717558 0.211441314134239 0.229340305384594 0.328365345509377 0.483793904208031 0.554700196225229 0.472797151656046 0.369800130816819 0.400525624405469 0.71243302509999 0.472797151656045 0.441144885489365 0.413449115297362 0.373338968681052 0.441144885489365 0.782786539614038 0.697511308140279 0.483793904208031 0.458680610769188 0.413449115297362 0.413449115297362 0.422882628268478 0.617517670707297 0.472797151656045 0.48650425541052 0.535400333790285 0.573350763461485 0.834811312620498 0.762362499862487 0.564102564102564 0.834811312620498 0.769230769230769 0.64867234054736 0.617517670707297 0.634323942402717 0.666666666666667 0.907272103228417 0.841088177787524 0.666666666666667 0.674510073741841 0.882289770978731 0.719777889621446 0.734247234014172 0.953901294242988 0.828486893405308 0.784464540552736 0.776038253867772 0.796111522885129 0.8108404256842 1.02564102564103 0.995717325074236 0.826898230594723 0.859643826371293 1.06711036136845 1.03838239647777 1.01144014991364 0.942809041582063 0.908720263931762 0.885265461622157 0.877807321467882 0.895602522901178 0.924500327042049 0.923076923076923
"8" 0.114670152692297 0.877807321467882 0.114670152692297 0.261488180184245 0.362618862146947 0.464378725032688 0.617517670707297 0 0.153846153846154 0.41025641025641 0.362618862146947 0.515378236980558 0.873301864919303 0.114670152692297 0.145047544858779 0.422882628268478 0.573350763461485 0.623873080030587 0.826898230594723 0.153846153846154 0.217571317288168 0.438154038221412 0.584705346204686 0.734247234014172 0.885265461622157 0.290095089717558 0.299023174094631 0.362618862146947 0.859643826371293 0.908720263931762 0.307692307692308 0.435142634576337 0.472797151656046 0.512820512820513 0.598046348189262 0.924500327042049 0.362618862146947 0.362618862146947 0.507666407005726 0.545135682704341 0.668636144123349 0.757170413345303 0.802691068846078 0.458680610769188 0.656730691018754 0.871794871794872 0.652713951864505 0.986429951880582 0.512820512820513 0.522976360368491 0.801051248810939 0.566428770112167 0.584705346204686 0.697511308140279 0.873301864919303 0.953901294242988 1.03838239647777 0.615384615384615 0.623873080030587 0.870285269152674 0.945594303312091 0.674510073741841 0.942809041582063 1.01791965339893 0.719777889621446 0.78110493393476 0.85350343472273 1.01533281401145 1.09027136540868 1.12937002797668 0.769230769230769 0.770938275813995 0.924500327042049 1.16264451782099 0.82051282051282 0.822113822660584 0.826898230594723 0.859643826371293 0.895602522901178 0.941413320547991 1.09027136540868 1.16038035887023 1.23503534141459 1.06711036136845
"9" 0.229340305384594 0.725237724293895 0.0725237724293895 0.114670152692297 0.211441314134239 0.311936540015293 0.464378725032688 0.153846153846154 0 0.256410256410256 0.211441314134239 0.362618862146947 0.719777889621446 0.145047544858779 0.114670152692297 0.276162297801769 0.422882628268478 0.472797151656045 0.674510073741841 0.217571317288168 0.153846153846154 0.299023174094631 0.438154038221412 0.584705346204686 0.734247234014172 0.211441314134239 0.256410256410256 0.276162297801769 0.714276321906878 0.762362499862487 0.344010458076891 0.344010458076891 0.369800130816819 0.400525624405469 0.472797151656046 0.78110493393476 0.413449115297362 0.373338968681052 0.413449115297362 0.441144885489365 0.545135682704341 0.625977211063267 0.668636144123349 0.413449115297362 0.545135682704341 0.739600261633639 0.554700196225229 0.85350343472273 0.535400333790285 0.515378236980559 0.689929438311472 0.573350763461485 0.564102564102564 0.61964338326126 0.762362499862487 0.834811312620498 0.913050964859736 0.634323942402717 0.617517670707297 0.769230769230769 0.834811312620498 0.668636144123349 0.841088177787524 0.907272103228417 0.725237724293895 0.734247234014172 0.78110493393476 0.913050964859736 0.979742214079118 1.01533281401145 0.784464540552736 0.776038253867772 0.848868992679326 1.05221971941965 0.834811312620498 0.826898230594723 0.822113822660584 0.826898230594723 0.845765256536956 0.876308076442824 0.995717325074236 1.0572065706712 1.12470318971596 0.986429951880582
"10" 0.472797151656045 0.472797151656045 0.311936540015293 0.16216808513684 0.0725237724293895 0.0725237724293895 0.211441314134239 0.41025641025641 0.256410256410256 0 0.0725237724293895 0.114670152692297 0.464378725032688 0.373338968681052 0.32433617027368 0.102564102564103 0.18490006540841 0.229340305384594 0.422882628268478 0.438154038221412 0.299023174094631 0.153846153846154 0.217571317288169 0.344010458076891 0.48650425541052 0.290095089717558 0.362618862146947 0.299023174094631 0.483793904208031 0.527981032871128 0.512820512820513 0.32433617027368 0.311936540015293 0.307692307692308 0.32433617027368 0.554700196225229 0.584705346204686 0.507666407005726 0.362618862146947 0.358974358974359 0.39055246696738 0.441144885489365 0.472797151656045 0.458680610769188 0.422882628268478 0.545135682704341 0.464378725032688 0.652713951864505 0.656730691018754 0.598046348189262 0.552324595603539 0.668636144123349 0.61964338326126 0.564102564102564 0.61964338326126 0.668636144123349 0.728854892489841 0.739600261633639 0.688020916153781 0.64867234054736 0.688020916153781 0.734247234014172 0.714276321906878 0.757170413345303 0.802691068846078 0.725237724293895 0.719777889621446 0.78110493393476 0.826898230594723 0.85350343472273 0.871794871794872 0.848868992679326 0.776038253867772 0.897069522283892 0.917361221538375 0.895602522901178 0.876308076442824 0.834811312620498 0.822113822660584 0.822113822660584 0.876308076442824 0.917361221538375 0.967587808416062 0.895602522901178
"11" 0.438154038221412 0.535400333790285 0.276162297801769 0.145047544858779 0.102564102564103 0.145047544858779 0.276162297801769 0.362618862146947 0.211441314134239 0.0725237724293895 0 0.153846153846154 0.512820512820513 0.311936540015293 0.261488180184245 0.0725237724293895 0.211441314134239 0.261488180184245 0.464378725032688 0.373338968681052 0.229340305384594 0.114670152692297 0.229340305384594 0.373338968681052 0.522976360368491 0.217571317288168 0.290095089717558 0.229340305384594 0.505069630861339 0.552324595603539 0.441144885489365 0.261488180184245 0.256410256410256 0.261488180184245 0.299023174094631 0.573350763461485 0.512820512820513 0.435142634576337 0.307692307692308 0.311936540015293 0.369800130816819 0.435142634576337 0.472797151656045 0.39055246696738 0.39055246696738 0.545135682704341 0.422882628268478 0.656730691018754 0.584705346204686 0.527981032871128 0.527981032871128 0.598046348189262 0.552324595603539 0.515378236980558 0.598046348189262 0.656730691018754 0.725237724293895 0.668636144123349 0.61964338326126 0.61964338326126 0.668636144123349 0.666666666666667 0.688020916153781 0.739600261633639 0.734247234014172 0.668636144123349 0.674510073741841 0.757170413345303 0.8108404256842 0.841088177787524 0.802691068846078 0.78110493393476 0.734247234014172 0.882289770978731 0.848868992679326 0.828486893405308 0.8108404256842 0.776038253867772 0.769230769230769 0.776038253867772 0.848868992679325 0.897069522283892 0.953901294242988 0.859643826371293
"12" 0.584705346204686 0.39055246696738 0.422882628268478 0.276162297801769 0.18490006540841 0.114670152692297 0.145047544858779 0.515378236980558 0.362618862146947 0.114670152692297 0.153846153846154 0 0.358974358974359 0.464378725032688 0.413449115297362 0.114670152692297 0.0725237724293895 0.114670152692297 0.311936540015293 0.522976360368491 0.373338968681052 0.145047544858779 0.114670152692297 0.229340305384594 0.373338968681052 0.344010458076891 0.413449115297362 0.328365345509377 0.369800130816819 0.413449115297362 0.573350763461485 0.328365345509377 0.299023174094631 0.276162297801769 0.256410256410256 0.441144885489365 0.642562260827778 0.554700196225229 0.344010458076891 0.32433617027368 0.311936540015293 0.344010458076891 0.369800130816819 0.472797151656045 0.358974358974359 0.441144885489365 0.413449115297362 0.545135682704341 0.689929438311472 0.617517670707297 0.472797151656046 0.689929438311472 0.625977211063267 0.522976360368491 0.535400333790285 0.573350763461485 0.625977211063267 0.762362499862487 0.697511308140279 0.573350763461485 0.600241021062545 0.739600261633639 0.634323942402717 0.666666666666667 0.8108404256842 0.697511308140279 0.668636144123349 0.697511308140279 0.734247234014172 0.757170413345303 0.882289770978731 0.85350343472273 0.717948717948718 0.802691068846078 0.924500327042048 0.897069522283892 0.871794871794872 0.8108404256842 0.784464540552736 0.770938275813995 0.796111522885129 0.828486893405308 0.871794871794872 0.826898230594723
"13" 0.93580962004588 0.153846153846154 0.776038253867772 0.623873080030587 0.522976360368491 0.422882628268478 0.276162297801769 0.873301864919303 0.719777889621446 0.464378725032688 0.512820512820513 0.358974358974359 0 0.822113822660584 0.770938275813995 0.464378725032688 0.311936540015293 0.261488180184245 0.0725237724293895 0.877807321467882 0.725237724293895 0.472797151656045 0.32433617027368 0.18490006540841 0.102564102564103 0.684187900724427 0.746677937362104 0.64867234054736 0.211441314134239 0.205128205128205 0.908720263931762 0.61964338326126 0.573350763461485 0.527981032871128 0.441144885489365 0.256410256410256 0.97300851082104 0.876308076442824 0.598046348189262 0.554700196225229 0.435142634576337 0.369800130816819 0.344010458076891 0.757170413345303 0.507666407005726 0.373338968681052 0.580190179435116 0.41025641025641 0.986429951880582 0.897069522283892 0.527981032871128 0.967587808416062 0.882289770978731 0.689929438311472 0.552324595603539 0.522976360368491 0.512820512820513 1.03838239647777 0.953901294242988 0.61964338326126 0.584705346204686 0.98509603652813 0.64867234054736 0.623873080030587 1.05720657067119 0.873301864919303 0.782786539614038 0.684187900724427 0.668636144123349 0.666666666666667 1.12937002797668 1.09027136540868 0.802691068846078 0.717948717948718 1.16264451782099 1.12470318971596 1.08785658644084 0.98509603652813 0.924500327042048 0.871794871794872 0.784464540552736 0.770938275813995 0.770938275813995 0.859643826371293
"14" 0.229340305384594 0.845765256536956 0.16216808513684 0.256410256410256 0.344010458076891 0.438154038221412 0.584705346204686 0.114670152692297 0.145047544858779 0.373338968681052 0.311936540015293 0.464378725032688 0.822113822660584 0 0.0512820512820513 0.358974358974359 0.512820512820513 0.564102564102564 0.769230769230769 0.0725237724293895 0.114670152692297 0.362618862146947 0.515378236980559 0.668636144123349 0.822113822660584 0.18490006540841 0.18490006540841 0.256410256410256 0.784464540552736 0.834811312620498 0.211441314134239 0.328365345509377 0.369800130816819 0.413449115297362 0.505069630861339 0.845765256536956 0.276162297801769 0.256410256410256 0.400525624405469 0.441144885489365 0.573350763461485 0.666666666666667 0.714276321906878 0.344010458076891 0.554700196225229 0.78110493393476 0.545135682704341 0.895602522901178 0.413449115297362 0.413449115297362 0.697511308140279 0.461538461538462 0.472797151656045 0.584705346204686 0.769230769230769 0.85350343472273 0.941413320547991 0.515378236980558 0.515378236980558 0.762362499862487 0.841088177787524 0.566428770112167 0.834811312620498 0.913050964859736 0.615384615384615 0.666666666666667 0.739600261633639 0.907272103228417 0.985096036528131 1.02564102564103 0.668636144123349 0.666666666666667 0.8108404256842 1.0572065706712 0.719777889621446 0.717948717948718 0.719777889621446 0.746677937362104 0.78110493393476 0.826898230594723 0.979742214079118 1.05221971941965 1.12937002797668 0.953901294242988
"15" 0.256410256410256 0.796111522885129 0.153846153846154 0.217571317288168 0.299023174094631 0.39055246696738 0.535400333790285 0.145047544858779 0.114670152692297 0.32433617027368 0.261488180184245 0.413449115297362 0.770938275813995 0.0512820512820513 0 0.307692307692308 0.461538461538462 0.512820512820513 0.717948717948718 0.114670152692297 0.0725237724293895 0.311936540015293 0.464378725032688 0.617517670707297 0.770938275813995 0.145047544858779 0.16216808513684 0.217571317288168 0.734247234014172 0.784464540552736 0.229340305384594 0.290095089717558 0.328365345509377 0.369800130816819 0.458680610769188 0.796111522885129 0.299023174094631 0.261488180184245 0.362618862146947 0.400525624405469 0.527981032871128 0.61964338326126 0.666666666666667 0.32433617027368 0.512820512820513 0.734247234014172 0.507666407005726 0.848868992679326 0.422882628268478 0.41025641025641 0.656730691018754 0.464378725032688 0.464378725032688 0.554700196225229 0.728854892489841 0.8108404256842 0.897069522283892 0.522976360368491 0.512820512820513 0.725237724293895 0.801051248810939 0.564102564102564 0.797761496723284 0.873301864919303 0.617517670707297 0.64867234054736 0.71243302509999 0.870285269152674 0.945594303312091 0.98509603652813 0.674510073741841 0.668636144123349 0.782786539614038 1.01791965339893 0.725237724293895 0.719777889621446 0.717948717948718 0.734247234014172 0.762362499862487 0.802691068846078 0.945594303312091 1.01533281401145 1.09027136540868 0.924500327042048
"16" 0.505069630861339 0.505069630861339 0.344010458076891 0.217571317288168 0.16216808513684 0.16216808513684 0.256410256410256 0.422882628268478 0.276162297801769 0.102564102564103 0.0725237724293895 0.114670152692297 0.464378725032688 0.358974358974359 0.307692307692308 0 0.153846153846154 0.205128205128205 0.41025641025641 0.413449115297362 0.261488180184245 0.0512820512820513 0.16216808513684 0.311936540015293 0.464378725032688 0.229340305384594 0.299023174094631 0.217571317288168 0.438154038221412 0.48650425541052 0.458680610769188 0.229340305384594 0.211441314134239 0.205128205128205 0.229340305384594 0.505069630861339 0.527981032871128 0.441144885489365 0.261488180184245 0.256410256410256 0.299023174094631 0.362618862146947 0.400525624405469 0.369800130816819 0.32433617027368 0.472797151656045 0.362618862146947 0.584705346204686 0.580190179435116 0.512820512820513 0.458680610769188 0.584705346204686 0.527981032871128 0.461538461538462 0.527981032871128 0.584705346204686 0.652713951864505 0.656730691018754 0.598046348189262 0.552324595603539 0.598046348189262 0.642562260827778 0.61964338326126 0.668636144123349 0.71243302509999 0.623873080030587 0.617517670707297 0.688020916153781 0.739600261633639 0.769230769230769 0.782786539614038 0.757170413345303 0.674510073741841 0.8108404256842 0.826898230594723 0.802691068846078 0.78110493393476 0.734247234014172 0.719777889621446 0.719777889621446 0.78110493393476 0.826898230594723 0.882289770978731 0.796111522885129
"17" 0.64867234054736 0.369800130816819 0.48650425541052 0.344010458076891 0.256410256410256 0.18490006540841 0.16216808513684 0.573350763461485 0.422882628268478 0.18490006540841 0.211441314134239 0.0725237724293895 0.311936540015293 0.512820512820513 0.461538461538462 0.153846153846154 0 0.0512820512820512 0.256410256410256 0.566428770112167 0.413449115297362 0.16216808513684 0.0512820512820513 0.16216808513684 0.311936540015293 0.373338968681052 0.438154038221412 0.344010458076891 0.299023174094631 0.344010458076891 0.600241021062545 0.328365345509377 0.290095089717558 0.256410256410256 0.211441314134239 0.369800130816819 0.666666666666667 0.573350763461485 0.328365345509377 0.299023174094631 0.256410256410256 0.276162297801769 0.299023174094631 0.472797151656046 0.311936540015293 0.369800130816819 0.373338968681052 0.472797151656045 0.697511308140279 0.617517670707297 0.413449115297362 0.689929438311472 0.617517670707297 0.48650425541052 0.472797151656045 0.505069630861339 0.554700196225229 0.762362499862487 0.689929438311472 0.515378236980558 0.535400333790285 0.728854892489841 0.573350763461485 0.600241021062545 0.801051248810939 0.666666666666667 0.623873080030587 0.634323942402717 0.666666666666667 0.688020916153781 0.873301864919303 0.841088177787524 0.668636144123349 0.734247234014172 0.913050964859736 0.882289770978731 0.85350343472273 0.78110493393476 0.746677937362104 0.725237724293895 0.734247234014172 0.762362499862487 0.802691068846078 0.770938275813995
"18" 0.697511308140279 0.328365345509377 0.535400333790285 0.39055246696738 0.299023174094631 0.217571317288168 0.153846153846154 0.623873080030587 0.472797151656045 0.229340305384594 0.261488180184245 0.114670152692297 0.261488180184245 0.564102564102564 0.512820512820513 0.205128205128205 0.0512820512820512 0 0.205128205128205 0.617517670707297 0.464378725032688 0.211441314134239 0.0725237724293894 0.114670152692297 0.261488180184245 0.422882628268478 0.48650425541052 0.39055246696738 0.256410256410256 0.299023174094631 0.64867234054736 0.369800130816819 0.328365345509377 0.290095089717558 0.229340305384594 0.328365345509377 0.714276321906878 0.61964338326126 0.362618862146947 0.328365345509377 0.261488180184245 0.261488180184245 0.276162297801769 0.512820512820513 0.32433617027368 0.344010458076891 0.39055246696738 0.441144885489365 0.739600261633639 0.656730691018754 0.41025641025641 0.728854892489841 0.652713951864505 0.505069630861339 0.464378725032688 0.48650425541052 0.527981032871128 0.801051248810939 0.725237724293895 0.512820512820513 0.522976360368491 0.762362499862487 0.566428770112167 0.584705346204686 0.834811312620498 0.688020916153781 0.634323942402717 0.623873080030587 0.64867234054736 0.666666666666667 0.907272103228417 0.873301864919303 0.674510073741841 0.714276321906878 0.945594303312091 0.913050964859736 0.882289770978731 0.802691068846078 0.762362499862487 0.734247234014172 0.725237724293895 0.746677937362104 0.78110493393476 0.769230769230769
"19" 0.895602522901178 0.211441314134239 0.734247234014172 0.584705346204686 0.48650425541052 0.39055246696738 0.256410256410256 0.826898230594723 0.674510073741841 0.422882628268478 0.464378725032688 0.311936540015293 0.0725237724293895 0.769230769230769 0.717948717948718 0.41025641025641 0.256410256410256 0.205128205128205 0 0.822113822660584 0.668636144123349 0.413449115297362 0.261488180184245 0.114670152692297 0.0725237724293894 0.623873080030587 0.684187900724427 0.584705346204686 0.153846153846154 0.16216808513684 0.845765256536956 0.552324595603539 0.505069630861339 0.458680610769188 0.369800130816819 0.211441314134239 0.908720263931762 0.8108404256842 0.527981032871128 0.483793904208031 0.362618862146947 0.299023174094631 0.276162297801769 0.688020916153781 0.435142634576337 0.311936540015293 0.507666407005727 0.362618862146947 0.917361221538375 0.826898230594723 0.458680610769188 0.897069522283892 0.8108404256842 0.617517670707297 0.48650425541052 0.464378725032688 0.464378725032688 0.967587808416062 0.882289770978731 0.552324595603539 0.522976360368491 0.913050964859736 0.584705346204686 0.566428770112167 0.985096036528131 0.801051248810939 0.71243302509999 0.623873080030587 0.615384615384615 0.617517670707297 1.0572065706712 1.01791965339893 0.734247234014172 0.668636144123349 1.09027136540868 1.05221971941965 1.01533281401145 0.913050964859736 0.85350343472273 0.802691068846078 0.725237724293895 0.717948717948718 0.725237724293895 0.796111522885129
"20" 0.261488180184245 0.908720263931762 0.229340305384594 0.328365345509377 0.413449115297362 0.505069630861339 0.64867234054736 0.153846153846154 0.217571317288168 0.438154038221412 0.373338968681052 0.522976360368491 0.877807321467882 0.0725237724293895 0.114670152692297 0.413449115297362 0.566428770112167 0.617517670707297 0.822113822660584 0 0.153846153846154 0.41025641025641 0.564102564102564 0.717948717948718 0.871794871794872 0.211441314134239 0.18490006540841 0.276162297801769 0.826898230594723 0.877807321467882 0.153846153846154 0.344010458076891 0.39055246696738 0.438154038221412 0.535400333790285 0.885265461622157 0.211441314134239 0.211441314134239 0.413449115297362 0.458680610769188 0.600241021062545 0.697511308140279 0.746677937362104 0.328365345509377 0.573350763461485 0.8108404256842 0.554700196225229 0.924500327042049 0.358974358974359 0.373338968681052 0.71243302509999 0.413449115297362 0.438154038221412 0.580190179435116 0.782786539614038 0.871794871794872 0.963502268105433 0.461538461538462 0.472797151656046 0.769230769230769 0.85350343472273 0.522976360368491 0.841088177787524 0.924500327042048 0.566428770112167 0.642562260827778 0.728854892489841 0.913050964859736 0.995717325074236 1.03838239647777 0.615384615384615 0.617517670707297 0.801051248810939 1.06711036136845 0.666666666666667 0.668636144123349 0.674510073741841 0.714276321906878 0.757170413345303 0.8108404256842 0.979742214079118 1.05720657067119 1.13864632364998 0.945594303312091
"21" 0.328365345509377 0.762362499862487 0.211441314134239 0.229340305384594 0.290095089717558 0.369800130816819 0.505069630861339 0.217571317288168 0.153846153846154 0.299023174094631 0.229340305384594 0.373338968681052 0.725237724293895 0.114670152692297 0.0725237724293895 0.261488180184245 0.413449115297362 0.464378725032688 0.668636144123349 0.153846153846154 0 0.256410256410256 0.41025641025641 0.564102564102564 0.717948717948718 0.0725237724293895 0.102564102564103 0.145047544858779 0.674510073741841 0.725237724293895 0.217571317288168 0.217571317288168 0.256410256410256 0.299023174094631 0.39055246696738 0.734247234014172 0.290095089717558 0.229340305384594 0.290095089717558 0.328365345509377 0.458680610769188 0.552324595603539 0.600241021062545 0.261488180184245 0.441144885489365 0.666666666666667 0.435142634576337 0.78110493393476 0.39055246696738 0.362618862146947 0.584705346204686 0.422882628268478 0.41025641025641 0.483793904208031 0.656730691018754 0.739600261633639 0.826898230594723 0.48650425541052 0.464378725032688 0.652713951864505 0.728854892489841 0.515378236980558 0.725237724293895 0.801051248810939 0.573350763461485 0.584705346204686 0.642562260827778 0.797761496723284 0.873301864919303 0.913050964859736 0.634323942402717 0.623873080030587 0.71243302509999 0.945594303312091 0.684187900724427 0.674510073741841 0.668636144123349 0.674510073741841 0.697511308140279 0.734247234014172 0.873301864919303 0.942809041582063 1.01791965339893 0.85350343472273
"22" 0.527981032871128 0.527981032871128 0.369800130816819 0.256410256410256 0.211441314134239 0.211441314134239 0.290095089717558 0.438154038221412 0.299023174094631 0.153846153846154 0.114670152692297 0.145047544858779 0.472797151656045 0.362618862146947 0.311936540015293 0.0512820512820513 0.16216808513684 0.211441314134239 0.413449115297362 0.41025641025641 0.256410256410256 0 0.153846153846154 0.307692307692308 0.461538461538462 0.211441314134239 0.276162297801769 0.18490006540841 0.422882628268478 0.472797151656045 0.438154038221412 0.18490006540841 0.16216808513684 0.153846153846154 0.18490006540841 0.48650425541052 0.505069630861339 0.413449115297362 0.211441314134239 0.205128205128205 0.256410256410256 0.328365345509377 0.369800130816819 0.328365345509377 0.276162297801769 0.441144885489365 0.311936540015293 0.554700196225229 0.545135682704341 0.472797151656046 0.413449115297362 0.545135682704341 0.483793904208031 0.41025641025641 0.483793904208031 0.545135682704341 0.617517670707297 0.617517670707297 0.554700196225229 0.505069630861339 0.554700196225229 0.598046348189262 0.573350763461485 0.625977211063267 0.668636144123349 0.573350763461485 0.566428770112167 0.642562260827778 0.697511308140279 0.728854892489841 0.739600261633639 0.71243302509999 0.623873080030587 0.769230769230769 0.782786539614038 0.757170413345303 0.734247234014172 0.684187900724427 0.668636144123349 0.668636144123349 0.734247234014172 0.782786539614038 0.841088177787524 0.746677937362104
"23" 0.666666666666667 0.400525624405469 0.505069630861339 0.369800130816819 0.290095089717558 0.229340305384594 0.211441314134239 0.584705346204686 0.438154038221412 0.217571317288169 0.229340305384594 0.114670152692297 0.32433617027368 0.515378236980559 0.464378725032688 0.16216808513684 0.0512820512820513 0.0725237724293894 0.261488180184245 0.564102564102564 0.41025641025641 0.153846153846154 0 0.153846153846154 0.307692307692308 0.362618862146947 0.422882628268478 0.32433617027368 0.276162297801769 0.32433617027368 0.584705346204686 0.299023174094631 0.256410256410256 0.217571317288169 0.16216808513684 0.344010458076891 0.64867234054736 0.552324595603539 0.290095089717558 0.256410256410256 0.205128205128205 0.229340305384594 0.256410256410256 0.441144885489365 0.261488180184245 0.328365345509377 0.32433617027368 0.435142634576337 0.668636144123349 0.584705346204686 0.362618862146947 0.656730691018754 0.580190179435116 0.438154038221412 0.422882628268478 0.458680610769188 0.512820512820513 0.728854892489841 0.652713951864505 0.464378725032688 0.48650425541052 0.689929438311472 0.522976360368491 0.552324595603539 0.762362499862487 0.61964338326126 0.573350763461485 0.584705346204686 0.61964338326126 0.642562260827778 0.834811312620498 0.801051248810939 0.617517670707297 0.688020916153781 0.873301864919303 0.841088177787524 0.8108404256842 0.734247234014172 0.697511308140279 0.674510073741841 0.684187900724427 0.714276321906878 0.757170413345303 0.719777889621446
"24" 0.8108404256842 0.299023174094631 0.64867234054736 0.505069630861339 0.413449115297362 0.328365345509377 0.229340305384594 0.734247234014172 0.584705346204686 0.344010458076891 0.373338968681052 0.229340305384594 0.18490006540841 0.668636144123349 0.617517670707297 0.311936540015293 0.16216808513684 0.114670152692297 0.114670152692297 0.717948717948718 0.564102564102564 0.307692307692308 0.153846153846154 0 0.153846153846154 0.515378236980558 0.573350763461485 0.472797151656045 0.145047544858779 0.18490006540841 0.734247234014172 0.438154038221412 0.39055246696738 0.344010458076891 0.256410256410256 0.217571317288168 0.796111522885129 0.697511308140279 0.413449115297362 0.369800130816819 0.256410256410256 0.211441314134239 0.205128205128205 0.573350763461485 0.328365345509377 0.261488180184245 0.400525624405469 0.344010458076891 0.802691068846078 0.71243302509999 0.373338968681052 0.782786539614038 0.697511308140279 0.512820512820513 0.413449115297362 0.413449115297362 0.438154038221412 0.85350343472273 0.769230769230769 0.472797151656046 0.461538461538462 0.801051248810939 0.515378236980558 0.515378236980558 0.873301864919303 0.697511308140279 0.61964338326126 0.564102564102564 0.573350763461485 0.584705346204686 0.945594303312091 0.907272103228417 0.64867234054736 0.634323942402717 0.979742214079118 0.942809041582063 0.907272103228417 0.8108404256842 0.757170413345303 0.714276321906878 0.666666666666667 0.674510073741841 0.697511308140279 0.725237724293895
"25" 0.958027779090739 0.256410256410256 0.796111522885129 0.64867234054736 0.552324595603539 0.458680610769188 0.328365345509377 0.885265461622157 0.734247234014172 0.48650425541052 0.522976360368491 0.373338968681052 0.102564102564103 0.822113822660584 0.770938275813995 0.464378725032688 0.311936540015293 0.261488180184245 0.0725237724293894 0.871794871794872 0.717948717948718 0.461538461538462 0.307692307692308 0.153846153846154 0 0.668636144123349 0.725237724293895 0.623873080030587 0.114670152692297 0.102564102564103 0.885265461622157 0.584705346204686 0.535400333790285 0.48650425541052 0.39055246696738 0.153846153846154 0.945594303312091 0.845765256536956 0.552324595603539 0.505069630861339 0.369800130816819 0.290095089717558 0.256410256410256 0.714276321906878 0.441144885489365 0.276162297801769 0.512820512820513 0.307692307692308 0.942809041582063 0.848868992679326 0.441144885489365 0.917361221538375 0.826898230594723 0.617517670707297 0.458680610769188 0.422882628268478 0.41025641025641 0.986429951880582 0.897069522283892 0.527981032871128 0.48650425541052 0.924500327042048 0.552324595603539 0.522976360368491 0.995717325074236 0.797761496723284 0.697511308140279 0.584705346204686 0.566428770112167 0.564102564102564 1.06711036136845 1.02564102564103 0.71243302509999 0.615384615384615 1.09748382354014 1.05720657067119 1.01791965339893 0.907272103228417 0.841088177787524 0.782786539614038 0.684187900724427 0.668636144123349 0.668636144123349 0.762362499862487
"26" 0.400525624405469 0.734247234014172 0.276162297801769 0.261488180184245 0.299023174094631 0.362618862146947 0.483793904208031 0.290095089717558 0.211441314134239 0.290095089717558 0.217571317288168 0.344010458076891 0.684187900724427 0.18490006540841 0.145047544858779 0.229340305384594 0.373338968681052 0.422882628268478 0.623873080030587 0.211441314134239 0.0725237724293895 0.211441314134239 0.362618862146947 0.515378236980558 0.668636144123349 0 0.0725237724293895 0.0725237724293895 0.617517670707297 0.668636144123349 0.229340305384594 0.145047544858779 0.18490006540841 0.229340305384594 0.32433617027368 0.674510073741841 0.299023174094631 0.217571317288168 0.217571317288168 0.256410256410256 0.39055246696738 0.48650425541052 0.535400333790285 0.205128205128205 0.369800130816819 0.600241021062545 0.362618862146947 0.714276321906878 0.369800130816819 0.32433617027368 0.512820512820513 0.39055246696738 0.362618862146947 0.413449115297362 0.584705346204686 0.668636144123349 0.757170413345303 0.458680610769188 0.422882628268478 0.580190179435116 0.656730691018754 0.472797151656045 0.652713951864505 0.728854892489841 0.535400333790285 0.522976360368491 0.573350763461485 0.725237724293895 0.801051248810939 0.841088177787524 0.600241021062545 0.584705346204686 0.642562260827778 0.873301864919303 0.64867234054736 0.634323942402717 0.623873080030587 0.617517670707297 0.634323942402717 0.666666666666667 0.801051248810939 0.870285269152674 0.945594303312091 0.782786539614038
