"V1" "V2" "V3" "V4" "V5" "V6" "V7" "V8" "V9" "V10" "V11" "V12" "V13" "V14" "V15" "V16" "V17" "V18" "V19" "V20" "V21" "V22" "V23" "V24" "V25" "V26" "V27" "V28" "V29" "V30" "V31" "V32" "V33" "V34" "V35" "V36" "V37" "V38" "V39" "V40" "V41" "V42"
"1" 0 0.333324210357777 0.84909634996059 0.271215354158794 0.411821371719423 0.251877158541358 0.211843201433278 0.320822895726118 0.690993524434127 0.137333058045158 0.813325471918123 0.339266963535452 0.657571026164531 0.183599951518662 0.832391322422993 0.195527477484909 0.216275743816457 0.595695270105897 0.249152232385818 0.839475838490041 0.540080265275672 0.564535985649846 0.941534707461535 0.214353438153465 0.780592071090308 0.349968598885742 0.386619292994547 0.0811327101569826 0.972782527349921 0.694649230376954 0.421273813019466 0.256097256767601 0.423375576953858 0.577649152073769 0.706033419374812 0.616108913040578 0.753409426823642 0.866663285442593 0.502491661905528 0.201047976929097 0.497741549019908 0.677725339053512
"2" 0.333324210357777 0 0.711725588309168 0.344884935956241 0.0911068356257042 0.303635622736528 0.501801420940188 0.468674827385689 0.850104198767404 0.470084093706196 0.819142401411415 0.609783289045496 0.85911542422806 0.477491731809466 0.698531669541508 0.25501767590379 0.464708546914656 0.728018845285602 0.316520316250862 0.781351541335699 0.820257064097183 0.718997223222907 0.881276577689557 0.171127939695102 0.481894464138931 0.241163173342053 0.424954172914053 0.289601072235497 0.944165458498099 0.742069139975202 0.567241479259108 0.179955688914016 0.1370712439679 0.540074820306976 0.428549083123535 0.665747736125895 0.791750499133027 0.750205764737091 0.175623232130961 0.230915004535011 0.699548357356382 0.743779684733085
"3" 0.84909634996059 0.711725588309168 0 0.589257132296075 0.750196695114947 0.599008597398069 0.830668976521193 0.621743185817873 0.690260972721176 0.923295271639432 0.351681679425641 0.829917187770071 0.787245950307915 0.830312319925817 0.0176465610344984 0.918089205635921 0.760126337648228 0.594042051988238 0.604301963590166 0.199891926556881 0.95494137347125 0.63587890159098 0.243791476689198 0.668115495424846 0.489593384215677 0.515671691841001 0.492595887122245 0.768140369835083 0.343029395379026 0.423832742288271 0.604876188198511 0.874804175904577 0.584917386374618 0.306573383784968 0.422005362343781 0.425187686123208 0.414125452555947 0.0608512297471529 0.63691239468723 0.653788404041216 0.723969267183122 0.462802335968508
"4" 0.271215354158794 0.344884935956241 0.589257132296075 0 0.434187458097841 0.0415019960438653 0.261026761962992 0.126816119558939 0.506587893999494 0.334385927674924 0.548897167197621 0.317102684987161 0.515496407013651 0.252605424607889 0.572028589164464 0.402761863154026 0.193583439533793 0.38764912719908 0.0308610968810316 0.568263160594094 0.514375549743064 0.37484592796278 0.670348058620332 0.182234028139397 0.633994629529071 0.166019974956978 0.116840318211961 0.195301200309094 0.70396972352985 0.440308975214208 0.222379129550494 0.406965610657544 0.337930142945511 0.306781369143843 0.542448078604802 0.360353846735238 0.497150930947477 0.601296021618685 0.445444035684489 0.125676319753806 0.358682748402073 0.430758014679193
"5" 0.411821371719423 0.0911068356257042 0.750196695114947 0.434187458097841 0 0.393201721535852 0.589836922165988 0.558860618967044 0.937703624928194 0.549140722711381 0.887980314666461 0.699896918043371 0.949200043488489 0.564887942415432 0.738416203060188 0.298634527005814 0.554864551692621 0.814427988895623 0.406389327208168 0.838305592253777 0.910472685726626 0.807145780319069 0.935766530013196 0.262234573918413 0.456253155385629 0.317335543785461 0.508645258404524 0.375790551651709 1.00446171153841 0.818791186208208 0.656256848554054 0.210330729495012 0.166667216602171 0.608256034552124 0.420435922032421 0.744164861261983 0.866335778020365 0.793553388177662 0.141801380996964 0.321979411440998 0.790123163801323 0.822983265432771
"6" 0.251877158541358 0.303635622736528 0.599008597398069 0.0415019960438653 0.393201721535852 0 0.274798392371427 0.166308932767451 0.548087150047481 0.330906282535574 0.580132042901322 0.344321329723669 0.556119338241881 0.262400242327337 0.582083534176138 0.368645350723032 0.211744540990141 0.428885958343366 0.014677306284347 0.590958671840636 0.546237272155094 0.41634468080346 0.693657081408144 0.141050679608167 0.610906419441249 0.140060325609933 0.148065464135087 0.172321093724079 0.731712898063729 0.475828000193558 0.263753974607137 0.368273702224957 0.302327854435871 0.328163688381781 0.521703161865543 0.395947174556944 0.531848718002071 0.614969662312599 0.408936277754532 0.0860328258694215 0.3983213428725 0.468044382955852
"7" 0.211843201433278 0.501801420940188 0.830668976521193 0.261026761962992 0.589836922165988 0.274798392371427 0 0.213453034907541 0.508698315955704 0.140920396846871 0.708194431346847 0.128023241824612 0.458231914274018 0.028244860869147 0.813070189988477 0.407279203641724 0.0707015047517916 0.434895340873558 0.262253542107666 0.771411448258895 0.330055147704752 0.393786875875426 0.86738440574276 0.340652256092642 0.88353055776444 0.413753298197056 0.338317719059342 0.215260058681131 0.87753417721678 0.57504735443166 0.278999867196502 0.46398810262699 0.552561888424539 0.528783017522476 0.795942100719157 0.504449421492329 0.633744054265906 0.8333051181792 0.650284363463329 0.291652829987926 0.306453554818693 0.548479146755488
"8" 0.320822895726118 0.468674827385689 0.621743185817873 0.126816119558939 0.558860618967044 0.166308932767451 0.213453034907541 0 0.391128993457199 0.331568929522945 0.5045326566241 0.218729225250933 0.390443024720319 0.219416471926814 0.604097923208582 0.488822465869163 0.145805295344105 0.281192047892221 0.152643729521871 0.558506297201714 0.398298157252777 0.259149522596895 0.655542563821166 0.300889710415935 0.742485088816493 0.286098338541862 0.136695744215733 0.264107474581001 0.671003759119424 0.378035359430306 0.106005504844046 0.509847889500228 0.463737768254626 0.317025210700792 0.647671380689229 0.301961693088303 0.437257290905987 0.621430739745026 0.571622749545316 0.24098161434724 0.232038359673341 0.358162893378812
"9" 0.690993524434127 0.850104198767404 0.690260972721176 0.506587893999494 0.937703624928194 0.548087150047481 0.508698315955704 0.391128993457199 0 0.649407278932458 0.379495439307051 0.401857634260045 0.115702777713361 0.531897423446617 0.67561576900522 0.873926476899734 0.476945370220771 0.128039961676133 0.536382658515033 0.523057410642861 0.365908678788696 0.132196221904335 0.576310914622592 0.688190832522166 1.01200776813802 0.63306062839528 0.435088510810835 0.648652678646047 0.529732171405099 0.267376424831199 0.286075100065947 0.900599745115603 0.817363162342083 0.45030237866693 0.914206018803219 0.276758217338754 0.292597314691167 0.655191156212576 0.924296740987155 0.629491794801183 0.203516199621709 0.227544070403251
"10" 0.137333058045158 0.470084093706196 0.923295271639432 0.334385927674924 0.549140722711381 0.330906282535574 0.140920396846871 0.331568929522945 0.649407278932458 0 0.835580929695544 0.258047703293126 0.595000674094233 0.120371947129826 0.905986681072683 0.309934072263899 0.189623556187082 0.574437597046615 0.322759664069543 0.885679390001451 0.4351019132172 0.534339106727835 0.984688294598368 0.338056102160588 0.905595208734486 0.454225907628204 0.43607226879695 0.193416150095592 1.00257172071906 0.705983287999165 0.412659195536426 0.384220553905014 0.553083564019865 0.632036639627022 0.826351114773696 0.632202003726098 0.765128578451954 0.933023338978556 0.637126134860743 0.308918439972079 0.446685652868273 0.681954312901532
"11" 0.813325471918123 0.819142401411415 0.351681679425641 0.548897167197621 0.887980314666461 0.580132042901322 0.708194431346847 0.5045326566241 0.379495439307051 0.835580929695544 0 0.654541635168887 0.491276822930476 0.719755110058568 0.341488488630404 0.94840161726216 0.646937755308816 0.326009882281092 0.576714268696826 0.156597505664529 0.711238305957753 0.377538885682841 0.19704471417149 0.704015298393018 0.784743631737836 0.578878938182018 0.432606129332407 0.742594681799507 0.171268246987234 0.138713009920155 0.430971014599618 0.937956682754545 0.729550249846938 0.279758454888778 0.69653243590097 0.203812063676223 0.0895665884238877 0.302255441167347 0.818188533629464 0.662114045096992 0.487569417699283 0.175599966177943
"12" 0.339266963535452 0.609783289045496 0.829917187770071 0.317102684987161 0.699896918043371 0.344321329723669 0.128023241824612 0.218729225250933 0.401857634260045 0.258047703293126 0.654541635168887 0 0.337742844218753 0.156121352930281 0.812330508671536 0.534793571371599 0.145074838973477 0.350376708687277 0.329892972777821 0.740907078453862 0.210614438388915 0.302602846205552 0.829978779061237 0.441527770190632 0.95083843931021 0.48245476920806 0.355240130067048 0.333131350633559 0.825809002272986 0.516454923428405 0.231619894761835 0.588480462043595 0.642208502474244 0.523398615850906 0.858340394428813 0.456168458975337 0.57242104331671 0.823172857968339 0.745422678167344 0.385809305453954 0.199333400320181 0.483836602654303
"13" 0.657571026164531 0.85911542422806 0.787245950307915 0.515496407013651 0.949200043488489 0.556119338241881 0.458231914274018 0.390443024720319 0.115702777713361 0.595000674094233 0.491276822930476 0.337742844218753 0 0.484302818309659 0.771797787584851 0.848644228314384 0.441626387003 0.195791631871436 0.542813646937025 0.629735357641738 0.258148803524037 0.166043602593756 0.688314882839266 0.690720579109731 1.07273786334327 0.660739035207274 0.467751097751817 0.62767545187475 0.644815450716453 0.370758472775946 0.296348324932654 0.88635404252928 0.844681207779707 0.524881136387005 0.974563397862468 0.363795588304566 0.402859271854043 0.756407890557617 0.952953020235048 0.630528853524541 0.162968238628549 0.329642810199541
"14" 0.183599951518662 0.477491731809466 0.830312319925817 0.252605424607889 0.564887942415432 0.262400242327337 0.028244860869147 0.219416471926814 0.531897423446617 0.120371947129826 0.719755110058568 0.156121352930281 0.484302818309659 0 0.812768526770837 0.379035989381291 0.0736378496987253 0.454122231790588 0.250656543089653 0.777774332988509 0.35788926684256 0.414552740963902 0.874943248317297 0.318792655642555 0.867760060294237 0.399635129018159 0.337833396767454 0.189463418524561 0.888165872630295 0.588243427203036 0.293389514018195 0.436094531571357 0.532486865272412 0.530971912470967 0.781481012188543 0.515972723163425 0.647220644594819 0.835009109562489 0.628647693693627 0.272097813666382 0.330652942777034 0.563064785196392
"15" 0.832391322422993 0.698531669541508 0.0176465610344984 0.572028589164464 0.738416203060188 0.582083534176138 0.813070189988477 0.604097923208582 0.67561576900522 0.905986681072683 0.341488488630404 0.812330508671536 0.771797787584851 0.812768526770837 0 0.90292909056548 0.742535802043401 0.578224144831617 0.58726597500165 0.192200834448791 0.937956543876735 0.61968142645777 0.243272287599892 0.652492488148388 0.487944773889369 0.50013326851819 0.475028282651948 0.751475914904482 0.341034863673284 0.409665673959896 0.587458593055177 0.860518792191227 0.572745336836777 0.288968217415401 0.417673257720397 0.409272712780763 0.401592741507014 0.0622295625380241 0.626878034758642 0.637493990690018 0.707128950525283 0.448304610583633
"16" 0.195527477484909 0.25501767590379 0.918089205635921 0.402761863154026 0.298634527005814 0.368645350723032 0.407279203641724 0.488822465869163 0.873926476899734 0.309934072263899 0.94840161726216 0.534793571371599 0.848644228314384 0.379035989381291 0.90292909056548 0 0.407529779092063 0.769889684828377 0.373316607894397 0.947619006836666 0.734105092407582 0.744175293295376 1.05059304692941 0.253648333379047 0.736840374159154 0.403699217281274 0.516697345147896 0.225539918419116 1.09638229123123 0.843063628149936 0.594189866705887 0.0908432899881461 0.38582288444155 0.686959225933516 0.681713913701155 0.763111394481084 0.899828935105235 0.947008141853838 0.426304282324651 0.286711220228985 0.687010109401516 0.832469679188288
"17" 0.216275743816457 0.464708546914656 0.760126337648228 0.193583439533793 0.554864551692621 0.211744540990141 0.0707015047517916 0.145805295344105 0.476945370220771 0.189623556187082 0.646937755308816 0.145074838973477 0.441626387003 0.0736378496987253 0.742535802043401 0.407529779092063 0 0.390042665895067 0.198302693769737 0.704251159979493 0.35560837060683 0.353932812598414 0.801310767904758 0.296830865103713 0.822623073169793 0.351784954960937 0.267670490562392 0.192686862314911 0.814950433623294 0.516441198774148 0.223506308908428 0.451946923464274 0.501320333716999 0.458934090094552 0.733229467943462 0.443264179626676 0.57555691099023 0.763329496427862 0.602779056401583 0.242262797872858 0.281486102137602 0.492401815537888
"18" 0.595695270105897 0.728018845285602 0.594042051988238 0.38764912719908 0.814427988895623 0.428885958343366 0.434895340873558 0.281192047892221 0.128039961676133 0.574437597046615 0.326009882281092 0.350376708687277 0.195791631871436 0.454122231790588 0.578224144831617 0.769889684828377 0.390042665895067 0 0.418124491895726 0.447809556736709 0.385575978731824 0.0519468661017542 0.518492784044982 0.569876984824767 0.887236503321333 0.506570017275703 0.308628022865885 0.544735192780958 0.493253625723243 0.191157560091278 0.175780905356461 0.789268237239451 0.690464506550625 0.330842625265537 0.789211777859687 0.169022331179893 0.237300594256773 0.56634593139482 0.797040622318651 0.512549597729811 0.164045254326849 0.151129207761631
"19" 0.249152232385818 0.316520316250862 0.604301963590166 0.0308610968810316 0.406389327208168 0.014677306284347 0.262253542107666 0.152643729521871 0.536382658515033 0.322759664069543 0.576714268696826 0.329892972777821 0.542813646937025 0.250656543089653 0.58726597500165 0.373316607894397 0.198302693769737 0.418124491895726 0 0.591438211890968 0.531573429193459 0.404460132871733 0.693918475018882 0.151935500424021 0.624559068057094 0.153800074476565 0.144108383990217 0.170906313829122 0.730029776564593 0.470012481656943 0.251412362096217 0.376181180354669 0.316984355361199 0.328963017584745 0.534939118393209 0.390061306183147 0.526536267774912 0.618916394637878 0.423529030894911 0.0948424991447102 0.384533769255172 0.461090027481002
"20" 0.839475838490041 0.781351541335699 0.199891926556881 0.568263160594094 0.838305592253777 0.590958671840636 0.771411448258895 0.558506297201714 0.523057410642861 0.885679390001451 0.156597505664529 0.740907078453862 0.629735357641738 0.777774332988509 0.192200834448791 0.947619006836666 0.704251159979493 0.447809556736709 0.591438211890968 0 0.829425935382222 0.496159946793512 0.103036974803485 0.694752433717318 0.664012511774107 0.552039019297096 0.454147211301409 0.762339397192994 0.170023583632953 0.259368064794281 0.509396473397861 0.922342733677101 0.672958910993086 0.262847234477898 0.583435479654141 0.290870640560092 0.232338341127288 0.146618474525166 0.747953341128794 0.663855214631044 0.598589536366019 0.300621352429646
"21" 0.540080265275672 0.820257064097183 0.95494137347125 0.514375549743064 0.910472685726626 0.546237272155094 0.330055147704752 0.398298157252777 0.365908678788696 0.4351019132172 0.711238305957753 0.210614438388915 0.258148803524037 0.35788926684256 0.937956543876735 0.734105092407582 0.35560837060683 0.385575978731824 0.531573429193459 0.829425935382222 0 0.334816217608195 0.903893248425215 0.651392258613245 1.14071005711341 0.680068683161961 0.525150324726203 0.542335569633051 0.876237785765093 0.576442068216426 0.36048889666877 0.793983697279527 0.847653857891363 0.657817749890753 1.04551782697595 0.540119228640159 0.622033028838106 0.936509212980428 0.952489236544508 0.594717700858276 0.232107836008609 0.536700968694076
"22" 0.564535985649846 0.718997223222907 0.63587890159098 0.37484592796278 0.807145780319069 0.41634468080346 0.393786875875426 0.259149522596895 0.132196221904335 0.534339106727835 0.377538885682841 0.302602846205552 0.166043602593756 0.414552740963902 0.61968142645777 0.744175293295376 0.353932812598414 0.0519468661017542 0.404460132871733 0.496159946793512 0.334816217608195 0 0.569093550005338 0.55616497364576 0.907028267050881 0.506513351338436 0.309619311185968 0.518653103323585 0.545153831659077 0.241653693530089 0.15388108336805 0.768894506009632 0.691192221756946 0.360899507648098 0.808847269921477 0.211480868311078 0.2890664362526 0.61081407246441 0.798866056848477 0.497347077507113 0.112323006729199 0.202239610637969
"23" 0.941534707461535 0.881276577689557 0.243791476689198 0.670348058620332 0.935766530013196 0.693657081408144 0.86738440574276 0.655542563821166 0.576310914622592 0.984688294598368 0.19704471417149 0.829978779061237 0.688314882839266 0.874943248317297 0.243272287599892 1.05059304692941 0.801310767904758 0.518492784044982 0.693918475018882 0.103036974803485 0.903893248425215 0.569093550005338 0 0.797620695465108 0.730833410705603 0.654122981279426 0.555553835645068 0.864780232210162 0.10147170102617 0.327451354313975 0.599702371350875 1.02459529097352 0.769669737301872 0.365686967356327 0.657203246698418 0.374472341688264 0.285874011925076 0.182940254232162 0.840352157614963 0.766882286971715 0.676333912242103 0.367466234738858
"24" 0.214353438153465 0.171127939695102 0.668115495424846 0.182234028139397 0.262234573918413 0.141050679608167 0.340652256092642 0.300889710415935 0.688190832522166 0.338056102160588 0.704015298393018 0.441527770190632 0.690720579109731 0.318792655642555 0.652492488148388 0.253648333379047 0.296830865103713 0.569876984824767 0.151935500424021 0.694752433717318 0.651392258613245 0.55616497364576 0.797620695465108 0 0.568049740181741 0.152520034731208 0.28082922563965 0.144666339216323 0.846334175433474 0.60908440099988 0.402724113633602 0.23416438894394 0.216566942905091 0.435697978610031 0.491774531639931 0.529854482874328 0.66323370712069 0.694690180423902 0.309855301767252 0.0602784923230648 0.529981245267406 0.604435234487149
"25" 0.780592071090308 0.481894464138931 0.489593384215677 0.633994629529071 0.456253155385629 0.610906419441249 0.88353055776444 0.742485088816493 1.01200776813802 0.905595208734486 0.784743631737836 0.95083843931021 1.07273786334327 0.867760060294237 0.487944773889369 0.736840374159154 0.822623073169793 0.887236503321333 0.624559068057094 0.664012511774107 1.14071005711341 0.907028267050881 0.730833410705603 0.568049740181741 0 0.470846858637277 0.620020706384449 0.712310685872627 0.826309075076362 0.78971574330326 0.796010652160249 0.657129468543345 0.359984080099841 0.565845998740997 0.0981810030443744 0.744228433394722 0.811182302689802 0.549592873230856 0.315402900382553 0.600035989891535 0.946841386825554 0.815370760269287
"26" 0.349968598885742 0.241163173342053 0.515671691841001 0.166019974956978 0.317335543785461 0.140060325609933 0.413753298197056 0.286098338541862 0.63306062839528 0.454225907628204 0.578878938182018 0.48245476920806 0.660739035207274 0.399635129018159 0.50013326851819 0.403699217281274 0.351784954960937 0.506570017275703 0.153800074476565 0.552039019297096 0.680068683161961 0.506513351338436 0.654122981279426 0.152520034731208 0.470846858637277 0 0.198005703892725 0.27045284312945 0.709804522043373 0.501921573869332 0.364847099113693 0.370528145840348 0.184680709752543 0.301174247024041 0.38218888467664 0.426838123744727 0.550779963750525 0.543310728937384 0.292563488273821 0.149114401464114 0.511948246037956 0.505662557346968
"27" 0.386619292994547 0.424954172914053 0.492595887122245 0.116840318211961 0.508645258404524 0.148065464135087 0.338317719059342 0.136695744215733 0.435088510810835 0.43607226879695 0.432606129332407 0.355240130067048 0.467751097751817 0.337833396767454 0.475028282651948 0.516697345147896 0.267670490562392 0.308628022865885 0.144108383990217 0.454147211301409 0.525150324726203 0.309619311185968 0.555553835645068 0.28082922563965 0.620020706384449 0.198005703892725 0 0.311995561475057 0.587196441772294 0.328846518021862 0.177210162666244 0.513521370250007 0.382316391800147 0.196048352582111 0.523242917056188 0.249271591172255 0.384179855963818 0.49796017778077 0.489564429756501 0.23231654172348 0.328374223563518 0.323709888052595
"28" 0.0811327101569826 0.289601072235497 0.768140369835083 0.195301200309094 0.375790551651709 0.172321093724079 0.215260058681131 0.264107474581001 0.648652678646047 0.193416150095592 0.742594681799507 0.333131350633559 0.62767545187475 0.189463418524561 0.751475914904482 0.225539918419116 0.192686862314911 0.544735192780958 0.170906313829122 0.762339397192994 0.542335569633051 0.518653103323585 0.864780232210162 0.144666339216323 0.712310685872627 0.27045284312945 0.311995561475057 0 0.899191392477561 0.628484665637619 0.36895948984917 0.259876611299809 0.36040395798624 0.499839840431577 0.634188682655197 0.549044676960407 0.686598965427444 0.786293831598082 0.448456751127157 0.121369899912079 0.465018818364427 0.614422069589767
"29" 0.972782527349921 0.944165458498099 0.343029395379026 0.70396972352985 1.00446171153841 0.731712898063729 0.87753417721678 0.671003759119424 0.529732171405099 1.00257172071906 0.171268246987234 0.825809002272986 0.644815450716453 0.888165872630295 0.341034863673284 1.09638229123123 0.814950433623294 0.493253625723243 0.730029776564593 0.170023583632953 0.876237785765093 0.545153831659077 0.10147170102617 0.846334175433474 0.826309075076362 0.709804522043373 0.587196441772294 0.899191392477561 0 0.309684486262603 0.601492260675529 1.07772875480064 0.840097913171903 0.410808423099156 0.749401946460047 0.373419677959861 0.256471022145425 0.282374101689033 0.917337433281659 0.809968716680225 0.656390812613213 0.345022328607467
"30" 0.694649230376954 0.742069139975202 0.423832742288271 0.440308975214208 0.818791186208208 0.475828000193558 0.57504735443166 0.378035359430306 0.267376424831199 0.705983287999165 0.138713009920155 0.516454923428405 0.370758472775946 0.588243427203036 0.409665673959896 0.843063628149936 0.516441198774148 0.191157560091278 0.470012481656943 0.259368064794281 0.576442068216426 0.241653693530089 0.327451354313975 0.60908440099988 0.78971574330326 0.501921573869332 0.328846518021862 0.628484665637619 0.309684486262603 0 0.296245001203473 0.842330479006353 0.670586636021948 0.231105859206012 0.695010172426882 0.0799574917110545 0.0592495708412003 0.387829173140614 0.768557861232239 0.560980312400055 0.349997056374116 0.0412538422717257
"31" 0.421273813019466 0.567241479259108 0.604876188198511 0.222379129550494 0.656256848554054 0.263753974607137 0.278999867196502 0.106005504844046 0.286075100065947 0.412659195536426 0.430971014599618 0.231619894761835 0.296348324932654 0.293389514018195 0.587458593055177 0.594189866705887 0.223506308908428 0.175780905356461 0.251412362096217 0.509396473397861 0.36048889666877 0.15388108336805 0.599702371350875 0.402724113633602 0.796010652160249 0.364847099113693 0.177210162666244 0.36895948984917 0.601492260675529 0.296245001203473 0 0.615714914063642 0.548416527174577 0.300942809300407 0.698714320800439 0.228348299923738 0.354790462606804 0.594270172301463 0.656720564070816 0.343637846639733 0.151195535666674 0.269721222447441
"32" 0.256097256767601 0.179955688914016 0.874804175904577 0.406965610657544 0.210330729495012 0.368273702224957 0.46398810262699 0.509847889500228 0.900599745115603 0.384220553905014 0.937956682754545 0.588480462043595 0.88635404252928 0.436094531571357 0.860518792191227 0.0908432899881461 0.451946923464274 0.789268237239451 0.376181180354669 0.922342733677101 0.793983697279527 0.768894506009632 1.02459529097352 0.23416438894394 0.657129468543345 0.370528145840348 0.513521370250007 0.259876611299809 1.07772875480064 0.842330479006353 0.615714914063642 0 0.316305519850168 0.667014313984514 0.608023724875761 0.762787633976152 0.897016832528043 0.908365215207405 0.343238769119152 0.28227570226625 0.72342496978422 0.836111451437538
"33" 0.423375576953858 0.1370712439679 0.584917386374618 0.337930142945511 0.166667216602171 0.302327854435871 0.552561888424539 0.463737768254626 0.817363162342083 0.553083564019865 0.729550249846938 0.642208502474244 0.844681207779707 0.532486865272412 0.572745336836777 0.38582288444155 0.501320333716999 0.690464506550625 0.316984355361199 0.672958910993086 0.847653857891363 0.691192221756946 0.769669737301872 0.216566942905091 0.359984080099841 0.184680709752543 0.382316391800147 0.36040395798624 0.840097913171903 0.670586636021948 0.548416527174577 0.316305519850168 0 0.451142695398678 0.296441052290887 0.599685296292426 0.714559667503421 0.627248242474788 0.108333359964335 0.260931004561613 0.693481028670539 0.679174164168561
"34" 0.577649152073769 0.540074820306976 0.306573383784968 0.306781369143843 0.608256034552124 0.328163688381781 0.528783017522476 0.317025210700792 0.45030237866693 0.632036639627022 0.279758454888778 0.523398615850906 0.524881136387005 0.530971912470967 0.288968217415401 0.686959225933516 0.458934090094552 0.330842625265537 0.328963017584745 0.262847234477898 0.657817749890753 0.360899507648098 0.365686967356327 0.435697978610031 0.565845998740997 0.301174247024041 0.196048352582111 0.499839840431577 0.410808423099156 0.231105859206012 0.300942809300407 0.667014313984514 0.451142695398678 0 0.469257963720931 0.178382438882149 0.266790771905252 0.304562957333281 0.54369159029318 0.401741719143955 0.431558514246543 0.251439306730892
"35" 0.706033419374812 0.428549083123535 0.422005362343781 0.542448078604802 0.420435922032421 0.521703161865543 0.795942100719157 0.647671380689229 0.914206018803219 0.826351114773696 0.69653243590097 0.858340394428813 0.974563397862468 0.781481012188543 0.417673257720397 0.681713913701155 0.733229467943462 0.789211777859687 0.534939118393209 0.583435479654141 1.04551782697595 0.808847269921477 0.657203246698418 0.491774531639931 0.0981810030443744 0.38218888467664 0.523242917056188 0.634188682655197 0.749401946460047 0.695010172426882 0.698714320800439 0.608023724875761 0.296441052290887 0.469257963720931 0 0.647565985220235 0.718613213478276 0.479901574626564 0.27999190024182 0.518123069819735 0.849367671099125 0.719630559385139
"36" 0.616108913040578 0.665747736125895 0.425187686123208 0.360353846735238 0.744164861261983 0.395947174556944 0.504449421492329 0.301961693088303 0.276758217338754 0.632202003726098 0.203812063676223 0.456168458975337 0.363795588304566 0.515972723163425 0.409272712780763 0.763111394481084 0.443264179626676 0.169022331179893 0.390061306183147 0.290870640560092 0.540119228640159 0.211480868311078 0.374472341688264 0.529854482874328 0.744228433394722 0.426838123744727 0.249271591172255 0.549044676960407 0.373419677959861 0.0799574917110545 0.228348299923738 0.762787633976152 0.599685296292426 0.178382438882149 0.647565985220235 0 0.137560392655583 0.399387691662722 0.700150921953374 0.481211971340901 0.308403149884834 0.0794946622848209
"37" 0.753409426823642 0.791750499133027 0.414125452555947 0.497150930947477 0.866335778020365 0.531848718002071 0.633744054265906 0.437257290905987 0.292597314691167 0.765128578451954 0.0895665884238877 0.57242104331671 0.402859271854043 0.647220644594819 0.401592741507014 0.899828935105235 0.57555691099023 0.237300594256773 0.526536267774912 0.232338341127288 0.622033028838106 0.2890664362526 0.285874011925076 0.66323370712069 0.811182302689802 0.550779963750525 0.384179855963818 0.686598965427444 0.256471022145425 0.0592495708412003 0.354790462606804 0.897016832528043 0.714559667503421 0.266790771905252 0.718613213478276 0.137560392655583 0 0.371409421582499 0.809805789617899 0.616492004004045 0.399959688617337 0.0889242385537141
"38" 0.866663285442593 0.750205764737091 0.0608512297471529 0.601296021618685 0.793553388177662 0.614969662312599 0.8333051181792 0.621430739745026 0.655191156212576 0.933023338978556 0.302255441167347 0.823172857968339 0.756407890557617 0.835009109562489 0.0622295625380241 0.947008141853838 0.763329496427862 0.56634593139482 0.618916394637878 0.146618474525166 0.936509212980428 0.61081407246441 0.182940254232162 0.694690180423902 0.549592873230856 0.543310728937384 0.49796017778077 0.786293831598082 0.282374101689033 0.387829173140614 0.594270172301463 0.908365215207405 0.627248242474788 0.304562957333281 0.479901574626564 0.399387691662722 0.371409421582499 0 0.68521456011396 0.675558099176574 0.704496221933385 0.428109510858051
"39" 0.502491661905528 0.175623232130961 0.63691239468723 0.445444035684489 0.141801380996964 0.408936277754532 0.650284363463329 0.571622749545316 0.924296740987155 0.637126134860743 0.818188533629464 0.745422678167344 0.952953020235048 0.628647693693627 0.626878034758642 0.426304282324651 0.602779056401583 0.797040622318651 0.423529030894911 0.747953341128794 0.952489236544508 0.798866056848477 0.840352157614963 0.309855301767252 0.315402900382553 0.292563488273821 0.489564429756501 0.448456751127157 0.917337433281659 0.768557861232239 0.656720564070816 0.343238769119152 0.108333359964335 0.54369159029318 0.27999190024182 0.700150921953374 0.809805789617899 0.68521456011396 0 0.360601295900442 0.801725094795604 0.779557388144961
"40" 0.201047976929097 0.230915004535011 0.653788404041216 0.125676319753806 0.321979411440998 0.0860328258694215 0.291652829987926 0.24098161434724 0.629491794801183 0.308918439972079 0.662114045096992 0.385809305453954 0.630528853524541 0.272097813666382 0.637493990690018 0.286711220228985 0.242262797872858 0.512549597729811 0.0948424991447102 0.663855214631044 0.594717700858276 0.497347077507113 0.766882286971715 0.0602784923230648 0.600035989891535 0.149114401464114 0.23231654172348 0.121369899912079 0.809968716680225 0.560980312400055 0.343637846639733 0.28227570226625 0.260931004561613 0.401741719143955 0.518123069819735 0.481211971340901 0.616492004004045 0.675558099176574 0.360601295900442 0 0.46970435723272 0.5539007719359
"41" 0.497741549019908 0.699548357356382 0.723969267183122 0.358682748402073 0.790123163801323 0.3983213428725 0.306453554818693 0.232038359673341 0.203516199621709 0.446685652868273 0.487569417699283 0.199333400320181 0.162968238628549 0.330652942777034 0.707128950525283 0.687010109401516 0.281486102137602 0.164045254326849 0.384533769255172 0.598589536366019 0.232107836008609 0.112323006729199 0.676333912242103 0.529981245267406 0.946841386825554 0.511948246037956 0.328374223563518 0.465018818364427 0.656390812613213 0.349997056374116 0.151195535666674 0.72342496978422 0.693481028670539 0.431558514246543 0.849367671099125 0.308403149884834 0.399959688617337 0.704496221933385 0.801725094795604 0.46970435723272 0 0.311982656631004
"42" 0.677725339053512 0.743779684733085 0.462802335968508 0.430758014679193 0.822983265432771 0.468044382955852 0.548479146755488 0.358162893378812 0.227544070403251 0.681954312901532 0.175599966177943 0.483836602654303 0.329642810199541 0.563064785196392 0.448304610583633 0.832469679188288 0.492401815537888 0.151129207761631 0.461090027481002 0.300621352429646 0.536700968694076 0.202239610637969 0.367466234738858 0.604435234487149 0.815370760269287 0.505662557346968 0.323709888052595 0.614422069589767 0.345022328607467 0.0412538422717257 0.269721222447441 0.836111451437538 0.679174164168561 0.251439306730892 0.719630559385139 0.0794946622848209 0.0889242385537141 0.428109510858051 0.779557388144961 0.5539007719359 0.311982656631004 0
