"V1" "V2" "V3" "V4" "V5" "V6" "V7" "V8" "V9" "V10" "V11" "V12" "V13" "V14" "V15" "V16" "V17" "V18" "V19" "V20" "V21"
"1" 0 0.593527800286055 0.361416053950586 0.236081445999156 0.786377319878138 0.0970298243809105 0.823171570974987 0.213660649846195 0.444794897854329 0.474661276741254 0.184186681802601 0.324339201986385 0.882195699837171 0.554585300136042 0.54232496035556 0.702327128529202 0.19606511578082 0.410658636475992 0.155055414139962 0.07460467314306 0.0790268284150508
"2" 0.593527800286055 0 0.940772071250448 0.444144151931158 0.764726152957775 0.49915669594623 0.474166238309983 0.626630988523986 0.862729734640623 0.286931644207766 0.675626882992449 0.915633333769029 0.598628590911671 0.169498940469306 0.466805595703091 0.876171644583982 0.552765626776304 0.589397202192357 0.520719403283301 0.526130247670651 0.554662805716004
"3" 0.361416053950586 0.940772071250448 0 0.517175412520556 0.888244029085584 0.457686562423348 1.07251684499113 0.354249703547522 0.336877559980795 0.762639817202913 0.410301976643542 0.0807124033288104 1.09527210646138 0.871029107470961 0.753267358596798 0.701623886768261 0.414411049315906 0.549264441078496 0.427382341712488 0.43591077203115 0.427340963875517
"4" 0.236081445999156 0.444144151931158 0.517175412520556 0 0.579527935363101 0.194744576341854 0.589353006713845 0.182564500115463 0.427706053900571 0.249896396787404 0.40615384393287 0.51008369914054 0.646191819342591 0.354130502823912 0.309377473638192 0.555050751807306 0.109145212430093 0.230291213904423 0.093352644491824 0.215484052182683 0.259669968450737
"5" 0.786377319878138 0.764726152957775 0.888244029085584 0.579527935363101 0 0.771876853893866 0.432387542992588 0.596021569608415 0.574659094609065 0.498281385657461 0.969834088583913 0.929854779887999 0.34691893038239 0.595251455706866 0.313366167040865 0.260005500477182 0.590658458251677 0.377376376603441 0.634505684962096 0.789110886931055 0.831784096880493
"6" 0.0970298243809105 0.49915669594623 0.457686562423348 0.194744576341854 0.771876853893866 0 0.760092224524698 0.251121359645869 0.505354152346155 0.406176668660349 0.217597547213747 0.421192185064847 0.830059355044197 0.471916117073779 0.501832007141464 0.720532668880286 0.204453240491373 0.407693187883749 0.148064221604131 0.0281638141741478 0.0691978466934812
"7" 0.823171570974987 0.474166238309983 1.07251684499113 0.589353006713845 0.432387542992588 0.760092224524698 0 0.71967355436955 0.84344066531262 0.354683723328255 0.97702430514284 1.08352774931406 0.132293874377725 0.341750386253088 0.32319254729609 0.655312308883055 0.669685841667023 0.538413531550463 0.680254089635991 0.786564652361571 0.829268844892915
"8" 0.213660649846195 0.626630988523986 0.354249703547522 0.182564500115463 0.596021569608415 0.251121359645869 0.71967355436955 0 0.26121250507478 0.412973727191187 0.393211215095814 0.365421888452601 0.750709596471672 0.530174968080518 0.404534203734791 0.48947895357744 0.0741727049372806 0.221455841845496 0.120592131833551 0.251941841369569 0.28263737283518
"9" 0.444794897854329 0.862729734640623 0.336877559980795 0.427706053900571 0.574659094609065 0.505354152346155 0.84344066531262 0.26121250507478 0 0.61023395445334 0.597228594814718 0.398776221827134 0.834251907361745 0.740815997897995 0.524624167826434 0.366211181501804 0.329868851170205 0.311203765710482 0.381579891832267 0.500646807728375 0.522528561601495
"10" 0.474661276741254 0.286931644207766 0.762639817202913 0.249896396787404 0.498281385657461 0.406176668660349 0.354683723328255 0.412973727191187 0.61023395445334 0 0.622564452167784 0.759535179055198 0.437027270652679 0.133416110329175 0.187040595689305 0.589288410910622 0.348239333917038 0.313413071820712 0.343233136437854 0.43306216496227 0.475238394699394
"11" 0.184186681802601 0.675626882992449 0.410301976643542 0.40615384393287 0.969834088583913 0.217597547213747 0.97702430514284 0.393211215095814 0.597228594814718 0.622564452167784 0 0.342909127705271 1.0474169954541 0.677851812207045 0.71551784031048 0.882538860764057 0.380145017313907 0.594759498398911 0.335924470495404 0.192535499587775 0.148599838185101
"12" 0.324339201986385 0.915633333769029 0.0807124033288104 0.51008369914054 0.929854779887999 0.421192185064847 1.08352774931406 0.365421888452601 0.398776221827134 0.759535179055198 0.342909127705271 0 1.11566785822333 0.859696361438918 0.769920637619204 0.758004749099508 0.415288652034652 0.57570872345884 0.417240325358101 0.396749812178482 0.381063352484922
"13" 0.882195699837171 0.598628590911671 1.09527210646138 0.646191819342591 0.34691893038239 0.830059355044197 0.132293874377725 0.750709596471672 0.834251907361745 0.437027270652679 1.0474169954541 1.11566785822333 0 0.453940043882391 0.346955795178735 0.593974675344316 0.711266721887319 0.547130452347871 0.731700497792513 0.854933419537116 0.898830805148343
"14" 0.554585300136042 0.169498940469306 0.871029107470961 0.354130502823912 0.595251455706866 0.471916117073779 0.341750386253088 0.530174968080518 0.740815997897995 0.133416110329175 0.677851812207045 0.859696361438918 0.453940043882391 0 0.30019762058072 0.714416100238769 0.46057455861701 0.446820567464841 0.444116115690139 0.50005101452364 0.537772274527227
"15" 0.54232496035556 0.466805595703091 0.753267358596798 0.309377473638192 0.313366167040865 0.501832007141464 0.32319254729609 0.404534203734791 0.524624167826434 0.187040595689305 0.71551784031048 0.769920637619204 0.346955795178735 0.30019762058072 0 0.417108745909055 0.36476860942686 0.21580453048116 0.388830157019057 0.524190511609342 0.568483985390613
"16" 0.702327128529202 0.876171644583982 0.701623886768261 0.555050751807306 0.260005500477182 0.720532668880286 0.655312308883055 0.48947895357744 0.366211181501804 0.589288410910622 0.882538860764057 0.758004749099508 0.593974675344316 0.714416100238769 0.417108745909055 0 0.516827721302255 0.325628386641119 0.572468620315546 0.72936998887845 0.765993890171359
"17" 0.19606511578082 0.552765626776304 0.414411049315906 0.109145212430093 0.590658458251677 0.204453240491373 0.669685841667023 0.0741727049372806 0.329868851170205 0.348239333917038 0.380145017313907 0.415288652034652 0.711266721887319 0.46057455861701 0.36476860942686 0.516827721302255 0 0.214614920686728 0.0577289705631644 0.212602622099701 0.250536807542498
"18" 0.410658636475992 0.589397202192357 0.549264441078496 0.230291213904423 0.377376376603441 0.407693187883749 0.538413531550463 0.221455841845496 0.311203765710482 0.313413071820712 0.594759498398911 0.57570872345884 0.547130452347871 0.446820567464841 0.21580453048116 0.325628386641119 0.214614920686728 0 0.262892669201549 0.421138689967844 0.461864904772343
"19" 0.155055414139962 0.520719403283301 0.427382341712488 0.093352644491824 0.634505684962096 0.148064221604131 0.680254089635991 0.120592131833551 0.381579891832267 0.343233136437854 0.335924470495404 0.417240325358101 0.731700497792513 0.444116115690139 0.388830157019057 0.572468620315546 0.0577289705631644 0.262892669201549 0 0.158667545186306 0.198979240788417
"20" 0.07460467314306 0.526130247670651 0.43591077203115 0.215484052182683 0.789110886931055 0.0281638141741478 0.786564652361571 0.251941841369569 0.500646807728375 0.43306216496227 0.192535499587775 0.396749812178482 0.854933419537116 0.50005101452364 0.524190511609342 0.72936998887845 0.212602622099701 0.421138689967844 0.158667545186306 0 0.0443003284743137
"21" 0.0790268284150508 0.554662805716004 0.427340963875517 0.259669968450737 0.831784096880493 0.0691978466934812 0.829268844892915 0.28263737283518 0.522528561601495 0.475238394699394 0.148599838185101 0.381063352484922 0.898830805148343 0.537772274527227 0.568483985390613 0.765993890171359 0.250536807542498 0.461864904772343 0.198979240788417 0.0443003284743137 0
