"V1" "V2" "V3" "V4" "V5" "V6" "V7" "V8" "V9" "V10" "V11" "V12" "V13" "V14" "V15" "V16" "V17" "V18" "V19" "V20" "V21"
"1" 0 0.768907123087658 0.926231008891378 0.588373288348102 0.501539278113108 0.783514141928979 0.536799984040279 0.62666322397386 0.693526633636504 0.670507093651066 0.311146084470105 0.411820848565065 0.817360202924293 0.540551737398369 0.347157124268414 0.717617554145574 0.538053526057358 0.569563620761991 0.750245532163022 0.807472877017547 0.852552525186817
"2" 0.768907123087658 0 0.18505387158689 0.973996199101451 0.889056025159267 0.652303019606751 0.988442378603487 0.629933488941682 0.0812847977387497 0.656652094068392 0.62551328087522 0.990884873956602 0.245744234468497 0.49998502379343 0.42724684387847 0.947333070252865 0.243935699900769 0.220158817474573 0.856780426826215 0.612490875019474 0.443623874867967
"3" 0.926231008891378 0.18505387158689 0 1.04496154067517 0.969521355000063 0.641380497208755 1.07195233988989 0.664814638940909 0.240114964269169 0.680126284385584 0.739931762853809 1.09981102954997 0.19741877392978 0.563389495195119 0.579152203794603 0.986217147977374 0.388209675916183 0.357159245704702 0.87691906402347 0.589829525939543 0.385652687235024
"4" 0.588373288348102 0.973996199101451 1.04496154067517 0 0.0971855201491759 0.514368777773682 0.0788208412091268 0.399695858481784 0.89629036873828 0.406528164302309 0.398287535372587 0.244079763801966 0.858372599706406 0.48221466373057 0.64641368308215 0.184400605243048 0.752384240227989 0.764494663103291 0.301411488174494 0.571924852487037 0.750882007730585
"5" 0.501539278113108 0.889056025159267 0.969521355000063 0.0971855201491759 0 0.482775241071018 0.102850742331816 0.34776356835323 0.810218055191551 0.364620106910601 0.301591707939535 0.211431654691708 0.787941793265347 0.406675508330759 0.550271132285757 0.228199358250227 0.66244943090653 0.676220978265179 0.310674633405347 0.536016333507141 0.697553439952892
"6" 0.783514141928979 0.652303019606751 0.641380497208755 0.514368777773682 0.482775241071018 0 0.574078381327853 0.160504970090659 0.598161001042095 0.124208054824985 0.472678187515583 0.684199189303198 0.445157253253685 0.264988445652033 0.575129954314829 0.386401763080527 0.532282141376091 0.520296280300244 0.254863613708745 0.060916371960759 0.271212999995078
"7" 0.536799984040279 0.988442378603487 1.07195233988989 0.0788208412091268 0.102850742331816 0.574078381327853 0 0.446738140449437 0.909034714270834 0.459972437136689 0.386362157073621 0.167568259208178 0.890790690416126 0.50939922403346 0.635252434872132 0.262972964257495 0.758499467393923 0.773719616595453 0.375207673449331 0.629553223742813 0.797852456935667
"8" 0.62666322397386 0.629933488941682 0.664814638940909 0.399695858481784 0.34776356835323 0.160504970090659 0.446738140449437 0 0.5620432963655 0.0462119651149845 0.315577074791897 0.537115111649424 0.470627093117527 0.149950260692562 0.452707493285727 0.321995450415643 0.45722432987248 0.454768036098558 0.229214621774624 0.199632273785594 0.351689372164945
"9" 0.693526633636504 0.0812847977387497 0.240114964269169 0.89629036873828 0.810218055191551 0.598161001042095 0.909034714270834 0.5620432963655 0 0.591574000245824 0.544294648912768 0.909660199990423 0.233334644339799 0.426758582178321 0.34921303047782 0.875860008602407 0.163144256313046 0.138880177763107 0.790557077773513 0.563330827770597 0.414542204117318
"10" 0.670507093651066 0.656652094068392 0.680126284385584 0.406528164302309 0.364620106910601 0.124208054824985 0.459972437136689 0.0462119651149845 0.591574000245824 0 0.359746572326453 0.561904847545369 0.483764652114098 0.191357205315305 0.497727830277219 0.307903001962843 0.494503271716214 0.490056189173695 0.200399741603812 0.172020631684494 0.347115345446924
"11" 0.311146084470105 0.62551328087522 0.739931762853809 0.398287535372587 0.301591707939535 0.472678187515583 0.386362157073621 0.315577074791897 0.544294648912768 0.359746572326453 0 0.365372116432391 0.586641177653315 0.243225388208989 0.24931158137082 0.464130393747581 0.38482005635194 0.405486304812159 0.461700874241355 0.499112309469791 0.571460374297612
"12" 0.411820848565065 0.990884873956602 1.09981102954997 0.244079763801966 0.211431654691708 0.684199189303198 0.167568259208178 0.537115111649424 0.909660199990423 0.561904847545369 0.365372116432391 0 0.93396710572076 0.556794733635181 0.594716300659417 0.423915573796438 0.749547477225536 0.770829803879225 0.521192260222485 0.733648941810102 0.874651328921886
"13" 0.817360202924293 0.245744234468497 0.19741877392978 0.858372599706406 0.787941793265347 0.445157253253685 0.890790690416126 0.470627093117527 0.233334644339799 0.483764652114098 0.586641177653315 0.93396710572076 0 0.382284660208745 0.479102102590596 0.7908147437825 0.304327372107412 0.271771037165474 0.679686547199836 0.395488213970763 0.202714308216228
"14" 0.540551737398369 0.49998502379343 0.563389495195119 0.48221466373057 0.406675508330759 0.264988445652033 0.50939922403346 0.149950260692562 0.426758582178321 0.191357205315305 0.243225388208989 0.556794733635181 0.382284660208745 0 0.311703195825949 0.449459308422563 0.309363161145714 0.309681668162525 0.375317954784856 0.273790764703904 0.330237597841974
"15" 0.347157124268414 0.42724684387847 0.579152203794603 0.64641368308215 0.550271132285757 0.575129954314829 0.635252434872132 0.452707493285727 0.34921303047782 0.497727830277219 0.24931158137082 0.594716300659417 0.479102102590596 0.311703195825949 0 0.691025487565545 0.190942565353697 0.222442518539295 0.656810976016313 0.575440096255682 0.552333202358311
"16" 0.717617554145574 0.947333070252865 0.986217147977374 0.184400605243048 0.228199358250227 0.386401763080527 0.262972964257495 0.321995450415643 0.875860008602407 0.307903001962843 0.464130393747581 0.423915573796438 0.7908147437825 0.449459308422563 0.691025487565545 0 0.752832575810518 0.757115661399477 0.137503733914519 0.447242404413669 0.648981524827343
"17" 0.538053526057358 0.243935699900769 0.388209675916183 0.752384240227989 0.66244943090653 0.532282141376091 0.758499467393923 0.45722432987248 0.163144256313046 0.494503271716214 0.38482005635194 0.749547477225536 0.304327372107412 0.309363161145714 0.190942565353697 0.752832575810518 0 0.0331698641162834 0.684619254016738 0.51247705547875 0.423638881522412
"18" 0.569563620761991 0.220158817474573 0.357159245704702 0.764494663103291 0.676220978265179 0.520296280300244 0.773719616595453 0.454768036098558 0.138880177763107 0.490056189173695 0.405486304812159 0.770829803879225 0.271771037165474 0.309681668162525 0.222442518539295 0.757115661399477 0.0331698641162834 0 0.683471794039189 0.497149086352831 0.397577761772792
"19" 0.750245532163022 0.856780426826215 0.87691906402347 0.301411488174494 0.310674633405347 0.254863613708745 0.375207673449331 0.229214621774624 0.790557077773513 0.200399741603812 0.461700874241355 0.521192260222485 0.679686547199836 0.375317954784856 0.656810976016313 0.137503733914519 0.684619254016738 0.683471794039189 0 0.315645059517853 0.523402935447854
"20" 0.807472877017547 0.612490875019474 0.589829525939543 0.571924852487037 0.536016333507141 0.060916371960759 0.629553223742813 0.199632273785594 0.563330827770597 0.172020631684494 0.499112309469791 0.733648941810102 0.395488213970763 0.273790764703904 0.575440096255682 0.447242404413669 0.51247705547875 0.497149086352831 0.315645059517853 0 0.213247475578373
"21" 0.852552525186817 0.443623874867967 0.385652687235024 0.750882007730585 0.697553439952892 0.271212999995078 0.797852456935667 0.351689372164945 0.414542204117318 0.347115345446924 0.571460374297612 0.874651328921886 0.202714308216228 0.330237597841974 0.552333202358311 0.648981524827343 0.423638881522412 0.397577761772792 0.523402935447854 0.213247475578373 0
