"V1" "V2" "V3" "V4" "V5" "V6" "V7" "V8" "V9" "V10" "V11" "V12" "V13" "V14" "V15" "V16" "V17" "V18" "V19" "V20" "V21" "V22" "V23" "V24" "V25" "V26" "V27" "V28" "V29" "V30" "V31" "V32" "V33" "V34" "V35" "V36" "V37" "V38" "V39" "V40" "V41" "V42"
"1" 0 0.467168979663752 0.388435428839925 0.688868401835847 0.294229779481164 0.176057976616719 0.391960952490421 0.503805493812037 0.345169347419401 0.361116579450182 0.193019376003575 0.383349868701633 0.704645085071735 0.679500702541212 0.565067928595558 0.454532817970298 0.624175811244197 0.331454326226491 0.241032861147064 0.64070592627607 0.453790516996976 0.380731973421585 0.434733664977254 0.161983663977381 0.379034673955733 0.474136103819663 0.805723832421565 0.155998035554431 0.276174794484829 0.313093067127679 0.502248690008255 0.374515715453363 0.47948187118848 0.588572581971299 0.454371191112584 0.313331291102205 0.253487523952558 0.415886354375363 0.28516213861036 0.0688957958622929 0.357010106159142 0.457924449591561
"2" 0.467168979663752 0 0.104968941547513 1.11633645461363 0.598652366459442 0.298437695917176 0.172612805096726 0.34512750225321 0.624228789208845 0.359460979261999 0.323922772168772 0.236719623932432 1.10710426290486 0.750281015852885 1.00262746556871 0.734641953730407 0.98852038541128 0.288331656669734 0.630108323117981 1.06207103099501 0.0342864971506414 0.712602633244399 0.886819354254973 0.454047106938668 0.4354897087838 0.723545239916398 0.880054820521471 0.352498424640942 0.478034253310952 0.649618472705111 0.958554143809495 0.734114232804218 0.678271602226815 0.997599835202209 0.838163010868497 0.66854531381399 0.667299557825548 0.228773204638325 0.702642154202551 0.400613290625356 0.360522042975426 0.62769858452045
"3" 0.388435428839925 0.104968941547513 0 1.06011476240208 0.563752045706105 0.213088426327869 0.203763469788834 0.396475551174586 0.519548577000789 0.368601262987503 0.226267284377994 0.261943718025629 1.05955153222141 0.775144098044141 0.94179936227775 0.711988384268095 0.951020475849709 0.184862264130621 0.577647373439314 1.00776532165462 0.117021888986937 0.608750281108566 0.794561697439555 0.406755641329325 0.441598853176036 0.707486308288242 0.908137621229365 0.258156958772676 0.373248714750209 0.546640696854062 0.867312408176872 0.631401832879751 0.671589273727186 0.946959303561266 0.792853712979344 0.566355057924093 0.570489412906535 0.26740654476699 0.645075477722257 0.319797066740894 0.368389174331835 0.624768661095452
"4" 0.688868401835847 1.11633645461363 1.06011476240208 0 0.538693475986277 0.858380183373786 0.981555322161341 0.970245209378487 0.875784983427718 0.830788449005218 0.881721802803608 0.936657209381851 0.103277955021317 0.784136785556272 0.128210857541353 0.477181184221226 0.23679148442445 1.01864551926935 0.48627826907849 0.0580128718078752 1.09311513555952 0.825141767230938 0.540681489653019 0.66267737846124 0.776953589537856 0.518987751608058 0.824093959122737 0.844377695668995 0.906809593071568 0.802412876160475 0.512584568005378 0.782169973868156 0.593453047673261 0.132307366143365 0.29508425139837 0.777501311108669 0.679647966559956 0.966429082074958 0.415123351726 0.755067340737458 0.827022477130091 0.63730404182842
"5" 0.294229779481164 0.598652366459442 0.563752045706105 0.538693475986277 0 0.400447826651294 0.448787405067204 0.437385060677247 0.629196893684026 0.292541235833687 0.451241098102452 0.399687664138717 0.513691962545712 0.420932853762902 0.444039672058784 0.162803416626393 0.389911279001285 0.5861189318099 0.111366378424931 0.48140069446222 0.571366661274439 0.643863530653702 0.564757574930353 0.164520658104587 0.245422425174374 0.179976501868157 0.534488092862428 0.421902649974245 0.570125890985099 0.583196684955554 0.607819677521079 0.624427598854068 0.195865980108491 0.410858311137093 0.246227125685707 0.574984324725378 0.486951828678372 0.42854538515394 0.177028888346403 0.329396324227559 0.28867859249244 0.192245412103487
"6" 0.176057976616719 0.298437695917176 0.213088426327869 0.858380183373786 0.400447826651294 0 0.265169253933609 0.426633092968669 0.37685179036549 0.320723656067155 0.0669394463404254 0.2828703122238 0.866390899677468 0.709437515223948 0.736849099857104 0.561089500851348 0.7712625532686 0.186296974216538 0.38690554142658 0.808113106484502 0.290154169151899 0.448476540629963 0.588776104322108 0.236076421657784 0.37147864744024 0.568071116419413 0.842718711423164 0.0678828861639037 0.248286439952124 0.380028466524902 0.660209332508395 0.460152924759112 0.551080273704343 0.751505672300308 0.605755815913684 0.393179908645928 0.374472490780222 0.309706698659117 0.446332642065903 0.107170225544144 0.317987675280886 0.514616352183559
"7" 0.391960952490421 0.172612805096726 0.203763469788834 0.981555322161341 0.448787405067204 0.265169253933609 0 0.193746338053329 0.639590537901918 0.187838167414518 0.320332787390271 0.0641520250033876 0.962376202510331 0.580253896792484 0.87527970725841 0.572505872777715 0.835147456419501 0.358138526157647 0.49936036931429 0.925442515910831 0.139097822289484 0.713637352463939 0.82669440885409 0.325536862551308 0.263822758629673 0.557673027552121 0.711471485297614 0.332760592995104 0.502899201594462 0.645160394006186 0.893741621112933 0.72464276212494 0.508632369895064 0.857309976942765 0.694010677390705 0.657729300684099 0.63008072065562 0.0636652217696 0.576574171814499 0.337653252581888 0.189225745370517 0.457126580390319
"8" 0.503805493812037 0.34512750225321 0.396475551174586 0.970245209378487 0.437385060677247 0.426633092968669 0.193746338053329 0 0.801441296771541 0.154611635285073 0.490038873907713 0.147430798288907 0.931221069990995 0.419100553539345 0.881221917157779 0.511419775877005 0.787407511239397 0.548436712213734 0.523298738084582 0.912311026519974 0.311407623774583 0.864647371099242 0.923749965350489 0.380255842233772 0.193401519141731 0.482542441593028 0.542954266362275 0.493155204894946 0.674329149464559 0.794963605405612 0.983622956232029 0.868278850587158 0.41688702630861 0.839198394722981 0.675176899191746 0.80282379678551 0.756610378819747 0.130696590342561 0.601595475594081 0.467991033716968 0.159051865704996 0.362962883955306
"9" 0.345169347419401 0.624228789208845 0.519548577000789 0.875784983427718 0.629196893684026 0.37685179036549 0.639590537901918 0.801441296771541 0 0.680212008567614 0.319481132687668 0.659529421275667 0.925869310711037 1.0246115046836 0.74900371866125 0.781077725502143 0.890826393084105 0.346708890675096 0.549007087407263 0.843029809140375 0.630005193240703 0.0990802216269685 0.395716983597582 0.50667408487508 0.713468302782036 0.807418343008311 1.15070914551349 0.309188693001941 0.146437487306289 0.0751192289454005 0.465437484490652 0.138555731510465 0.821055436215555 0.814518751387424 0.725513035934428 0.103112319798894 0.19615491456892 0.686531353192262 0.557001891956308 0.346619381194194 0.676702439084497 0.802409386982724
"10" 0.361116579450182 0.359460979261999 0.368601262987503 0.830788449005218 0.292541235833687 0.320723656067155 0.187838167414518 0.154611635285073 0.680212008567614 0 0.387607139765929 0.125470326130894 0.799973112672234 0.408518154588554 0.73554441817241 0.393284094896372 0.663823117903315 0.477868111463066 0.370859302200045 0.773261129520727 0.326522658799142 0.734096925096312 0.771694436833051 0.226727434052813 0.0760459674978325 0.373992671591442 0.542419310870249 0.381085369543811 0.565658993871515 0.664637758161796 0.830329754470572 0.733088769929549 0.321453760061114 0.701698475224486 0.536690660505457 0.669380544487628 0.614420104156662 0.146116891881129 0.449642276553823 0.335816563646 0.00445282648133708 0.269453515572766
"11" 0.193019376003575 0.323922772168772 0.226267284377994 0.881721802803608 0.451241098102452 0.0669394463404254 0.320332787390271 0.490038873907713 0.319481132687668 0.387607139765929 0 0.344503187377509 0.896911671559118 0.774911533886056 0.75736292512957 0.613551753258948 0.810485773834919 0.139746504405457 0.424525906871481 0.833725072573013 0.32228421828756 0.397733262822589 0.569179924025263 0.289077537611541 0.438014828514491 0.623599299004154 0.907884718694811 0.0376906722986555 0.184492873402632 0.331264765305871 0.642375791657854 0.414222094777456 0.610816686507836 0.78102037297183 0.642293777304419 0.347672798057122 0.344312601398733 0.369534863538476 0.476486668797526 0.130152535920086 0.384895241528005 0.576390009131828
"12" 0.383349868701633 0.236719623932432 0.261943718025629 0.936657209381851 0.399687664138717 0.2828703122238 0.0641520250033876 0.147430798288907 0.659529421275667 0.125470326130894 0.344503187377509 0 0.912857296669885 0.516947482794389 0.834301177128684 0.515271086892459 0.781758893437956 0.402248505723855 0.460176996386794 0.879891459109931 0.203069506538583 0.727321457267129 0.815386719747458 0.292208484086165 0.201015169722882 0.498258277532982 0.648684622989622 0.350347856283262 0.528995723475693 0.657939344757222 0.87988501616956 0.734325331413824 0.446921487171467 0.810291863789136 0.645897954047467 0.667952524808479 0.630707400396022 0.0333144484402325 0.538683158025103 0.337363842771664 0.127284816002029 0.394843653282427
"13" 0.704645085071735 1.10710426290486 1.05955153222141 0.103277955021317 0.513691962545712 0.866390899677468 0.962376202510331 0.931221069990995 0.925869310711037 0.799973112672234 0.896911671559118 0.912857296669885 0 0.708248226889906 0.188060275953114 0.423945040231138 0.156373142485462 1.03603357459743 0.482153563703268 0.0917372299232715 1.08162932586124 0.883985721335257 0.61655817763817 0.65447374714745 0.739901966848505 0.461208790924151 0.73742880681434 0.860421244591995 0.942002081920757 0.854564986123642 0.596578217095889 0.843119773680269 0.535211846299163 0.116288747560354 0.269089476046082 0.831391969090316 0.730686565692667 0.940865069232484 0.420720801963328 0.767515984699295 0.796522357412679 0.583258702002327
"14" 0.679500702541212 0.750281015852885 0.775144098044141 0.784136785556272 0.420932853762902 0.709437515223948 0.580253896792484 0.419100553539345 1.0246115046836 0.408518154588554 0.774911533886056 0.516947482794389 0.708248226889906 0 0.7458517570529 0.338555068027639 0.552385379884873 0.881330796571657 0.529500360957456 0.730658084979558 0.71602081867179 1.05360816863436 0.98005070418433 0.518046674856048 0.341827823506369 0.292114961436893 0.134209591624733 0.758942510948453 0.936435847205191 0.988954209785544 1.01606006704277 1.03874445767102 0.233655099622142 0.6591575220639 0.53269197105121 0.984640093838493 0.903085057010234 0.521508026928529 0.578128350622382 0.686822042728605 0.409410814189103 0.229325629294291
"15" 0.565067928595558 1.00262746556871 0.94179936227775 0.128210857541353 0.444039672058784 0.736849099857104 0.87527970725841 0.881221917157779 0.74900371866125 0.73554441817241 0.75736292512957 0.834301177128684 0.188060275953114 0.7458517570529 0 0.416425424106008 0.244725966496181 0.89329278448902 0.376009563895932 0.0974361191216903 0.980905803182431 0.70120982862834 0.428540375351754 0.551770765057984 0.68842101518452 0.461993422417166 0.805532966127066 0.719849652397481 0.778636928645954 0.67608476974295 0.411040928392909 0.659157379236999 0.533997932929861 0.111378524393258 0.218946591345285 0.651656233221721 0.552866912334025 0.865256500781992 0.300329750566619 0.632189219245167 0.731540466113565 0.570992966504109
"16" 0.454532817970298 0.734641953730407 0.711988384268095 0.477181184221226 0.162803416626393 0.561089500851348 0.572505872777715 0.511419775877005 0.781077725502143 0.393284094896372 0.613551753258948 0.515271086892459 0.423945040231138 0.338555068027639 0.416425424106008 0 0.27613040575309 0.747254499919328 0.234182810608016 0.419903174201123 0.704707292419875 0.786099735459452 0.657394229108154 0.325234950939202 0.325198854006564 0.0466417526607678 0.424827199192057 0.584627650922797 0.730687792656667 0.729589046445282 0.68610805573425 0.76173458796659 0.11781700745436 0.345340903106724 0.198146846592108 0.718254986946008 0.623831650918757 0.539080256564859 0.256725491973148 0.49215710555326 0.390518554346292 0.160360330152649
"17" 0.624175811244197 0.98852038541128 0.951020475849709 0.23679148442445 0.389911279001285 0.7712625532686 0.835147456419501 0.787407511239397 0.890826393084105 0.663823117903315 0.810485773834919 0.781758893437956 0.156373142485462 0.552385379884873 0.244725966496181 0.27613040575309 0 0.950075314099212 0.385965791615712 0.190015185641431 0.960931961991305 0.865028911502817 0.638942558942858 0.544857515850587 0.59922306169859 0.30962142043206 0.587332474592129 0.775920321021546 0.882981069323065 0.824740955732449 0.637066749290684 0.828993141931065 0.382564715925746 0.133991746331843 0.170439147224186 0.805162745184927 0.702849470950147 0.807874883740055 0.343452971844855 0.680552729035587 0.660690178315588 0.432423996356771
"18" 0.331454326226491 0.288331656669734 0.184862264130621 1.01864551926935 0.5861189318099 0.186296974216538 0.358138526157647 0.548436712213734 0.346708890675096 0.477868111463066 0.139746504405457 0.402248505723855 1.03603357459743 0.881330796571657 0.89329278448902 0.747254499919328 0.950075314099212 0 0.564113586042791 0.971565864487327 0.301661340477604 0.441470633962218 0.669697262163193 0.422069160279136 0.539591156905275 0.754265401933231 1.01545871773655 0.175634416362703 0.202024274451621 0.385792005995676 0.744013482693924 0.470357231186942 0.735413014775745 0.920008541860571 0.782030451479043 0.40933176734599 0.43681403678488 0.41854154752261 0.615908370478354 0.26989891919276 0.476107125618501 0.696877997075029
"19" 0.241032861147064 0.630108323117981 0.577647373439314 0.48627826907849 0.111366378424931 0.38690554142658 0.49936036931429 0.523298738084582 0.549007087407263 0.370859302200045 0.424525906871481 0.460176996386794 0.482153563703268 0.529500360957456 0.376009563895932 0.234182810608016 0.385965791615712 0.564113586042791 0 0.432048309594161 0.60690043270191 0.551948747631647 0.453481478983131 0.176510241205774 0.338542238030934 0.266256851922212 0.638413282490744 0.390156889790345 0.511156913346019 0.495683126083075 0.496762827746999 0.528277525727058 0.299385832855969 0.369374864134529 0.218863086804354 0.484074107918898 0.390228472776074 0.491860504282569 0.0790365980653692 0.294676609240154 0.366576968641516 0.302308574174232
"20" 0.64070592627607 1.06207103099501 1.00776532165462 0.0580128718078752 0.48140069446222 0.808113106484502 0.925442515910831 0.912311026519974 0.843029809140375 0.773261129520727 0.833725072573013 0.879891459109931 0.0917372299232715 0.730658084979558 0.0974361191216903 0.419903174201123 0.190015185641431 0.971565864487327 0.432048309594161 0 1.03838806295956 0.797524117639801 0.525298011817899 0.608091052554483 0.719046198393636 0.462160375166747 0.775003920357914 0.796608582775049 0.866633623959723 0.770728903709958 0.504872196780525 0.755858657430157 0.536537690298132 0.0746072227776649 0.237197760991614 0.746793791959828 0.647120367527263 0.909474700913135 0.362867619468482 0.705970115789477 0.769517837524504 0.579859319063737
"21" 0.453790516996976 0.0342864971506414 0.117021888986937 1.09311513555952 0.571366661274439 0.290154169151899 0.139097822289484 0.311407623774583 0.630005193240703 0.326522658799142 0.32228421828756 0.203069506538583 1.08162932586124 0.71602081867179 0.980905803182431 0.704707292419875 0.960931961991305 0.301661340477604 0.60690043270191 1.03838806295956 0 0.715991506105097 0.878687262885912 0.430438624882842 0.402568042172138 0.692612842073893 0.84576858777268 0.348220642874963 0.48460349975007 0.651589568513973 0.949668356439611 0.735514101834988 0.64618479367718 0.973036228120736 0.812551052965399 0.669356285611365 0.662861141044278 0.194518021104498 0.680614567460546 0.388751448673362 0.327705861144786 0.59526896917759
"22" 0.380731973421585 0.712602633244399 0.608750281108566 0.825141767230938 0.643863530653702 0.448476540629963 0.713637352463939 0.864647371099242 0.0990802216269685 0.734096925096312 0.397733262822589 0.727321457267129 0.883985721335257 1.05360816863436 0.70120982862834 0.786099735459452 0.865028911502817 0.441470633962218 0.551948747631647 0.797524117639801 0.715991506105097 0 0.316128884822442 0.541215115163735 0.759008011792269 0.816996760713876 1.17524682104694 0.380945329247986 0.239470607865742 0.0697055894931734 0.381399829548032 0.0468637769914428 0.83927538701274 0.776853461726115 0.705978375697553 0.0690574980374908 0.164889167268782 0.756154752605776 0.545742747017157 0.398674267067681 0.73028872178498 0.826726339516088
"23" 0.434733664977254 0.886819354254973 0.794561697439555 0.540681489653019 0.564757574930353 0.588776104322108 0.82669440885409 0.923749965350489 0.395716983597582 0.771694436833051 0.569179924025263 0.815386719747458 0.61655817763817 0.98005070418433 0.428540375351754 0.657394229108154 0.638942558942858 0.669697262163193 0.453481478983131 0.525298011817899 0.878687262885912 0.316128884822442 0 0.545304392242174 0.765184553842561 0.699409494549382 1.080771248194 0.536417856958181 0.489299948711688 0.322805462193427 0.0743459480312594 0.269309192109664 0.746931665639926 0.524854236372796 0.511023534896466 0.293905053517494 0.233357352875437 0.848391625402545 0.403116805393003 0.492852467030322 0.767275504023724 0.755253460344469
"24" 0.161983663977381 0.454047106938668 0.406755641329325 0.66267737846124 0.164520658104587 0.236076421657784 0.325536862551308 0.380255842233772 0.50667408487508 0.226727434052813 0.289077537611541 0.292208484086165 0.65447374714745 0.518046674856048 0.551770765057984 0.325234950939202 0.544857515850587 0.422069160279136 0.176510241205774 0.608091052554483 0.430438624882842 0.541215115163735 0.545304392242174 0 0.225805860112323 0.334638930894697 0.645508191749419 0.262167661475836 0.424725399646422 0.474386047753661 0.603622066539125 0.531897239412809 0.327057471388566 0.543782125587152 0.386533409597965 0.473049419710712 0.403105067473984 0.325054637326668 0.25178166648964 0.175109170955564 0.22228815280241 0.299814885721198
"25" 0.379034673955733 0.4354897087838 0.441598853176036 0.776953589537856 0.245422425174374 0.37147864744024 0.263822758629673 0.193401519141731 0.713468302782036 0.0760459674978325 0.438014828514491 0.201015169722882 0.739901966848505 0.341827823506369 0.68842101518452 0.325198854006564 0.59922306169859 0.539591156905275 0.338542238030934 0.719046198393636 0.402568042172138 0.759008011792269 0.765184553842561 0.225805860112323 0 0.302341258934149 0.476018758286471 0.426188203875983 0.608875838632757 0.690491352175798 0.819224054080629 0.75344340051846 0.246570446285823 0.646115418639537 0.481869659726075 0.692185699403712 0.627789676494383 0.219299154988942 0.415025161611024 0.366967091668507 0.0750333339290995 0.193960053032583
"26" 0.474136103819663 0.723545239916398 0.707486308288242 0.518987751608058 0.179976501868157 0.568071116419413 0.557673027552121 0.482542441593028 0.807418343008311 0.373992671591442 0.623599299004154 0.498258277532982 0.461208790924151 0.292114961436893 0.461993422417166 0.0466417526607678 0.30962142043206 0.754265401933231 0.266256851922212 0.462160375166747 0.692612842073893 0.816996760713876 0.699409494549382 0.334638930894697 0.302341258934149 0 0.3814983807134 0.596567573446752 0.749806856929449 0.758659244640882 0.729911100354035 0.794384705517044 0.0745352652888548 0.38781192852484 0.244262014937227 0.748632443858374 0.656312693677929 0.520051734727306 0.297009869187861 0.506403370123572 0.37163222084633 0.122830696505023
"27" 0.805723832421565 0.880054820521471 0.908137621229365 0.824093959122737 0.534488092862428 0.842718711423164 0.711471485297614 0.542954266362275 1.15070914551349 0.542419310870249 0.907884718694811 0.648684622989622 0.73742880681434 0.134209591624733 0.805532966127066 0.424827199192057 0.587332474592129 1.01545871773655 0.638413282490744 0.775003920357914 0.84576858777268 1.17524682104694 1.080771248194 0.645508191749419 0.476018758286471 0.3814983807134 0 0.891062142230673 1.06693709931128 1.11200669707911 1.1109332865493 1.15802662546236 0.339337380953113 0.708326882237868 0.604472371985117 1.10618943794742 1.02104990265519 0.65157076853084 0.677890612319492 0.816693205898411 0.543390284849729 0.348842049715555
"28" 0.155998035554431 0.352498424640942 0.258156958772676 0.844377695668995 0.421902649974245 0.0678828861639037 0.332760592995104 0.493155204894946 0.309188693001941 0.381085369543811 0.0376906722986555 0.350347856283262 0.860421244591995 0.758942510948453 0.719849652397481 0.584627650922797 0.775920321021546 0.175634416362703 0.390156889790345 0.796608582775049 0.348220642874963 0.380945329247986 0.536417856958181 0.262167661475836 0.426188203875983 0.596567573446752 0.891062142230673 0 0.184599220540306 0.312797530941793 0.609174456755118 0.393757567571366 0.587183154462301 0.744428920297485 0.60719946728352 0.32680712380995 0.314924543429682 0.377505305902765 0.440296553267846 0.0955805963281704 0.37804445706673 0.554968946339436
"29" 0.276174794484829 0.478034253310952 0.373248714750209 0.906809593071568 0.570125890985099 0.248286439952124 0.502899201594462 0.674329149464559 0.146437487306289 0.565658993871515 0.184492873402632 0.528995723475693 0.942002081920757 0.936435847205191 0.778636928645954 0.730687792656667 0.882981069323065 0.202024274451621 0.511156913346019 0.866633623959723 0.48460349975007 0.239470607865742 0.489299948711688 0.424725399646422 0.608875838632757 0.749806856929449 1.06693709931128 0.184599220540306 0 0.185485842728876 0.563107476544796 0.269188798620941 0.75094354119944 0.826631872237625 0.712876796869035 0.210774927944798 0.258508037803472 0.553775810321532 0.539659618866346 0.25053229680114 0.562592028272748 0.724282884436015
"30" 0.313093067127679 0.649618472705111 0.546640696854062 0.802412876160475 0.583196684955554 0.380028466524902 0.645160394006186 0.794963605405612 0.0751192289454005 0.664637758161796 0.331264765305871 0.657939344757222 0.854564986123642 0.988954209785544 0.67608476974295 0.729589046445282 0.824740955732449 0.385792005995676 0.495683126083075 0.770728903709958 0.651589568513973 0.0697055894931734 0.322805462193427 0.474386047753661 0.690491352175798 0.758659244640882 1.11200669707911 0.312797530941793 0.185485842728876 0 0.393771562196707 0.0850218766461592 0.777750998890138 0.744277844001053 0.661651179432734 0.0289124987536057 0.123898985399069 0.686948721213647 0.496333177269612 0.329074082408438 0.660849477926846 0.763191946989082
"31" 0.502248690008255 0.958554143809495 0.867312408176872 0.512584568005378 0.607819677521079 0.660209332508395 0.893741621112933 0.983622956232029 0.465437484490652 0.830329754470572 0.642375791657854 0.87988501616956 0.596578217095889 1.01606006704277 0.411040928392909 0.68610805573425 0.637066749290684 0.744013482693924 0.496762827746999 0.504872196780525 0.949668356439611 0.381399829548032 0.0743459480312594 0.603622066539125 0.819224054080629 0.729911100354035 1.1109332865493 0.609174456755118 0.563107476544796 0.393771562196707 0 0.334640423887021 0.782410536142453 0.514899331563464 0.524702947126025 0.364877711431732 0.307690067580613 0.913053133768923 0.438317615171792 0.562410608906786 0.825886674082041 0.795150606239105
"32" 0.374515715453363 0.734114232804218 0.631401832879751 0.782169973868156 0.624427598854068 0.460152924759112 0.72464276212494 0.868278850587158 0.138555731510465 0.733088769929549 0.414222094777456 0.734325331413824 0.843119773680269 1.03874445767102 0.659157379236999 0.76173458796659 0.828993141931065 0.470357231186942 0.528277525727058 0.755858657430157 0.735514101834988 0.0468637769914428 0.269309192109664 0.531897239412809 0.75344340051846 0.794384705517044 1.15802662546236 0.393757567571366 0.269188798620941 0.0850218766461592 0.334640423887021 0 0.820285344151286 0.737384245272949 0.672599379425383 0.0669756556523528 0.138072348964586 0.764138376591495 0.516410636808505 0.400329459569834 0.729140679418186 0.810526718084572
"33" 0.47948187118848 0.678271602226815 0.671589273727186 0.593453047673261 0.195865980108491 0.551080273704343 0.508632369895064 0.41688702630861 0.821055436215555 0.321453760061114 0.610816686507836 0.446921487171467 0.535211846299163 0.233655099622142 0.533997932929861 0.11781700745436 0.382564715925746 0.735413014775745 0.299385832855969 0.536537690298132 0.64618479367718 0.83927538701274 0.746931665639926 0.327057471388566 0.246570446285823 0.0745352652888548 0.339337380953113 0.587183154462301 0.75094354119944 0.777750998890138 0.782410536142453 0.820285344151286 0 0.462122325566547 0.315315730590527 0.770311099104713 0.682806469931842 0.465838359446544 0.344536311161327 0.502150517305477 0.319700192173756 0.0541123827367668
"34" 0.588572581971299 0.997599835202209 0.946959303561266 0.132307366143365 0.410858311137093 0.751505672300308 0.857309976942765 0.839198394722981 0.814518751387424 0.701698475224486 0.78102037297183 0.810291863789136 0.116288747560354 0.6591575220639 0.111378524393258 0.345340903106724 0.133991746331843 0.920008541860571 0.369374864134529 0.0746072227776649 0.973036228120736 0.776853461726115 0.524854236372796 0.543782125587152 0.646115418639537 0.38781192852484 0.708326882237868 0.744428920297485 0.826631872237625 0.744277844001053 0.514899331563464 0.737384245272949 0.462122325566547 0 0.165011841418184 0.721970442454692 0.620443067741588 0.839393493132631 0.305307306129572 0.651832702337807 0.698026367785771 0.505255132531455
"35" 0.454371191112584 0.838163010868497 0.792853712979344 0.29508425139837 0.246227125685707 0.605755815913684 0.694010677390705 0.675176899191746 0.725513035934428 0.536690660505457 0.642293777304419 0.645897954047467 0.269089476046082 0.53269197105121 0.218946591345285 0.198146846592108 0.170439147224186 0.782030451479043 0.218863086804354 0.237197760991614 0.812551052965399 0.705978375697553 0.511023534896466 0.386533409597965 0.481869659726075 0.244262014937227 0.604472371985117 0.60719946728352 0.712876796869035 0.661651179432734 0.524702947126025 0.672599379425383 0.315315730590527 0.165011841418184 0 0.64363760326469 0.541865987199479 0.674722236885838 0.173217283336645 0.512159565100134 0.533015207611669 0.352248842619441
"36" 0.313331291102205 0.66854531381399 0.566355057924093 0.777501311108669 0.574984324725378 0.393179908645928 0.657729300684099 0.80282379678551 0.103112319798894 0.669380544487628 0.347672798057122 0.667952524808479 0.831391969090316 0.984640093838493 0.651656233221721 0.718254986946008 0.805162745184927 0.40933176734599 0.484074107918898 0.746793791959828 0.669356285611365 0.0690574980374908 0.293905053517494 0.473049419710712 0.692185699403712 0.748632443858374 1.10618943794742 0.32680712380995 0.210774927944798 0.0289124987536057 0.364877711431732 0.0669756556523528 0.770311099104713 0.721970442454692 0.64363760326469 0 0.102339305475666 0.697591688941259 0.480611584796988 0.335213396060036 0.665495388821394 0.757675628921257
"37" 0.253487523952558 0.667299557825548 0.570489412906535 0.679647966559956 0.486951828678372 0.374472490780222 0.63008072065562 0.756610378819747 0.19615491456892 0.614420104156662 0.344312601398733 0.630707400396022 0.730686565692667 0.903085057010234 0.552866912334025 0.623831650918757 0.702849470950147 0.43681403678488 0.390228472776074 0.647120367527263 0.662861141044278 0.164889167268782 0.233357352875437 0.403105067473984 0.627789676494383 0.656312693677929 1.02104990265519 0.314924543429682 0.258508037803472 0.123898985399069 0.307690067580613 0.138072348964586 0.682806469931842 0.620443067741588 0.541865987199479 0.102339305475666 0 0.662224577348537 0.380905734790586 0.293670439533403 0.61027746530216 0.674317695507445
"38" 0.415886354375363 0.228773204638325 0.26740654476699 0.966429082074958 0.42854538515394 0.309706698659117 0.0636652217696 0.130696590342561 0.686531353192262 0.146116891881129 0.369534863538476 0.0333144484402325 0.940865069232484 0.521508026928529 0.865256500781992 0.539080256564859 0.807874883740055 0.41854154752261 0.491860504282569 0.909474700913135 0.194518021104498 0.756154752605776 0.848391625402545 0.325054637326668 0.219299154988942 0.520051734727306 0.65157076853084 0.377505305902765 0.553775810321532 0.686948721213647 0.913053133768923 0.764138376591495 0.465838359446544 0.839393493132631 0.674722236885838 0.697591688941259 0.662224577348537 0 0.570530328384512 0.368637703454002 0.148665565651 0.412920733057219
"39" 0.28516213861036 0.702642154202551 0.645075477722257 0.415123351726 0.177028888346403 0.446332642065903 0.576574171814499 0.601595475594081 0.557001891956308 0.449642276553823 0.476486668797526 0.538683158025103 0.420720801963328 0.578128350622382 0.300329750566619 0.256725491973148 0.343452971844855 0.615908370478354 0.0790365980653692 0.362867619468482 0.680614567460546 0.545742747017157 0.403116805393003 0.25178166648964 0.415025161611024 0.297009869187861 0.677890612319492 0.440296553267846 0.539659618866346 0.496333177269612 0.438317615171792 0.516410636808505 0.344536311161327 0.305307306129572 0.173217283336645 0.480611584796988 0.380905734790586 0.570530328384512 0 0.346845879049704 0.445379084348451 0.357495434620666
"40" 0.0688957958622929 0.400613290625356 0.319797066740894 0.755067340737458 0.329396324227559 0.107170225544144 0.337653252581888 0.467991033716968 0.346619381194194 0.335816563646 0.130152535920086 0.337363842771664 0.767515984699295 0.686822042728605 0.632189219245167 0.49215710555326 0.680552729035587 0.26989891919276 0.294676609240154 0.705970115789477 0.388751448673362 0.398674267067681 0.492852467030322 0.175109170955564 0.366967091668507 0.506403370123572 0.816693205898411 0.0955805963281704 0.25053229680114 0.329074082408438 0.562410608906786 0.400329459569834 0.502150517305477 0.651832702337807 0.512159565100134 0.335213396060036 0.293670439533403 0.368637703454002 0.346845879049704 0 0.332098217411624 0.473952179573757
"41" 0.357010106159142 0.360522042975426 0.368389174331835 0.827022477130091 0.28867859249244 0.317987675280886 0.189225745370517 0.159051865704996 0.676702439084497 0.00445282648133708 0.384895241528005 0.127284816002029 0.796522357412679 0.409410814189103 0.731540466113565 0.390518554346292 0.660690178315588 0.476107125618501 0.366576968641516 0.769517837524504 0.327705861144786 0.73028872178498 0.767275504023724 0.22228815280241 0.0750333339290995 0.37163222084633 0.543390284849729 0.37804445706673 0.562592028272748 0.660849477926846 0.825886674082041 0.729140679418186 0.319700192173756 0.698026367785771 0.533015207611669 0.665495388821394 0.61027746530216 0.148665565651 0.445379084348451 0.332098217411624 0 0.267916161376273
"42" 0.457924449591561 0.62769858452045 0.624768661095452 0.63730404182842 0.192245412103487 0.514616352183559 0.457126580390319 0.362962883955306 0.802409386982724 0.269453515572766 0.576390009131828 0.394843653282427 0.583258702002327 0.229325629294291 0.570992966504109 0.160360330152649 0.432423996356771 0.696877997075029 0.302308574174232 0.579859319063737 0.59526896917759 0.826726339516088 0.755253460344469 0.299814885721198 0.193960053032583 0.122830696505023 0.348842049715555 0.554968946339436 0.724282884436015 0.763191946989082 0.795150606239105 0.810526718084572 0.0541123827367668 0.505255132531455 0.352248842619441 0.757675628921257 0.674317695507445 0.412920733057219 0.357495434620666 0.473952179573757 0.267916161376273 0
