"V1" "V2" "V3" "V4" "V5" "V6" "V7" "V8" "V9" "V10" "V11" "V12" "V13" "V14" "V15" "V16" "V17" "V18" "V19" "V20" "V21" "V22" "V23" "V24" "V25" "V26" "V27" "V28" "V29" "V30" "V31" "V32" "V33" "V34" "V35" "V36" "V37" "V38" "V39" "V40" "V41" "V42" "V43" "V44" "V45" "V46" "V47" "V48" "V49" "V50" "V51" "V52" "V53" "V54" "V55" "V56" "V57" "V58" "V59" "V60" "V61" "V62" "V63" "V64" "V65" "V66" "V67" "V68" "V69" "V70" "V71" "V72" "V73" "V74" "V75" "V76" "V77" "V78" "V79" "V80" "V81" "V82" "V83" "V84"
"1" 0 1.1682112727538 0.448309107467348 0.635863913148377 0.779597693069569 0.836390454307119 0.824987894458633 0.782575520798702 0.814650178598837 0.536227230754974 0.0779470338763451 1.09942526642089 0.213647199199931 0.385408246218928 0.828762404236982 0.603745074393195 0.499914398650379 0.663272850780197 1.04890770601677 1.03242945133391 0.420945562188037 0.353828249783362 0.881561400586118 1.05070585142824 0.61585071145692 0.389544491767469 0.462974660303114 0.496165257388282 0.746966559930496 0.558738446154133 0.926738955018369 0.121641566149572 0.734435249906078 0.568246381812743 0.286487230764531 0.831880523878499 0.795571277379334 0.891386214806549 0.795644889417758 0.712055373142881 0.497866432346029 0.681323979406206 0.358013294207107 0.856124982089837 0.0106160926207477 0.809728937658331 0.507273024546075 0.349844514276434 0.527309832700862 0.519352964448341 0.720661235470871 0.709084567664781 0.531397547129002 0.631274875001235 0.179945647261636 0.389588002775035 0.643987144417947 0.204744612995685 0.392378148415368 0.341185212304839 0.926390402111174 0.501941099447323 0.915031534543838 0.394860954630994 0.792398965876394 0.311194744399974 0.197731843195544 0.997238770211376 0.0689076748097409 0.254919020637921 0.556125259495464 1.03887936806099 0.442978146358373 0.590935359582851 0.387379386093446 0.851858578848863 0.672630511546256 0.771874026352967 0.838803149885338 0.685043036793027 0.875937770068239 0.516872460188725 0.968875899254141 0.848249966252134
"2" 1.1682112727538 0 0.895141787146897 0.615817902609379 0.89163542758267 0.401378247381838 0.507864882871708 0.500103983295299 0.539776545758686 0.707670946442 1.09848946989495 0.172561365742426 1.06379054436184 0.784244765221635 0.344778161252535 0.574974118240014 0.720783905895718 0.556659213008123 0.16080405975359 0.23544201173728 0.750316387928864 0.867937565957651 0.516785665949742 0.238968889280631 0.729528551420725 0.955604398629152 0.714514300366889 0.866997294195603 0.476473492519319 0.625338992094614 0.590537989801022 1.14012294948704 0.714750453933555 0.87724429284215 0.955982832351153 0.667447155535931 0.770241006991138 0.330871200416146 0.375108811792002 0.61507752496896 0.740170491968734 0.531372200728037 0.901749054694807 0.717048468954808 1.17015566431335 0.816499249991206 0.836673717404229 0.825992427566407 0.641462398621627 0.650602463530115 0.942202843139016 0.551096051524411 0.897819219248904 0.874927753053771 1.03216302533659 0.809877016869711 0.546277062215534 0.966235250495141 0.853954975310769 1.00313872811202 0.651146886141995 0.668271822490866 0.51560837531833 0.847327427760241 0.582164964134718 0.890953862792477 1.02112875598124 0.383617873143263 1.11844678675406 0.933992069758692 0.635771772523037 0.245777444836741 0.755239258306582 0.609235120812409 0.787909674146105 0.443080892997902 0.709207909954457 0.510322379054202 0.646953143505361 0.496386771076969 0.31332067982657 0.652232487171822 0.283025566246734 0.320755709507806
"3" 0.448309107467348 0.895141787146897 0 0.279892150799532 0.918470774193337 0.501153931608393 0.437844724978961 0.698028911748619 0.763103185598866 0.191045069414451 0.374674014393297 0.889495919422907 0.526512559594545 0.285019967692138 0.614581815566727 0.354492224987237 0.193968882158407 0.574058593661024 0.825009759465288 0.8438581170763 0.358959508305843 0.467271606003152 0.822702512119521 0.713532084712807 0.666660833598613 0.602128597283433 0.400276801298481 0.640856928801228 0.626427719957799 0.460608548630516 0.904954956911373 0.514832500067189 0.295595458147642 0.123048260381139 0.489980758898596 0.395687913690756 0.348020144989798 0.569924391938663 0.540261968686173 0.694327721920552 0.166605939596654 0.57529639958086 0.104345062355426 0.412079674234811 0.456878801258724 0.361633508246573 0.0685564181899978 0.246057228816647 0.381099347169605 0.388526809387708 0.892980520824578 0.639785844488726 0.698173051767747 0.187272900138481 0.269610535439057 0.435348634506701 0.52016572726446 0.302849957533785 0.506092712591655 0.593625827329257 0.933350098684794 0.382078259749702 0.50809139683363 0.113027225127253 0.764278878815852 0.431596147099957 0.463187282154186 0.876336776437865 0.37940515385803 0.234051010135547 0.286943718488753 0.856131308867329 0.202704738528947 0.29969101697012 0.371149534140369 0.485562526625631 0.715166301537094 0.691741449647128 0.406185730104435 0.528146459864319 0.677111210284254 0.341079540862762 0.636680476821595 0.594823620372173
"4" 0.635863913148377 0.615817902609379 0.279892150799532 0 0.82451063676943 0.222464169564011 0.189824915581991 0.50282040220565 0.577212395062258 0.102885708898431 0.558254619551337 0.621819643960139 0.622652897297168 0.288506561966211 0.360418459677335 0.146236177858532 0.135990982865099 0.402191906584137 0.555364194015859 0.584588548543062 0.318215599527162 0.476055161434484 0.625206296399683 0.438238237254223 0.561954203113821 0.616400066760713 0.327028436788318 0.602222864564976 0.422266368734089 0.32418798208635 0.718925809224014 0.656538349928567 0.204044772369816 0.274395574769227 0.541256018510377 0.258548833881968 0.296568313198968 0.29032161637584 0.274966206714642 0.540286201120665 0.141219908746239 0.391846122332152 0.304335916597947 0.3096930526896 0.641394614841759 0.341320585868298 0.221206939948137 0.299101289681192 0.252004024807209 0.267568939284185 0.823053042315362 0.464810561471985 0.658882657673104 0.293045085513085 0.46702129407046 0.418234386856896 0.340558520065603 0.437800181632026 0.495933230097434 0.634110071344042 0.760272016775065 0.275116567235771 0.285241903258124 0.253086167647465 0.59183118720382 0.465263964134953 0.561217448814776 0.642818674036345 0.572501242767534 0.380945054052374 0.118459260072756 0.5983782708039 0.196144706463848 0.0894366178317685 0.355473087439923 0.218971944592106 0.59442373666345 0.500175018807734 0.253781860148268 0.322937777116687 0.424084789510222 0.216692952208103 0.359278432937237 0.326063860467208
"5" 0.779597693069569 0.89163542758267 0.918470774193337 0.82451063676943 0 0.84387609022574 0.940557990719199 0.411647489882994 0.354762603571062 0.80620552230408 0.763706667280483 0.732785705992035 0.567743075205052 0.633466102807427 0.632756417488027 0.679920378272957 0.7694684833986 0.441232195731044 0.731011330380349 0.659352932852874 0.560752828354486 0.473408733841108 0.37664387349587 0.95137577427401 0.2631325603649 0.390236460284691 0.524848269449011 0.295050806043006 0.473211759141391 0.500520646444038 0.32602670015126 0.670303003450428 1.02768413316671 1.01141046791425 0.503711450890894 1.07617233886695 1.120207256763 0.840019690272546 0.694608654122033 0.311865716815211 0.796758980413132 0.461317665493712 0.83121046249829 1.13130439315449 0.772898787664532 1.16290629609149 0.920060911950931 0.674960963670517 0.577246549215873 0.563260201519775 0.0787611332963026 0.396778010906069 0.249618715217019 1.06251372493716 0.792810901657663 0.48715763069088 0.498403659613391 0.694211299353667 0.428786748054245 0.439684662839873 0.277653778519791 0.560953211307328 1.03508996234244 0.805594102733599 0.313755642188616 0.519694642460835 0.586834670260312 0.52473267587842 0.785397357959601 0.7343155083916 0.713839657836135 0.65220115889396 0.727603137034381 0.735755825105016 0.547916209751142 0.909752613197407 0.23339740090701 0.404693916037713 1.06690384947343 0.537323845307814 0.617687503023886 0.617626029444836 0.896686311877775 0.703854242427533
"6" 0.836390454307119 0.401378247381838 0.501153931608393 0.222464169564011 0.84387609022574 0 0.128873569549105 0.453124322161313 0.52771910954548 0.322449446992366 0.760501691193666 0.439084878794652 0.786224436119777 0.459811606024943 0.241003371130451 0.242955012890502 0.346222192013406 0.404535757652327 0.371217679364147 0.421530185301991 0.457759259788688 0.610016202953187 0.555024204807115 0.217712504992316 0.599967907303569 0.735785502767002 0.442925781875621 0.687809737359793 0.377220298406617 0.389561096251387 0.653566071106806 0.838541898667394 0.323573150107814 0.475878017637365 0.689836933642028 0.302412975493685 0.394167772139691 0.0705228618307951 0.155121810715088 0.533275063386562 0.35900853268982 0.382940612824082 0.5239683195501 0.360230670605751 0.840665850339304 0.443334023029359 0.439272171260588 0.487408130078465 0.354814179344579 0.369881175502188 0.862995833432807 0.448145845729628 0.737514036202412 0.475239730487803 0.677234502352056 0.547210901656704 0.353179565220989 0.632498768150657 0.615462345654076 0.767406770364289 0.706393771720943 0.385340168816826 0.198702825715072 0.471040981892366 0.556444667002844 0.614428886384484 0.730532224394584 0.520161290145811 0.777134479035848 0.584619831938907 0.2804584373997 0.437381834097211 0.395401260370298 0.245490696550065 0.499230554570654 0.0719630791809963 0.61293277559986 0.455740708692565 0.284431895743569 0.307988776752867 0.292831297717665 0.341834772501438 0.137250116923501 0.173862874202603
"7" 0.824987894458633 0.507864882871708 0.437844724978961 0.189824915581991 0.940557990719199 0.128873569549105 0 0.566367343484244 0.642235771339642 0.289112233721356 0.747221150599641 0.56407435014885 0.808206998322859 0.473379155713369 0.364976597032572 0.284126191640123 0.325586818835192 0.499741357675908 0.49657698893961 0.549857831341221 0.491693980180127 0.650105276175045 0.674896884462146 0.289815753138194 0.686605950606021 0.785763040504659 0.48959030873164 0.754872419720775 0.487168334394119 0.458582650952429 0.773327307699108 0.845795260111804 0.206978817516309 0.385724613182259 0.721652470869983 0.173649047216307 0.268292519354767 0.188287727250192 0.274454160603658 0.635168987246327 0.327717034785955 0.481344637656467 0.484546732244428 0.231359675186599 0.830705905461656 0.316903723106307 0.370517987627066 0.488093120894783 0.404302235233911 0.420461063889179 0.952000970063941 0.551293232625988 0.808495935071553 0.372297028083498 0.653811785397233 0.589230506427844 0.442317126352409 0.627625085807593 0.663926463689518 0.809515517958348 0.823966102771255 0.432697316642212 0.101642958002904 0.436651197026785 0.667529835583257 0.6451318944469 0.747926297667644 0.648056974384321 0.760873022874346 0.570169636259375 0.292416013453135 0.565808368865793 0.385828610225604 0.256020992185185 0.531599016287403 0.0656014486989379 0.707281056510594 0.567574530632451 0.155559706138948 0.404895954399737 0.41987243052182 0.379048180705527 0.225503562056087 0.301243848324762
"8" 0.782575520798702 0.500103983295299 0.698028911748619 0.50282040220565 0.411647489882994 0.453124322161313 0.566367343484244 0 0.0762154722905342 0.529144906356576 0.729400250906054 0.364618459321372 0.624997084476855 0.454580849011472 0.224144464329952 0.36372848059074 0.508695925389528 0.128854214617978 0.341874232231129 0.287862154959516 0.386486911563817 0.434724991001112 0.125224918743666 0.539867644747826 0.232971981199597 0.482222583162766 0.337106063111696 0.379149472309153 0.081312185675879 0.24784769886994 0.216108037875505 0.718901618664802 0.700423517343078 0.751931952213096 0.517895404837149 0.723906823283514 0.790321027665259 0.437064284041996 0.298187314742826 0.114998331627809 0.538174670184223 0.122906020789118 0.646319137598782 0.782464396710229 0.781008622775242 0.838004658475512 0.670940912664396 0.506879623421169 0.319563996905709 0.31541753657496 0.450304942752569 0.073504721801281 0.402176346929695 0.786493582654032 0.701224105781523 0.39299051670775 0.177863760283176 0.608869217391973 0.405393717292014 0.536219677166924 0.260000360455416 0.326507779974851 0.6511904848407 0.60041527460713 0.104138253280321 0.472723738579288 0.599704759110644 0.215074898327561 0.752415598168016 0.609039316320871 0.422923129271801 0.287500864503676 0.49786177887609 0.427431541235076 0.407107266761357 0.523570768065976 0.209149192502028 0.0115527728872673 0.710522336686777 0.180185229639722 0.206490273891597 0.357575406226693 0.487812469974571 0.296874781553958
"9" 0.814650178598837 0.539776545758686 0.763103185598866 0.577212395062258 0.354762603571062 0.52771910954548 0.642235771339642 0.0762154722905342 0 0.599314814735385 0.766679934026873 0.389321809130686 0.643318213577846 0.508668628683006 0.294398390441171 0.436306617336412 0.576592647993635 0.189046123190222 0.379030283035968 0.313050115503502 0.436871708173313 0.461603639607248 0.0670890968235007 0.603137087009741 0.224805699052202 0.487005004250679 0.387302396831679 0.375702820328219 0.157290007204099 0.305421644858447 0.143254779888929 0.74161156523562 0.775873330967344 0.822040428013893 0.539549856645033 0.800116944680478 0.866039882393571 0.508686097534323 0.372603680297793 0.106029086057483 0.606204826839794 0.190062452319036 0.705852914622002 0.858662226824698 0.812177005262131 0.913576709681738 0.739277682987615 0.560808501879658 0.38224253165121 0.376116101935167 0.402426515381088 0.123638393516253 0.387826155968732 0.858436451630018 0.747367091524031 0.428033407817853 0.245274264575206 0.651818503946424 0.426999924007446 0.543431993430389 0.183995726126248 0.385237869471851 0.726125855314908 0.662133231650242 0.0425417994887933 0.503507977542175 0.625129521216084 0.204277772190578 0.789951025753551 0.658634529792016 0.49335918212914 0.308732086348116 0.561262885677642 0.49995357273874 0.452209115453088 0.598549527604261 0.184481952617436 0.0771675097156615 0.786734714263452 0.25428326670043 0.267544788725497 0.422061088142318 0.555687507057945 0.367490263904167
"10" 0.536227230754974 0.707670946442 0.191045069414451 0.102885708898431 0.80620552230408 0.322449446992366 0.289112233721356 0.529144906356576 0.599314814735385 0 0.458365700007397 0.698507594315158 0.538996097734576 0.213586341124384 0.424892545965525 0.169809377232529 0.044561042626728 0.413318846695503 0.633966127456781 0.653883525890453 0.262453014309097 0.412162102523947 0.654266611079799 0.539548443035276 0.544018849462838 0.555027319342504 0.285569999045782 0.558589072870188 0.45263271226256 0.313091783061449 0.742566707943601 0.563998011341589 0.240771654574142 0.222816491862021 0.466988284209161 0.321244044637276 0.328225835976852 0.388223117304952 0.349218210292269 0.545120815380537 0.0386660796273838 0.409271778339827 0.201915921876151 0.362466834820183 0.542160050537148 0.364749495302421 0.145536481060521 0.211170171445776 0.231873750434091 0.244392499535916 0.79505760310624 0.479136255017299 0.616718798101482 0.261993141541849 0.365031843374614 0.360414101614869 0.354248423935192 0.342064899774657 0.439061706147923 0.565204510262713 0.777534274912419 0.245313779447986 0.379502383491475 0.150211490277082 0.606937246604819 0.393332814790841 0.475837317276742 0.693708572252276 0.471775281850761 0.281795438231831 0.106232442461465 0.666467801647803 0.107800505197307 0.110214708180355 0.293307012129917 0.321802713137746 0.584348161974133 0.524377386313865 0.322156730308059 0.351881546866319 0.487915067611018 0.190090900828003 0.459693999379995 0.403821314204842
"11" 0.0779470338763451 1.09848946989495 0.374674014393297 0.558254619551337 0.763706667280483 0.760501691193666 0.747221150599641 0.729400250906054 0.766679934026873 0.458365700007397 0 1.03547923494409 0.216658910673145 0.314266977201902 0.761676143312587 0.530266639204153 0.422367914544102 0.60659343809533 0.983119691400134 0.970229384374877 0.356579120512369 0.312787592378548 0.83376890912444 0.975590829363674 0.578730933816989 0.375844112846092 0.401299232521068 0.47233851092807 0.688496092932452 0.49745997305045 0.885169271341386 0.154841063602065 0.657817877538576 0.496020708149795 0.260433633665803 0.754836690879355 0.720655555839095 0.816540609009678 0.724592911347659 0.666715054726277 0.419972558989085 0.62305158534997 0.281562644006153 0.780040141815221 0.0846224102670008 0.736283426689207 0.431765844925062 0.275586764501166 0.459689070507493 0.452905444644055 0.71048170971448 0.656255357914627 0.514110177433469 0.559617997764503 0.105064634229242 0.338652769611151 0.582601601516005 0.132256914177584 0.355036879268513 0.335340588548857 0.889339706201119 0.435838467451224 0.837089160823288 0.317132499070806 0.747406692588386 0.266622637752201 0.17831352944374 0.942722869347712 0.0233492238711427 0.177407008597147 0.480656915233691 0.977387804415751 0.366153802116024 0.515022584952214 0.326303504741551 0.774705004160104 0.635938601115504 0.719061194608776 0.761492427212001 0.621110429950398 0.810956882911317 0.446270089580019 0.893757140122777 0.777926872559107
"12" 1.09942526642089 0.172561365742426 0.889495919422907 0.621819643960139 0.732785705992035 0.439084878794652 0.56407435014885 0.364618459321372 0.389321809130686 0.698507594315158 1.03547923494409 0 0.969714498734285 0.72701182125124 0.280807690856524 0.542074825236218 0.700950625478331 0.449463747667546 0.0679488877739659 0.0769897097133599 0.679119744832977 0.773474832894127 0.356174341304572 0.354163950953469 0.597479523495575 0.84197026011147 0.636558914132982 0.743070404323998 0.363727544572572 0.54133183215382 0.422302326169551 1.05524928468326 0.762252639028097 0.895430144068452 0.860863554898868 0.735980545643341 0.832173204735466 0.375896984499479 0.349472399679272 0.477350943112069 0.72508407262923 0.426848121523307 0.875979789366982 0.791308249849905 1.0999006445439 0.880956479206934 0.83929969486148 0.77443916581257 0.57773091793561 0.583105676564275 0.788429098582912 0.427131074386977 0.766548304618601 0.90544427209803 0.982760213395874 0.720844518093972 0.456536640803563 0.905079479575336 0.752250041231043 0.893687800269871 0.482334472011528 0.599888982568203 0.600415334724015 0.822335055937677 0.431685599158957 0.803462295491903 0.934624072310403 0.213955857300338 1.05702007486791 0.884205608364811 0.608908445567347 0.0809204373303542 0.721904677017942 0.590509436532156 0.712132704023252 0.499402477964839 0.568726048334945 0.375850625166815 0.716613473508588 0.414523581814674 0.225181463772762 0.598738247896462 0.362262197323512 0.296036680630689
"13" 0.213647199199931 1.06379054436184 0.526512559594545 0.622652897297168 0.567743075205052 0.786224436119777 0.808206998322859 0.624997084476855 0.643318213577846 0.538996097734576 0.216658910673145 0.969714498734285 0 0.334867625391918 0.719108417589562 0.543286036032572 0.495342678763926 0.520487173816318 0.92769502028413 0.897309288464098 0.329410564627266 0.196679582951587 0.708481170286287 0.986416077552483 0.428322827038155 0.179979427049811 0.354041187205534 0.293284860376422 0.606456080511605 0.438571231539302 0.740741917772438 0.104485565995216 0.771198434128905 0.648318163522145 0.108858097393593 0.859102631760226 0.848484135787892 0.828731864638071 0.708389985375874 0.537530593029083 0.505829893194468 0.542878246440119 0.422337674477053 0.895722708024592 0.206174604794931 0.873836487205787 0.56728129443533 0.327856437505241 0.437700462892176 0.424793485530367 0.507266648925385 0.552961807280558 0.321833195125406 0.712095064960073 0.288683106360409 0.254084767094444 0.518509578639873 0.22378528711869 0.219722396668464 0.128133308081606 0.733169008084713 0.407562012180895 0.907068607970418 0.434280823229319 0.615128892331617 0.175090666727886 0.0644246467533209 0.838575885963125 0.23413039697457 0.292526459730667 0.516784851709335 0.901093411910118 0.431551558451373 0.553618505879787 0.288057496729264 0.818941274914822 0.482832380568868 0.613627849198143 0.860973573470792 0.567439005449867 0.755401431792536 0.44458023593394 0.906590241316763 0.754760625413139
"14" 0.385408246218928 0.784244765221635 0.285019967692138 0.288506561966211 0.633466102807427 0.459811606024943 0.473379155713369 0.454580849011472 0.508668628683006 0.213586341124384 0.314266977201902 0.72701182125124 0.334867625391918 0 0.449599623303115 0.220216665567941 0.169069739260729 0.325744488886684 0.672051985434589 0.665309882916074 0.0761048098919301 0.200239967390903 0.573272289495262 0.669463122902741 0.383607079768997 0.343029272657114 0.12319594985817 0.360750019960819 0.397657777151429 0.206963072798534 0.644752073277417 0.37881621906773 0.453920147937026 0.383304046668044 0.254378689445759 0.533794453775557 0.539325418409142 0.509844655739083 0.410481979329472 0.425701916668367 0.187298643408553 0.335553980964327 0.204047187075117 0.576052515372599 0.388176962811538 0.572580337229775 0.291631459427879 0.0523145063522275 0.149585221739974 0.146365293053578 0.609687033430496 0.386637499213379 0.418910906870823 0.439704538973592 0.256354460802995 0.155028889079552 0.286492707612589 0.182011956712975 0.231501559021521 0.351623752152943 0.665469624849043 0.131443415948577 0.572267111398301 0.172296082989852 0.501666252808429 0.179859940416529 0.274828502237337 0.657394861836125 0.334264554141907 0.158745685026629 0.183058782214313 0.67388009995821 0.10855459003598 0.219903610143574 0.0877946952215237 0.486430861908118 0.434308687524999 0.445995225189452 0.53339577161013 0.316405226041466 0.501830758579157 0.13201227823187 0.587922542384351 0.463660927995435
"15" 0.828762404236982 0.344778161252535 0.614581815566727 0.360418459677335 0.632756417488027 0.241003371130451 0.364976597032572 0.224144464329952 0.294398390441171 0.424892545965525 0.761676143312587 0.280807690856524 0.719108417589562 0.449599623303115 0 0.262633768029601 0.423089201076654 0.224819625884848 0.222697355700734 0.229314855550932 0.408341744589184 0.523575477482219 0.315195166660315 0.3212070306347 0.417497350217606 0.617864113357173 0.370471412758231 0.539220466856535 0.161725177593775 0.280578828298783 0.413524151729845 0.795853708807363 0.532246776071694 0.633572284664955 0.611522979226641 0.534093420962849 0.615094612647609 0.214458993919258 0.0926488147085253 0.323244076760202 0.448521416493981 0.198825051090508 0.595748150457971 0.59305115165241 0.830082827535934 0.664432686349116 0.568950626765693 0.495519932490782 0.301988564319323 0.309409483510809 0.664561099055541 0.241909609211118 0.577895712455434 0.652796263723969 0.703964896766129 0.465125135902345 0.20326112186269 0.630018146565399 0.511398951437392 0.662692500963055 0.467828377733701 0.326845202640201 0.438874831301658 0.542392940147454 0.327945709877688 0.54620034121068 0.676539135164005 0.288363934070509 0.782557988100811 0.605231891406572 0.330132332709472 0.241604129309647 0.441272985739198 0.315026740961515 0.444679362995404 0.312966370839124 0.413785846839843 0.22943071512895 0.517968326624612 0.152053821863791 0.0637237361507913 0.319407895676865 0.26412501876075 0.0730918816118731
"16" 0.603745074393195 0.574974118240014 0.354492224987237 0.146236177858532 0.679920378272957 0.242955012890502 0.284126191640123 0.36372848059074 0.436306617336412 0.169809377232529 0.530266639204153 0.542074825236218 0.543286036032572 0.220216665567941 0.262633768029601 0 0.161154183812417 0.256805886113753 0.480517152991112 0.491515915501154 0.21548415516111 0.370768757428774 0.488134310074082 0.449317349830981 0.418293078535035 0.502897926018075 0.206444387606262 0.471907346462365 0.285179412416386 0.181469837582636 0.579162623224753 0.597352607678989 0.350234486755682 0.390549703564388 0.448033364897121 0.397300167285478 0.44269699794026 0.289738970533328 0.20076583265519 0.394368137790351 0.187899083594426 0.248087932712625 0.334081965993812 0.451564502416043 0.607068941984487 0.487537373391862 0.315164370225827 0.254741401173872 0.120182900236408 0.136335462771563 0.68156047294231 0.320512567932756 0.526593629402514 0.422808693638838 0.457758722205786 0.308576651454056 0.195335420808299 0.399057615520953 0.381127761552374 0.529736302115122 0.617873630968855 0.148973068188556 0.385670896911778 0.280278891978194 0.448263275764407 0.372157592652571 0.487775558962076 0.524085974602638 0.548809797709891 0.360247271783701 0.0678013141980401 0.503163887031598 0.181642112937944 0.0637069322252535 0.256847576971748 0.280221883377749 0.448812232879093 0.359954259512598 0.38940815165197 0.184167370934272 0.323915943488476 0.0993878220742311 0.367884679618056 0.256357935902038
"17" 0.499914398650379 0.720783905895718 0.193968882158407 0.135990982865099 0.7694684833986 0.346222192013406 0.325586818835192 0.508695925389528 0.576592647993635 0.044561042626728 0.422367914544102 0.700950625478331 0.495342678763926 0.169069739260729 0.423089201076654 0.161154183812417 0 0.388532760498167 0.637967221424059 0.652290332130394 0.22007321914081 0.368000649941305 0.633872007050562 0.563918253924933 0.508396185468033 0.510910418496307 0.24615030505011 0.516892123237679 0.43475855281176 0.282355335235969 0.719547699687134 0.52284081726652 0.285026345215708 0.248473038863928 0.422450598487465 0.365655788035584 0.371698837429914 0.408939915965815 0.354073132917323 0.516578697857709 0.0296378768110562 0.38693425176065 0.181148789658373 0.407001301331837 0.505408758179049 0.407131456731017 0.16272158233189 0.167810040439342 0.200533164345855 0.211500714331718 0.755994956460402 0.454632921052743 0.575142143797341 0.294033160473118 0.332801179684217 0.31706857982129 0.331558801757852 0.302385046587167 0.395602248202407 0.520671477842837 0.751980336729173 0.210180049229455 0.418869640350248 0.126879480517783 0.581545289045627 0.348779640589726 0.432446799785497 0.68249996745585 0.436907711862851 0.245002102321068 0.0933617037640311 0.6641287196207 0.0637922807699936 0.112044016325122 0.249658394473153 0.353058018306005 0.550755129000407 0.503140004731358 0.366268912456505 0.335349265609369 0.484886597024073 0.158495939671596 0.482960083607231 0.40963088127288
"18" 0.663272850780197 0.556659213008123 0.574058593661024 0.402191906584137 0.441232195731044 0.404535757652327 0.499741357675908 0.128854214617978 0.189046123190222 0.413318846695503 0.60659343809533 0.449463747667546 0.520487173816318 0.325744488886684 0.224819625884848 0.256805886113753 0.388532760498167 0 0.410690465516561 0.376857333069645 0.258506506657939 0.324823494596517 0.25016081283112 0.540334491908911 0.198364815578166 0.399006728671405 0.209484195481456 0.314625962476246 0.0859922285706182 0.119023532456706 0.331308402070689 0.608480755751294 0.605276200229651 0.635390955708291 0.411696574730584 0.642162243414127 0.697251718304525 0.408783384564701 0.261818460441307 0.138789749856997 0.418170584697836 0.0260117655730585 0.518522569505109 0.699096949194233 0.662432080485318 0.743102374463495 0.551238257963464 0.37803667363954 0.193282673802743 0.187776066834287 0.458607674630559 0.0661017400449373 0.353433946342425 0.674349068411484 0.573867867853007 0.275659819758438 0.0616429996847975 0.48319418785249 0.302881040258977 0.447637935557546 0.364215826466923 0.198071290226035 0.593872667544284 0.473697929650675 0.193619742845494 0.357748619614907 0.487957726853394 0.33668707185545 0.629346982431817 0.480757561403544 0.308355462492677 0.381002431189286 0.372306430774095 0.319236384543785 0.281485193501716 0.468931684546758 0.208709551919704 0.120562745085684 0.631262321901329 0.0965801101884061 0.243341718877241 0.233041271695354 0.474122094047579 0.284765471221456
"19" 1.04890770601677 0.16080405975359 0.825009759465288 0.555364194015859 0.731011330380349 0.371217679364147 0.49657698893961 0.341874232231129 0.379030283035968 0.633966127456781 0.983119691400134 0.0679488877739659 0.92769502028413 0.672051985434589 0.222697355700734 0.480517152991112 0.637967221424059 0.410690465516561 0 0.0827307192859693 0.627962505355089 0.731016903300525 0.357075883382413 0.298742765590064 0.573448037047151 0.808283913907001 0.587362584611614 0.714565654749958 0.326846002645069 0.493611055479033 0.434808784535708 1.00995599577645 0.694314655410333 0.828547160275207 0.818964583015947 0.668830725094809 0.76454617753593 0.308565907846158 0.284779636426156 0.45678035927674 0.661460989309829 0.386576324552507 0.814576970352625 0.724472071294873 1.04983364522707 0.81339730420112 0.773725109835353 0.718215895993632 0.523714929081996 0.530232337912156 0.78145030684718 0.397215661123089 0.742469711751207 0.837862781821936 0.926662211154152 0.676050659958669 0.410213080179866 0.851851167917137 0.712741291002055 0.858115688955329 0.495706023120358 0.547397558637339 0.535265424341505 0.760638688072805 0.421453702247907 0.758420292115324 0.889629547809569 0.232484460164459 1.00426084931714 0.827928687369722 0.546672407059011 0.097106336975683 0.661406105342741 0.526854277058857 0.662609231684473 0.432105871544061 0.550449044811876 0.35244792321636 0.649577614362081 0.364743146005625 0.17350659306874 0.542105245433252 0.298825171133641 0.230395944364475
"20" 1.03242945133391 0.23544201173728 0.8438581170763 0.584588548543062 0.659352932852874 0.421530185301991 0.549857831341221 0.287862154959516 0.313050115503502 0.653883525890453 0.970229384374877 0.0769897097133599 0.897309288464098 0.665309882916074 0.229314855550932 0.491515915501154 0.652290332130394 0.376857333069645 0.0827307192859693 0 0.613693252690791 0.701599107610108 0.282964435258913 0.376916889860552 0.5206176056438 0.766546626088613 0.569608653253018 0.66663167908077 0.290867984134356 0.473693200926574 0.355292613914807 0.984551867230824 0.739818805395302 0.858942932532359 0.788544706950185 0.723461793065305 0.815162670337486 0.365388166838266 0.309641130282446 0.400371193865189 0.677834951697192 0.355153588430327 0.82324283280138 0.780580331804002 1.03253035777929 0.864484313574716 0.797311961446646 0.7140760329148 0.515733110411096 0.51984342611144 0.713412093614998 0.351448752569472 0.689636077233056 0.873882441258217 0.92164682246201 0.650436791286297 0.388445768634225 0.840944889460068 0.678987286394016 0.818767224004095 0.416022989239629 0.536134894710267 0.598430051238902 0.770361412548349 0.355509554732058 0.733010297988233 0.86390654452854 0.150324823906822 0.992118250495889 0.823557154763779 0.559184199164487 0.0164700183793594 0.668125317403918 0.544224546582246 0.645156931195992 0.487451943870878 0.491779369729001 0.299143872521813 0.704960423675212 0.349731270678404 0.167803624574675 0.539776445484842 0.368069936629324 0.261062390431013
"21" 0.420945562188037 0.750316387928864 0.358959508305843 0.318215599527162 0.560752828354486 0.457759259788688 0.491693980180127 0.386486911563817 0.436871708173313 0.262453014309097 0.356579120512369 0.679119744832977 0.329410564627266 0.0761048098919301 0.408341744589184 0.21548415516111 0.22007321914081 0.258506506657939 0.627962505355089 0.613693252690791 0 0.158690986733844 0.50233589619441 0.657389550002922 0.308115728524071 0.298204330491843 0.0496284583808486 0.297006547463236 0.335655365700903 0.142766252598497 0.570996943202008 0.392384846240594 0.501636539730157 0.451772717337151 0.232578089748798 0.573616815033652 0.590489907235818 0.499360270499108 0.383547455928936 0.350935473427453 0.243800995473135 0.271344092562672 0.2801513472407 0.620162307411351 0.421961556374836 0.627043925110764 0.360089318563377 0.125971003272959 0.110332384202551 0.099781437801352 0.540479693252136 0.316454869962083 0.355321625475419 0.505511823372577 0.315523321856745 0.100134687308967 0.226986912352223 0.227888158759481 0.178456640113599 0.317938258725938 0.590286610632957 0.0820788586163899 0.592883843577361 0.2469878310507 0.42790170605035 0.156714541545824 0.277093435565983 0.594071770622044 0.378425987309344 0.222621750541207 0.201516077782783 0.6210221724932 0.168987980239584 0.236550807469518 0.0414833969822281 0.494718552989553 0.358313914084644 0.377307337508939 0.570773773485095 0.264616884453293 0.455086307511086 0.116107327527431 0.577286801345866 0.433182468312232
"22" 0.353828249783362 0.867937565957651 0.467271606003152 0.476055161434484 0.473408733841108 0.610016202953187 0.650105276175045 0.434724991001112 0.461603639607248 0.412162102523947 0.312787592378548 0.773474832894127 0.196679582951587 0.200239967390903 0.523575477482219 0.370768757428774 0.368000649941305 0.324823494596517 0.731016903300525 0.701599107610108 0.158690986733844 0 0.528311664859398 0.800920509514972 0.266006670120096 0.142929229886405 0.167431747047225 0.180260195886493 0.4107970789099 0.243692469639924 0.573704554373941 0.28458307828395 0.65293366342482 0.576379000098797 0.0881128132647604 0.729277826815969 0.739297012423053 0.645936776067165 0.518298901024751 0.358304919280801 0.387470087119434 0.346670608530058 0.370072434669331 0.773848117625142 0.350924775048966 0.772818221184463 0.485890592540948 0.223588042446152 0.255283488327127 0.240564632729991 0.43477882836412 0.361599638162603 0.234580156698317 0.635454961234099 0.321810883299533 0.0628793635796968 0.322063693863353 0.221948527728882 0.0449621184729795 0.159425128469952 0.576559431541144 0.224704256446522 0.75141500834983 0.356408158510022 0.438578354181394 0.0476978080763382 0.164981016724044 0.649677597452402 0.336051345697298 0.261979470381818 0.36011113369148 0.705814410473986 0.308780580783559 0.395239987696898 0.120684121750701 0.65097992466625 0.323219166469097 0.423609607529452 0.727336983620117 0.371609289152001 0.558780693711113 0.272125575112199 0.722786523236973 0.562303584332016
"23" 0.881561400586118 0.516785665949742 0.822702512119521 0.625206296399683 0.37664387349587 0.555024204807115 0.674896884462146 0.125224918743666 0.0670890968235007 0.654266611079799 0.83376890912444 0.356174341304572 0.708481170286287 0.573272289495262 0.315195166660315 0.488134310074082 0.633872007050562 0.25016081283112 0.357075883382413 0.282964435258913 0.50233589619441 0.528311664859398 0 0.606709640619488 0.285686549140425 0.549141069278588 0.452713340507986 0.435850943209812 0.203291234582284 0.368369830419636 0.0985621012527199 0.807461074989131 0.82010207111146 0.877017857277806 0.60549000432917 0.837917075894512 0.908826664794601 0.528077598321437 0.401101496083245 0.17109730702224 0.663367037326468 0.247431846820384 0.768606930072558 0.896838681042924 0.879023736053793 0.957061097025869 0.796160686038707 0.625521186574081 0.443050945234936 0.437935594777958 0.433568924131828 0.186710684549017 0.443217057435715 0.910924382614495 0.813866246948651 0.495121602935521 0.302690367843487 0.718634610942454 0.493164008019191 0.606062608577308 0.15356521031634 0.44796232330279 0.753549667682273 0.723773606265157 0.0950401862854759 0.570464849435202 0.691493652598663 0.153357001827492 0.857039513344951 0.724504968405262 0.548035197992924 0.275558280643641 0.621867698276224 0.551781917282248 0.518641746087285 0.626803202990237 0.239981192117371 0.130966224445117 0.823485792912983 0.304051853185671 0.275972813299159 0.48184900961331 0.567185297511983 0.386977608741052
"24" 1.05070585142824 0.238968889280631 0.713532084712807 0.438238237254223 0.95137577427401 0.217712504992316 0.289815753138194 0.539867644747826 0.603137087009741 0.539548443035276 0.975590829363674 0.354163950953469 0.986416077552483 0.669463122902741 0.3212070306347 0.449317349830981 0.563918253924933 0.540334491908911 0.298742765590064 0.376916889860552 0.657389550002922 0.800920509514972 0.606709640619488 0 0.736936118235246 0.915044472266732 0.634452007771292 0.849637364230744 0.482921750673688 0.563866179526075 0.6989249937829 1.0460887748459 0.493877132703487 0.674115872273232 0.885067174593932 0.435400241177756 0.539705543008181 0.159629036688721 0.286514509633883 0.644041306742063 0.576475710172479 0.51490654036336 0.741341969792167 0.481961864634402 1.054569778033 0.584215709639027 0.649163198000452 0.700903685608498 0.548819377948685 0.562187536601958 0.985551452344174 0.563091702782488 0.892683837335082 0.662014734676934 0.894325612465591 0.738409070396484 0.504774277858321 0.84614967111323 0.799262173437318 0.953169351663611 0.758394673251143 0.579147234658042 0.279476335141448 0.688630070713092 0.640894137298208 0.811912249673571 0.934066727438306 0.516821944234705 0.992809792519858 0.800748443637265 0.494967744959397 0.392851944945094 0.612007538556783 0.461247763243525 0.698526702636639 0.230910066448403 0.734992465271114 0.546685034679456 0.414746116147839 0.452449341978645 0.33559702080183 0.544284818887285 0.0818367098963405 0.255585837112818
"25" 0.61585071145692 0.729528551420725 0.666660833598613 0.561954203113821 0.2631325603649 0.599967907303569 0.686605950606021 0.232971981199597 0.224805699052202 0.544018849462838 0.578730933816989 0.597479523495575 0.428322827038155 0.383607079768997 0.417497350217606 0.418293078535035 0.508396185468033 0.198364815578166 0.573448037047151 0.5206176056438 0.308115728524071 0.266006670120096 0.285686549140425 0.736936118235246 0 0.263554730258378 0.267179683724255 0.150902607372623 0.25885940470765 0.237767278076715 0.31279109190427 0.530245741402861 0.764757896839995 0.753140712606344 0.331090255923701 0.815440382399828 0.85723971472124 0.607058121622124 0.46015339328656 0.121925563502632 0.536279402007835 0.222872222218932 0.586717221829183 0.869828970739479 0.611895512504686 0.899787768034182 0.662529367913702 0.429979023587617 0.31417514184227 0.300353087954367 0.265409163855517 0.179716483000081 0.169239526604945 0.802250351261603 0.581199848721105 0.254340454063925 0.246981856281 0.48109314222979 0.224179156184283 0.320707707314816 0.3109124363581 0.298755244332576 0.784020229235037 0.555078961565725 0.190684361855229 0.312859887848317 0.419688693261347 0.428531115498203 0.601962660217915 0.506451934945526 0.450707139042204 0.519618562346746 0.470102496337745 0.472958583661358 0.303746595287379 0.661696019145378 0.0572126159319445 0.221889827162526 0.806933294732926 0.29318587376228 0.422807071521372 0.354785969991102 0.672227575202547 0.48156971576841
"26" 0.389544491767469 0.955604398629152 0.602128597283433 0.616400066760713 0.390236460284691 0.735785502767002 0.785763040504659 0.482222583162766 0.487005004250679 0.555027319342504 0.375844112846092 0.84197026011147 0.179979427049811 0.343029272657114 0.617864113357173 0.502897926018075 0.510910418496307 0.399006728671405 0.808283913907001 0.766546626088613 0.298204330491843 0.142929229886405 0.549141069278588 0.915044472266732 0.263554730258378 0 0.29647171353636 0.117103869491109 0.481448152901732 0.351377527988827 0.570743895624874 0.284294528349108 0.795793822968345 0.714976501145543 0.122086523308431 0.871222680228907 0.882214985334868 0.76500359765616 0.628742132856095 0.381623835358772 0.530316866714731 0.424233735807905 0.501386484452117 0.916421274628304 0.383072493257508 0.915516740560131 0.625470171822114 0.363114612175651 0.383586164679344 0.36778103255341 0.334638386932832 0.415119752399432 0.142132794129812 0.775201601993499 0.418675568233862 0.198184865548092 0.415729727529421 0.326975912199001 0.121846492970727 0.0577307236513675 0.55840804159525 0.354003040257056 0.88737984346651 0.493760995892408 0.454199588833335 0.170801232274832 0.197695746465223 0.688893694179392 0.396851895443507 0.382047829885432 0.499161565858498 0.767934309251073 0.451583135929503 0.533290088880279 0.262536286486245 0.781936130316518 0.31390194264371 0.47067296764883 0.868802456747845 0.468396559298496 0.642293954338386 0.406791282286686 0.839825936619811 0.666745526947696
