"V1" "V2" "V3" "V4" "V5" "V6" "V7" "V8" "V9" "V10" "V11" "V12" "V13" "V14" "V15" "V16" "V17" "V18" "V19" "V20" "V21" "V22" "V23" "V24" "V25" "V26" "V27" "V28" "V29" "V30" "V31" "V32" "V33" "V34" "V35" "V36" "V37" "V38" "V39" "V40" "V41" "V42"
"1" 0 0.16993313779404 0.305153204904533 0.283872270746063 0.222425503610472 0.406658863975413 0.309191663875182 0.190905823281873 0.265107348626622 0.139541514777215 0.324629391960084 0.187497488990819 0.298377827041784 0.229054360778616 0.339795986327775 0.341233335157401 0.204468886966048 0.128031667684042 0.0787533723244838 0.186370237005796 0.386971403726645 0.23371692166475 0.209867010399773 0.310191021466245 0.235282338862548 0.242670174892717 0.111713020305526 0.302017741199999 0.238152276145737 0.296866776735183 0.279419872892981 0.358145093462944 0.211560028168199 0.309600932682532 0.430702371093031 0.165317728448017 0.0669991809344932 0.36059368141789 0.347486848546381 0.238071488580076 0.114479696456279 0.0932906300584001
"2" 0.16993313779404 0 0.185846702309362 0.22869879428787 0.0576371749291382 0.244244251997252 0.150271308681517 0.0997575107591015 0.0970230121904055 0.0391122357368785 0.158221994385056 0.116109508962194 0.130346975931352 0.10955167245226 0.235073465247296 0.186372652555272 0.159358934722548 0.110427960339183 0.153954755485153 0.0508593102122526 0.218275368603406 0.220811121830967 0.154150203551768 0.216485597439629 0.105354828507232 0.0878855192825355 0.083307401810719 0.175692819080649 0.0909065653558556 0.155019720981125 0.129351176871165 0.19064262878583 0.0473702621001865 0.141067324220462 0.292697630278168 0.184184795915527 0.148133070539056 0.225740121641142 0.183855896269371 0.141202592392242 0.0649722674370059 0.10181430740257
"3" 0.305153204904533 0.185846702309362 0 0.402700311743967 0.194663429141201 0.291534464314263 0.0981041779704934 0.279927168813809 0.187658437710223 0.221330955633861 0.21937060350404 0.119487454146086 0.197394609524988 0.273374340067284 0.380297759501377 0.275383947352693 0.342368840926968 0.294476032390184 0.324770237586189 0.138064246539881 0.181793469094474 0.405061623694368 0.113316707611916 0.372939774487668 0.0807440178149023 0.10773812182419 0.262591708203952 0.313372358013736 0.236235034774855 0.0513634226460166 0.251361849947397 0.22996524433765 0.146661863778175 0.146494381691738 0.388605844923242 0.369442452674012 0.247583376041704 0.340131976667326 0.127281365494707 0.310043059920396 0.199985301114633 0.211917711964134
"4" 0.283872270746063 0.22869879428787 0.402700311743967 0 0.208257786107183 0.265487277682243 0.331531884114653 0.129288361533607 0.226470697382467 0.208682788915044 0.238587468406553 0.343401312050073 0.23729415075612 0.129635854583488 0.0947438665382312 0.201374371032202 0.0814737846069917 0.161834725008076 0.207175071909122 0.278865230789836 0.341620956340184 0.0685006384659344 0.381480088096948 0.0653838430453452 0.327226448321894 0.294989665702756 0.19346173261961 0.123300353986172 0.169117365146887 0.359762442915135 0.171697787723024 0.2630355811901 0.257304286785342 0.291402606995381 0.211843290008026 0.128248685356438 0.316666002600032 0.160284854853944 0.343176272049317 0.0927979656090172 0.262553372555974 0.290254872498424
"5" 0.222425503610472 0.0576371749291382 0.194663429141201 0.208257786107183 0 0.187006978694369 0.129655867560873 0.0926113641301678 0.043457861164073 0.0831473546873091 0.102331669284087 0.158631465924021 0.0762022242461962 0.0787286898763178 0.193537143745858 0.129098229795551 0.15496703315597 0.135554565324134 0.192405364988851 0.0874394703948776 0.175974415106191 0.21802813240205 0.194734841776118 0.180997771540656 0.122448021566261 0.0869521681429419 0.121152452968997 0.129076298274663 0.0436786394300237 0.15194132387915 0.0748475605992033 0.135719686383736 0.053445270244172 0.102933760185755 0.237948545725002 0.199010117136076 0.205605603483972 0.173168494338983 0.153133794593364 0.115482065674803 0.12256712794695 0.159451433060809
"6" 0.406658863975413 0.244244251997252 0.291534464314263 0.265487277682243 0.187006978694369 0 0.193600034799092 0.233207609858093 0.148858898585463 0.267625436457937 0.0879999935720328 0.322211500516876 0.117447953118321 0.192348676963927 0.182399860357438 0.0714110756968165 0.27013123104503 0.298843290903723 0.363158295849051 0.259079270039569 0.127840939322549 0.316514332048998 0.350654622578975 0.202108581220812 0.260530683365411 0.22032046171947 0.298205116373259 0.145112058499696 0.1699298019833 0.241111775577075 0.130662070311049 0.063196544377272 0.220024961873589 0.147866998417535 0.11405328221578 0.335740865587703 0.392368323759769 0.110817530987748 0.169578051602196 0.208295342828406 0.309151278043199 0.345689032331095
"7" 0.309191663875182 0.150271308681517 0.0981041779704934 0.331531884114653 0.129655867560873 0.193600034799092 0 0.222257631546251 0.105358918869698 0.189289898350333 0.12328362407733 0.155917752856268 0.104992069091686 0.203632879157341 0.294265378163162 0.180238188015892 0.284513473148118 0.257322473241834 0.304146749580242 0.122959980434353 0.0947213097608609 0.347417974459805 0.172988870719593 0.291947134650242 0.086850607084334 0.0665282513141668 0.233428691332485 0.227969945975324 0.162840233136108 0.0475900141387556 0.16638585689048 0.131865385750198 0.102939603854521 0.0496149591226308 0.291610290616777 0.326432274864163 0.266783435175814 0.246960427068217 0.0416872209146115 0.239933901707172 0.194713163556271 0.221477957698882
"8" 0.190905823281873 0.0997575107591015 0.279927168813809 0.129288361533607 0.0926113641301678 0.233207609858093 0.222257631546251 0 0.126507727701403 0.0812657205495914 0.167321049653392 0.214139355088233 0.151258473725394 0.0413636195086441 0.153184003534469 0.162485870341208 0.0629914340336445 0.0675999491050741 0.132485146506094 0.150374575154825 0.25996240354852 0.126214585942214 0.252235068232514 0.127590678433207 0.20154619358066 0.173896730746015 0.0808745211336754 0.111364076686127 0.0708938741996051 0.24162184296984 0.103275778754136 0.200367656006788 0.133303908293036 0.192650910200032 0.240257284400446 0.110489691933975 0.203759134228895 0.170302307590047 0.244270237601246 0.0499167349723661 0.137249806984051 0.169068064133226
"9" 0.265107348626622 0.0970230121904055 0.187658437710223 0.226470697382467 0.043457861164073 0.148858898585463 0.105358918869698 0.126507727701403 0 0.126310235559754 0.061496376083471 0.179597548166892 0.0333829328175509 0.100494205614444 0.19274023909599 0.100242322246136 0.185520573187119 0.177100175161239 0.235480839339533 0.111974226799868 0.13469426136584 0.247042771289525 0.2123446531037 0.187499792897804 0.128331682357335 0.0868578824244499 0.164504334353925 0.125801033944747 0.0593786431724781 0.139133967024676 0.063708035725355 0.0936341459169124 0.0727224666554739 0.067045002397122 0.214782227227301 0.236318521197332 0.244432724471762 0.156647203886485 0.119361800264262 0.135807344176272 0.161266723256754 0.197353060710375
"10" 0.139541514777215 0.0391122357368785 0.221330955633861 0.208682788915044 0.0831473546873091 0.267625436457937 0.189289898350333 0.0812657205495914 0.126310235559754 0 0.185129803631118 0.136838064965012 0.159330680207302 0.105331483190821 0.230439129040691 0.204189936889263 0.132919114930741 0.0731513044703099 0.115240331997521 0.0834071417341298 0.254154052241507 0.191265794086967 0.174435473132173 0.20742324307044 0.140616753406273 0.126790661039214 0.044195469307596 0.178087769609609 0.101843114074064 0.193280261158669 0.143281944710344 0.218759681129658 0.0864614747540543 0.177572059650426 0.30250973788845 0.148283314736243 0.131447949677185 0.23323427499174 0.222143513467609 0.129465559459195 0.0565023377081778 0.0907879679290571
"11" 0.324629391960084 0.158221994385056 0.21937060350404 0.238587468406553 0.102331669284087 0.0879999935720328 0.12328362407733 0.167321049653392 0.061496376083471 0.185129803631118 0 0.235353006521817 0.0294601395035986 0.131048273890261 0.180472460089516 0.0571742877480256 0.217566531299597 0.227165400237824 0.289033629408136 0.171115697960391 0.103060164611892 0.273953859879785 0.265299715262149 0.186031849122905 0.176463945728602 0.135104911733907 0.220121363537689 0.119081016118161 0.0970079930816748 0.168028765623401 0.0695916709153424 0.0341011237240288 0.132027210973829 0.0736687035654257 0.16934997067386 0.276897283668711 0.305905870345339 0.124993198938443 0.11535311683956 0.158768083387457 0.222711508553762 0.25884943157957
"12" 0.187497488990819 0.116109508962194 0.119487454146086 0.343401312050073 0.158631465924021 0.322211500516876 0.155917752856268 0.214139355088233 0.179597548166892 0.136838064965012 0.235353006521817 0 0.206299757997404 0.225163644591103 0.349316270742169 0.279790527208133 0.269684418770703 0.203942162875751 0.2183451111391 0.0712287440097873 0.249542107326173 0.327651362350012 0.0381234059071411 0.33222903247843 0.0691185606024887 0.103083696917887 0.168167799517693 0.286993260008401 0.200611470687871 0.124833256427667 0.23275516302215 0.260247466595034 0.108059480337256 0.182071349826842 0.393499316510428 0.278623167959185 0.12811326544779 0.331180958766443 0.197535730286677 0.257300612494985 0.0943998987053782 0.095442498899374
"13" 0.298377827041784 0.130346975931352 0.197394609524988 0.23729415075612 0.0762022242461962 0.117447953118321 0.104992069091686 0.151258473725394 0.0333829328175509 0.159330680207302 0.0294601395035986 0.206299757997404 0 0.119239545747166 0.190104361944162 0.0787774331043752 0.206381171079321 0.206742323646556 0.266767678518156 0.141655643190664 0.109386579380703 0.265709104710263 0.236868693888314 0.190637519822798 0.148939369977745 0.10721114304739 0.196471588109468 0.124784052602613 0.0805889081294214 0.146527094156232 0.0658544619629989 0.0603019052853581 0.10257799744287 0.0572645787908016 0.193873380804985 0.261744744606199 0.277421776632471 0.142870598820709 0.106709440682516 0.151234227408821 0.194353155201951 0.230198779535641
"14" 0.229054360778616 0.10955167245226 0.273374340067284 0.129635854583488 0.0787286898763178 0.192348676963927 0.203632879157341 0.0413636195086441 0.100494205614444 0.105331483190821 0.131048273890261 0.225163644591103 0.119239545747166 0 0.126285283122107 0.121351835877467 0.0872133070966589 0.108739071173861 0.173680866400504 0.15598424063189 0.228558730172354 0.147011980737497 0.2629658625665 0.107065451571828 0.199563811720345 0.165641449248712 0.117481991186638 0.0739289843516769 0.0411520321813264 0.230156258042832 0.0637156891945361 0.162916267378566 0.129433369127482 0.167400011331696 0.201796077907841 0.14643092739509 0.235178283386949 0.131682795701817 0.219764684320599 0.0368500775430913 0.161175927247241 0.196117869435815
"15" 0.339795986327775 0.235073465247296 0.380297759501377 0.0947438665382312 0.193537143745858 0.182399860357438 0.294265378163162 0.153184003534469 0.19274023909599 0.230439129040691 0.180472460089516 0.349316270742169 0.190104361944162 0.126285283122107 0 0.129876553551682 0.142626985351215 0.2117956838864 0.270711365864307 0.278697539429325 0.279854417789122 0.159989306753306 0.386588639761378 0.0329881220077781 0.314905124622845 0.276045137287071 0.233358858168826 0.0669399476171424 0.149958664661563 0.331737416110526 0.12908131154898 0.195938901818943 0.246978506801141 0.24736163303873 0.117134772563907 0.206846313223611 0.35693089331154 0.0717915604118547 0.294860093174645 0.103382353058898 0.286800810381421 0.320769640971153
"16" 0.341233335157401 0.186372652555272 0.275383947352693 0.201374371032202 0.129098229795551 0.0714110756968165 0.180238188015892 0.162485870341208 0.100242322246136 0.204189936889263 0.0571742877480256 0.279790527208133 0.0787774331043752 0.121351835877467 0.129876553551682 0 0.19909341265032 0.228897013577457 0.293594906143519 0.211189917254258 0.150313162187572 0.24762205213594 0.312461002098349 0.141805681556399 0.226565061975613 0.184675648904099 0.23091347241228 0.0781676785552229 0.103096742269703 0.224184123048548 0.0619123281473666 0.0660916671491111 0.172290888784202 0.130659668414471 0.115385013342389 0.264374327228 0.333133169264072 0.068342937749209 0.171439112182387 0.137237064610081 0.250831941463405 0.287890026941383
"17" 0.204468886966048 0.159358934722548 0.342368840926968 0.0814737846069917 0.15496703315597 0.27013123104503 0.284513473148118 0.0629914340336445 0.185520573187119 0.132919114930741 0.217566531299597 0.269684418770703 0.206381171079321 0.0872133070966589 0.142626985351215 0.19909341265032 0 0.0803695725160618 0.130300202797333 0.210184386768334 0.315743452414869 0.0632312399466161 0.307353402356393 0.110395362503272 0.263293094988695 0.236805836639322 0.112553512799224 0.129398562324767 0.126766701753456 0.304607928267145 0.148605766663136 0.248412533832424 0.195940232105513 0.252479719851558 0.250504611780836 0.067773733411869 0.235193112500747 0.185020639272306 0.304623727021695 0.061858875254573 0.184002871635074 0.20980219941622
"18" 0.128031667684042 0.110427960339183 0.294476032390184 0.161834725008076 0.135554565324134 0.298843290903723 0.257322473241834 0.0675999491050741 0.177100175161239 0.0731513044703099 0.227165400237824 0.203942162875751 0.206742323646556 0.108739071173861 0.2117956838864 0.228897013577457 0.0803695725160618 0 0.0649434890813925 0.156486240489473 0.311367600459398 0.127074770079643 0.239968862001711 0.182240881825558 0.21376789341812 0.197933166243253 0.0362408150615762 0.177948469946471 0.130845930715244 0.265440798354883 0.168190532647357 0.261080961342737 0.156381694906159 0.238029468888671 0.30667971648567 0.0755615016188075 0.154865098578452 0.237050882352941 0.286549743471596 0.110973875618414 0.111633328204303 0.132192664984851
"19" 0.0787533723244838 0.153954755485153 0.324770237586189 0.207175071909122 0.192405364988851 0.363158295849051 0.304146749580242 0.132485146506094 0.235480839339533 0.115240331997521 0.289033629408136 0.2183451111391 0.266767678518156 0.173680866400504 0.270711365864307 0.293594906143519 0.130300202797333 0.0649434890813925 0 0.189827632150421 0.36760603489446 0.154974627439132 0.249482281448738 0.23950964896178 0.246407364339111 0.240134894290451 0.0719517521120766 0.241976944036833 0.194056530311385 0.30406030273222 0.2325307852343 0.323116253101923 0.20121181767474 0.291915709184028 0.370275615773256 0.0866376799066421 0.12924382123976 0.301038689529624 0.33736593122509 0.173478793447786 0.125704005217558 0.127940350437852
"20" 0.186370237005796 0.0508593102122526 0.138064246539881 0.278865230789836 0.0874394703948776 0.259079270039569 0.122959980434353 0.150374575154825 0.111974226799868 0.0834071417341298 0.171115697960391 0.0712287440097873 0.141655643190664 0.15598424063189 0.278697539429325 0.211189917254258 0.210184386768334 0.156486240489473 0.189827632150421 0 0.206375302693912 0.271366379402313 0.107923176682415 0.262797051437058 0.0575563980910228 0.0566088892455385 0.124737723660379 0.215839258173914 0.129488528205414 0.114492241489732 0.161837356269057 0.199383256307456 0.039286169646132 0.130963862960098 0.323622784459705 0.231683288284115 0.146164893558992 0.260300583392072 0.162229713431486 0.189717406897222 0.0720062629009318 0.0995024998994985
"21" 0.386971403726645 0.218275368603406 0.181793469094474 0.341620956340184 0.175974415106191 0.127840939322549 0.0947213097608609 0.25996240354852 0.13469426136584 0.254154052241507 0.103060164611892 0.249542107326173 0.109386579380703 0.228558730172354 0.279854417789122 0.150313162187572 0.315743452414869 0.311367600459398 0.36760603489446 0.206375302693912 0 0.374542606304302 0.267703398186049 0.288268272925881 0.180516478609955 0.151711275569042 0.295759469483203 0.221494181495617 0.189763281952904 0.13766839695838 0.17121488194033 0.0844443905485794 0.175604583627658 0.0773833720993771 0.240222784910491 0.370350515958222 0.352526859388202 0.216589684233988 0.0554425347248973 0.259537036153593 0.274379800476646 0.305585220835224
"22" 0.23371692166475 0.220811121830967 0.405061623694368 0.0685006384659344 0.21802813240205 0.316514332048998 0.347417974459805 0.126214585942214 0.247042771289525 0.191265794086967 0.273953859879785 0.327651362350012 0.265709104710263 0.147011980737497 0.159989306753306 0.24762205213594 0.0632312399466161 0.127074770079643 0.154974627439132 0.271366379402313 0.374542606304302 0 0.364710914870238 0.127971139079189 0.325541570187509 0.299926908363667 0.163007852905313 0.171465307082146 0.187768211114687 0.367808462241671 0.204363890116568 0.302883601490431 0.258881370595001 0.314085557975761 0.276526753752356 0.068965947404786 0.276774437543567 0.218970074519058 0.366394035944709 0.115221858346867 0.237924154320798 0.258992186150022
"23" 0.209867010399773 0.154150203551768 0.113316707611916 0.381480088096948 0.194734841776118 0.350654622578975 0.172988870719593 0.252235068232514 0.2123446531037 0.174435473132173 0.265299715262149 0.0381234059071411 0.236868693888314 0.2629658625665 0.386588639761378 0.312461002098349 0.307353402356393 0.239968862001711 0.249482281448738 0.107923176682415 0.267703398186049 0.364710914870238 0 0.370017624209738 0.0906467927545067 0.130418247877292 0.203898258944145 0.323609689431422 0.237337727832519 0.13406599242683 0.268047850827701 0.287858316832813 0.142749833015306 0.2062503377732 0.427064413426713 0.313944385586111 0.145545653711562 0.366215404711698 0.213430019816111 0.295352794009441 0.1289159709818 0.12257796659514
"24" 0.310191021466245 0.216485597439629 0.372939774487668 0.0653838430453452 0.180997771540656 0.202108581220812 0.291947134650242 0.127590678433207 0.187499792897804 0.20742324307044 0.186031849122905 0.33222903247843 0.190637519822798 0.107065451571828 0.0329881220077781 0.141805681556399 0.110395362503272 0.182240881825558 0.23950964896178 0.262797051437058 0.288268272925881 0.127971139079189 0.370017624209738 0 0.303444219271657 0.266497414754278 0.206066698082232 0.0669543055911709 0.137627435451769 0.326120861609528 0.125770323575795 0.206333064413453 0.233982066232646 0.247371868197422 0.148555668828967 0.173934024253404 0.330663656276139 0.0950225346861065 0.297198855139967 0.0780292790877747 0.263906392471513 0.296591110565392
"25" 0.235282338862548 0.105354828507232 0.0807440178149023 0.327226448321894 0.122448021566261 0.260530683365411 0.086850607084334 0.20154619358066 0.128331682357335 0.140616753406273 0.176463945728602 0.0691185606024887 0.148939369977745 0.199563811720345 0.314905124622845 0.226565061975613 0.263293094988695 0.21376789341812 0.246407364339111 0.0575563980910228 0.180516478609955 0.325541570187509 0.0906467927545067 0.303444219271657 0 0.0418894598600733 0.182291794455746 0.248994026088232 0.165931402741473 0.0617567775309404 0.189156318213594 0.197537280206706 0.0701465759653876 0.115657340664549 0.341921497348885 0.288698996224046 0.185346686979658 0.284917280656503 0.128513002183045 0.235475648442975 0.124084043477566 0.1431458429654
"26" 0.242670174892717 0.0878855192825355 0.10773812182419 0.294989665702756 0.0869521681429419 0.22032046171947 0.0665282513141668 0.173896730746015 0.0868578824244499 0.126790661039214 0.135104911733907 0.103083696917887 0.10721114304739 0.165641449248712 0.276045137287071 0.184675648904099 0.236805836639322 0.197933166243253 0.240134894290451 0.0566088892455385 0.151711275569042 0.299926908363667 0.130418247877292 0.266497414754278 0.0418894598600733 0 0.170850305391707 0.209571595991789 0.129089036286643 0.0683515029918754 0.148769792614398 0.157747554100397 0.041937557906681 0.0795571804990369 0.300033518382725 0.270361664157181 0.20190211777941 0.243499635032261 0.105693616922169 0.202306897564803 0.128190481379188 0.155801334919856
"27" 0.111713020305526 0.083307401810719 0.262591708203952 0.19346173261961 0.121152452968997 0.298205116373259 0.233428691332485 0.0808745211336754 0.164504334353925 0.044195469307596 0.220121363537689 0.168167799517693 0.196471588109468 0.117481991186638 0.233358858168826 0.23091347241228 0.112553512799224 0.0362408150615762 0.0719517521120766 0.124737723660379 0.295759469483203 0.163007852905313 0.203898258944145 0.206066698082232 0.182291794455746 0.170850305391707 0 0.190888178441966 0.128370812644025 0.236811646553227 0.16900676273407 0.254189562437133 0.130651742481247 0.219963977034241 0.319265531385975 0.110516340430316 0.125018013742654 0.249146273059702 0.265733009521341 0.130055776111144 0.0753982898640771 0.0973722256948454
"28" 0.302017741199999 0.175692819080649 0.313372358013736 0.123300353986172 0.129076298274663 0.145112058499696 0.227969945975324 0.111364076686127 0.125801033944747 0.178087769609609 0.119081016118161 0.286993260008401 0.124784052602613 0.0739289843516769 0.0669399476171424 0.0781676785552229 0.129398562324767 0.177948469946471 0.241976944036833 0.215839258173914 0.221494181495617 0.171465307082146 0.323609689431422 0.0669543055911709 0.248994026088232 0.209571595991789 0.190888178441966 0 0.0863872735056959 0.264830806837725 0.0621682324087298 0.140459800480295 0.182212516071671 0.181932775791079 0.128900521753839 0.196977487061459 0.308812172122311 0.0591045811917129 0.230895567620887 0.0701781261170676 0.232852921572463 0.268644308460304
"29" 0.238152276145737 0.0909065653558556 0.236235034774855 0.169117365146887 0.0436786394300237 0.1699298019833 0.162840233136108 0.0708938741996051 0.0593786431724781 0.101843114074064 0.0970079930816748 0.200611470687871 0.0805889081294214 0.0411520321813264 0.149958664661563 0.103096742269703 0.126766701753456 0.130845930715244 0.194056530311385 0.129488528205414 0.189763281952904 0.187768211114687 0.237337727832519 0.137627435451769 0.165931402741473 0.129089036286643 0.128370812644025 0.0863872735056959 0 0.191243404021675 0.0415175611640442 0.130593802912479 0.097098535675315 0.126365475380824 0.202557672313538 0.181282602522495 0.232516321626694 0.134888859756511 0.178715546636176 0.0770939921993701 0.152124515436582 0.188983613741735
"30" 0.296866776735183 0.155019720981125 0.0513634226460166 0.359762442915135 0.15194132387915 0.241111775577075 0.0475900141387556 0.24162184296984 0.139133967024676 0.193280261158669 0.168028765623401 0.124833256427667 0.146527094156232 0.230156258042832 0.331737416110526 0.224184123048548 0.304607928267145 0.265440798354883 0.30406030273222 0.114492241489732 0.13766839695838 0.367808462241671 0.13406599242683 0.326120861609528 0.0617567775309404 0.0683515029918754 0.236811646553227 0.264830806837725 0.191243404021675 0 0.202663805696192 0.179069447228941 0.110239499832428 0.0951787022980336 0.337242901821531 0.338495931715339 0.246710113795365 0.289389734804462 0.0822339624355985 0.267005940195632 0.1846215189952 0.204902236391315
"31" 0.279419872892981 0.129351176871165 0.251361849947397 0.171697787723024 0.0748475605992033 0.130662070311049 0.16638585689048 0.103275778754136 0.063708035725355 0.143281944710344 0.0695916709153424 0.23275516302215 0.0658544619629989 0.0637156891945361 0.12908131154898 0.0619123281473666 0.148605766663136 0.168190532647357 0.2325307852343 0.161837356269057 0.17121488194033 0.204363890116568 0.268047850827701 0.125770323575795 0.189156318213594 0.148769792614398 0.16900676273407 0.0621682324087298 0.0415175611640442 0.202663805696192 0 0.09982735229918 0.125308861143136 0.121782047498191 0.163502422411846 0.210058462321313 0.273550884004251 0.0984632819515612 0.172450358955938 0.0891801681397438 0.192363000336102 0.229380829624823
"32" 0.358145093462944 0.19064262878583 0.22996524433765 0.2630355811901 0.135719686383736 0.063196544377272 0.131865385750198 0.200367656006788 0.0936341459169124 0.218759681129658 0.0341011237240288 0.260247466595034 0.0603019052853581 0.162916267378566 0.195938901818943 0.0660916671491111 0.248412533832424 0.261080961342737 0.323116253101923 0.199383256307456 0.0844443905485794 0.302883601490431 0.287858316832813 0.206333064413453 0.197537280206706 0.157747554100397 0.254189562437133 0.140459800480295 0.130593802912479 0.179069447228941 0.09982735229918 0 0.160988308963283 0.0848925049261655 0.162847077123982 0.309263256186233 0.337582292325123 0.132281178753032 0.112842052691866 0.18828159705451 0.25459108231833 0.290273676110787
"33" 0.211560028168199 0.0473702621001865 0.146661863778175 0.257304286785342 0.053445270244172 0.220024961873589 0.102939603854521 0.133303908293036 0.0727224666554739 0.0864614747540543 0.132027210973829 0.108059480337256 0.10257799744287 0.129433369127482 0.246978506801141 0.172290888784202 0.195940232105513 0.156381694906159 0.20121181767474 0.039286169646132 0.175604583627658 0.258881370595001 0.142749833015306 0.233982066232646 0.0701465759653876 0.041937557906681 0.130651742481247 0.182212516071671 0.097098535675315 0.110239499832428 0.125308861143136 0.160988308963283 0 0.0984010124514492 0.285471957726878 0.228442866342107 0.179465267604578 0.223495185040987 0.137536745579586 0.165350776179478 0.0989783716967031 0.13194770859196
"34" 0.309600932682532 0.141067324220462 0.146494381691738 0.291402606995381 0.102933760185755 0.147866998417535 0.0496149591226308 0.192650910200032 0.067045002397122 0.177572059650426 0.0736687035654257 0.182071349826842 0.0572645787908016 0.167400011331696 0.24736163303873 0.130659668414471 0.252479719851558 0.238029468888671 0.291915709184028 0.130963862960098 0.0773833720993771 0.314085557975761 0.2062503377732 0.247371868197422 0.115657340664549 0.0795571804990369 0.219963977034241 0.181932775791079 0.126365475380824 0.0951787022980336 0.121782047498191 0.0848925049261655 0.0984010124514492 0 0.242288154652145 0.301412728064518 0.276603960046077 0.197672804588049 0.0523659141420987 0.202178212736205 0.197339880479884 0.229347700352947
"35" 0.430702371093031 0.292697630278168 0.388605844923242 0.211843290008026 0.237948545725002 0.11405328221578 0.291610290616777 0.240257284400446 0.214782227227301 0.30250973788845 0.16934997067386 0.393499316510428 0.193873380804985 0.201796077907841 0.117134772563907 0.115385013342389 0.250504611780836 0.30667971648567 0.370275615773256 0.323622784459705 0.240222784910491 0.276526753752356 0.427064413426713 0.148555668828967 0.341921497348885 0.300033518382725 0.319265531385975 0.128900521753839 0.202557672313538 0.337242901821531 0.163502422411846 0.162847077123982 0.285471957726878 0.242288154652145 0 0.317661107526949 0.433955514176896 0.0701202043268857 0.275683323901329 0.19697387922786 0.354645706832275 0.391406388502945
"36" 0.165317728448017 0.184184795915527 0.369442452674012 0.128248685356438 0.199010117136076 0.335740865587703 0.326432274864163 0.110489691933975 0.236318521197332 0.148283314736243 0.276897283668711 0.278623167959185 0.261744744606199 0.14643092739509 0.206846313223611 0.264374327228 0.067773733411869 0.0755615016188075 0.0866376799066421 0.231683288284115 0.370350515958222 0.068965947404786 0.313944385586111 0.173934024253404 0.288698996224046 0.270361664157181 0.110516340430316 0.196977487061459 0.181282602522495 0.338495931715339 0.210058462321313 0.309263256186233 0.228442866342107 0.301412728064518 0.317661107526949 0 0.212140355103841 0.252762821713636 0.35214215339736 0.128110884071654 0.185036382290973 0.200155452241598
"37" 0.0669991809344932 0.148133070539056 0.247583376041704 0.316666002600032 0.205605603483972 0.392368323759769 0.266783435175814 0.203759134228895 0.244432724471762 0.131447949677185 0.305905870345339 0.12811326544779 0.277421776632471 0.235178283386949 0.35693089331154 0.333133169264072 0.235193112500747 0.154865098578452 0.12924382123976 0.146164893558992 0.352526859388202 0.276774437543567 0.145545653711562 0.330663656276139 0.185346686979658 0.20190211777941 0.125018013742654 0.308812172122311 0.232516321626694 0.246710113795365 0.273550884004251 0.337582292325123 0.179465267604578 0.276603960046077 0.433955514176896 0.212140355103841 0 0.364633726013615 0.307336944211231 0.253645313975275 0.083237663452255 0.0475470163959489
"38" 0.36059368141789 0.225740121641142 0.340131976667326 0.160284854853944 0.173168494338983 0.110817530987748 0.246960427068217 0.170302307590047 0.156647203886485 0.23323427499174 0.124993198938443 0.331180958766443 0.142870598820709 0.131682795701817 0.0717915604118547 0.068342937749209 0.185020639272306 0.237050882352941 0.301038689529624 0.260300583392072 0.216589684233988 0.218970074519058 0.366215404711698 0.0950225346861065 0.284917280656503 0.243499635032261 0.249146273059702 0.0591045811917129 0.134888859756511 0.289389734804462 0.0984632819515612 0.132281178753032 0.223495185040987 0.197672804588049 0.0701202043268857 0.252762821713636 0.364633726013615 0 0.239768315400523 0.128452971416721 0.286310779389972 0.322817511249423
"39" 0.347486848546381 0.183855896269371 0.127281365494707 0.343176272049317 0.153133794593364 0.169578051602196 0.0416872209146115 0.244270237601246 0.119361800264262 0.222143513467609 0.11535311683956 0.197535730286677 0.106709440682516 0.219764684320599 0.294860093174645 0.171439112182387 0.304623727021695 0.286549743471596 0.33736593122509 0.162229713431486 0.0554425347248973 0.366394035944709 0.213430019816111 0.297198855139967 0.128513002183045 0.105693616922169 0.265733009521341 0.230895567620887 0.178715546636176 0.0822339624355985 0.172450358955938 0.112842052691866 0.137536745579586 0.0523659141420987 0.275683323901329 0.35214215339736 0.307336944211231 0.239768315400523 0 0.254473350572496 0.233192642301036 0.261481388645582
"40" 0.238071488580076 0.141202592392242 0.310043059920396 0.0927979656090172 0.115482065674803 0.208295342828406 0.239933901707172 0.0499167349723661 0.135807344176272 0.129465559459195 0.158768083387457 0.257300612494985 0.151234227408821 0.0368500775430913 0.103382353058898 0.137237064610081 0.061858875254573 0.110973875618414 0.173478793447786 0.189717406897222 0.259537036153593 0.115221858346867 0.295352794009441 0.0780292790877747 0.235475648442975 0.202306897564803 0.130055776111144 0.0701781261170676 0.0770939921993701 0.267005940195632 0.0891801681397438 0.18828159705451 0.165350776179478 0.202178212736205 0.19697387922786 0.128110884071654 0.253645313975275 0.128452971416721 0.254473350572496 0 0.185919140922784 0.218626722112278
"41" 0.114479696456279 0.0649722674370059 0.199985301114633 0.262553372555974 0.12256712794695 0.309151278043199 0.194713163556271 0.137249806984051 0.161266723256754 0.0565023377081778 0.222711508553762 0.0943998987053782 0.194353155201951 0.161175927247241 0.286800810381421 0.250831941463405 0.184002871635074 0.111633328204303 0.125704005217558 0.0720062629009318 0.274379800476646 0.237924154320798 0.1289159709818 0.263906392471513 0.124084043477566 0.128190481379188 0.0753982898640771 0.232852921572463 0.152124515436582 0.1846215189952 0.192363000336102 0.25459108231833 0.0989783716967031 0.197339880479884 0.354645706832275 0.185036382290973 0.083237663452255 0.286310779389972 0.233192642301036 0.185919140922784 0 0.0370747995737973
"42" 0.0932906300584001 0.10181430740257 0.211917711964134 0.290254872498424 0.159451433060809 0.345689032331095 0.221477957698882 0.169068064133226 0.197353060710375 0.0907879679290571 0.25884943157957 0.095442498899374 0.230198779535641 0.196117869435815 0.320769640971153 0.287890026941383 0.20980219941622 0.132192664984851 0.127940350437852 0.0995024998994985 0.305585220835224 0.258992186150022 0.12257796659514 0.296591110565392 0.1431458429654 0.155801334919856 0.0973722256948454 0.268644308460304 0.188983613741735 0.204902236391315 0.229380829624823 0.290273676110787 0.13194770859196 0.229347700352947 0.391406388502945 0.200155452241598 0.0475470163959489 0.322817511249423 0.261481388645582 0.218626722112278 0.0370747995737973 0
