"V1" "V2" "V3" "V4" "V5" "V6" "V7" "V8" "V9" "V10" "V11" "V12" "V13" "V14" "V15" "V16" "V17" "V18" "V19" "V20" "V21" "V22" "V23" "V24" "V25" "V26" "V27" "V28" "V29" "V30" "V31" "V32" "V33" "V34" "V35" "V36" "V37" "V38" "V39" "V40" "V41" "V42"
"1" 0 0.226917862605759 0.479438676418422 0.908539846979814 0.589380313147858 0.354864276631531 0.901385967207281 1.04754689064261 0.0493721679897581 0.693263558048524 0.62519913036609 0.76299934705283 1.02098784845064 0.524469749159173 0.59857707865233 1.09534359676492 0.109831554864967 0.50411771686527 0.97622780209313 1.11496464466782 0.909486845095299 0.54708699314161 0.718885911024579 0.508173486634061 0.252044897795765 0.647768363140208 0.289744471974784 0.467656195632699 1.00348357108575 0.452459968200103 0.106002444091029 0.648173227855194 0.434959902826851 0.584683811581794 0.985958901473641 0.225767431486576 0.237539643285023 0.679324401446329 0.254170645252335 0.414459248465121 0.69158914504571 0.748667408938489
"2" 0.226917862605759 0 0.520524487849456 0.828313373965004 0.684075567373697 0.135483329254789 0.971279250274643 0.941858273770116 0.177911206364283 0.473852312967768 0.512162499038419 0.814133382275833 0.941307487379075 0.487940219747848 0.494228472824633 0.960474318276926 0.254369287595099 0.321159088078249 0.871615724022927 0.984363334476446 0.763895883926361 0.551853708546639 0.537426479521711 0.330629993901406 0.0486346224739112 0.433768968278244 0.0649592271594462 0.263184590275817 0.897796632612658 0.315075667375162 0.136677517737424 0.526661263364957 0.316862123500679 0.600606252239333 0.919178957406521 0.30189955938518 0.464366791378694 0.495860233072578 0.480124402897955 0.555134813409319 0.543887128225056 0.53848153795229
"3" 0.479438676418422 0.520524487849456 0 0.514437844785299 0.19717470101526 0.626833109536788 0.451074494184933 0.680591224026611 0.484904847663608 0.734535800320761 0.373833589809147 0.294592665255896 0.614240617195882 0.172202349054658 0.341817723028631 0.780708145417063 0.369964917519293 0.488629291651102 0.615483540755902 0.789157624962568 0.64668599179935 0.0983609453104512 0.60258786644448 0.476462375300226 0.56910174216462 0.672638542082512 0.531690510771282 0.532902955350125 0.641380773362899 0.373169967823372 0.442519984775856 0.405158520744596 0.334328864129036 0.112556824438014 0.564069190628119 0.254512344263533 0.536823320265217 0.582572534206134 0.524625599791213 0.236646486634143 0.492941104295571 0.727428190197764
"4" 0.908539846979814 0.828313373965004 0.514437844785299 0 0.619462113070267 0.863768528385941 0.600632688221451 0.170856680372904 0.891713898475296 0.70775867736614 0.323063715356933 0.486820126227544 0.113500580555616 0.39025898641823 0.335418167658889 0.304342227671602 0.814108193251484 0.571271424696844 0.119198240139621 0.300946271026632 0.28556143304996 0.416223321270669 0.476287684212518 0.554332127609024 0.866395180087016 0.661430095037621 0.797622015644715 0.655122891366972 0.138972320749489 0.518994469407914 0.828495747169181 0.318709392264145 0.511631175127147 0.414988787583081 0.102080052524159 0.702858642209249 1.03264468367427 0.495459618062606 1.0248372143983 0.747562311903275 0.357271837567914 0.636114115470209
"5" 0.589380313147858 0.684075567373697 0.19717470101526 0.619462113070267 0 0.802048888274556 0.31568796366032 0.790275190538066 0.608933153031861 0.931707279204792 0.555719550099063 0.21022764383349 0.700090813525455 0.356865974062521 0.525588242760021 0.912216334657746 0.483346390974533 0.68565160542065 0.733530935001002 0.9150241602816 0.805284325383729 0.256160627900626 0.793245061991742 0.673606680497904 0.732302848082445 0.869806479876954 0.705788034515334 0.727567871873474 0.756710598393016 0.570193296503793 0.58277281145087 0.586120727736302 0.531228065147769 0.224392147488331 0.640372025110536 0.38783505233677 0.566414385869235 0.775695402183188 0.546426400425849 0.20256088239097 0.676541678144765 0.923076723301131
"6" 0.354864276631531 0.135483329254789 0.626833109536788 0.863768528385941 0.802048888274556 0 1.07670595624033 0.95715672073506 0.305562191520251 0.384321740514523 0.540719529455724 0.915201718446268 0.97400680174402 0.564301339452155 0.530368643677987 0.953518116748375 0.389827433599524 0.30559451073657 0.889517553385373 0.980239211639374 0.753593717238071 0.643046462518653 0.502288208888983 0.320233379006919 0.102947294087639 0.3578413299389 0.0962706943410918 0.225875898831257 0.914222708952806 0.34736619364831 0.271783476761303 0.547820063022641 0.363930614319671 0.694166569497283 0.960430935585761 0.429354599073612 0.591419544621721 0.461039631502819 0.608966751397723 0.685519444468515 0.542264871606084 0.464280737563304
"7" 0.901385967207281 0.971279250274643 0.451074494184933 0.600632688221451 0.31568796366032 1.07670595624033 0 0.751754378052871 0.917331865948062 1.12783220862399 0.698333503540478 0.166194333482786 0.633553741747741 0.542871856275006 0.677514842828887 0.901521150525823 0.793403460517065 0.898721425611749 0.717818358185986 0.893063785400161 0.861799000402342 0.443708062263405 0.942705024399193 0.883495316656721 1.01989710203446 1.06735051879503 0.982162494590817 0.959016163207125 0.732803053957203 0.788789910002641 0.884485505862686 0.722187240888919 0.754083965287554 0.39157697511994 0.569073434858135 0.689470802464233 0.877080154742692 0.938015743124741 0.855581974757434 0.514558585099142 0.809893814363393 1.09500934777111
"8" 1.04754689064261 0.941858273770116 0.680591224026611 0.170856680372904 0.790275190538066 0.95715672073506 0.751754378052871 0 1.02589328920247 0.735428449158073 0.430711449390797 0.651078457436019 0.12470713619847 0.544055263171869 0.452588894813422 0.156835225687472 0.959321630603623 0.652988221131168 0.0713587811378177 0.142413924216058 0.249706639195776 0.58224935495099 0.50502394551194 0.637521285474808 0.975201601771637 0.70018509190705 0.902868391276308 0.736149334584449 0.0442999446120388 0.62679220763114 0.960256583821395 0.415272384296455 0.628318298666906 0.584354524165669 0.185308124769343 0.852709946009697 1.18791603778278 0.53532522285599 1.18175805464606 0.915485940583108 0.418000987571949 0.649460356478024
"9" 0.0493721679897581 0.177911206364283 0.484904847663608 0.891713898475296 0.608933153031861 0.305562191520251 0.917331865948062 1.02589328920247 0 0.646583453940951 0.599577662487548 0.773941127052836 1.00477966158318 0.513359134120316 0.574426917970578 1.06762516557972 0.126154828189746 0.463965406081144 0.954538820651531 1.08820864015303 0.878928974242932 0.545384124198822 0.680236477414864 0.469035969815672 0.20280880117334 0.602249403214043 0.241250199417592 0.423409396104943 0.981672254746701 0.419889843468341 0.0678125110932559 0.621060142159701 0.405625798043909 0.586001676841749 0.972363701283263 0.230960101852662 0.286816767337344 0.640113109507112 0.303535270535535 0.443291798576095 0.659557210606415 0.704141289322501
"10" 0.693263558048524 0.473852312967768 0.734535800320761 0.70775867736614 0.931707279204792 0.384321740514523 1.12783220862399 0.735428449158073 0.646583453940951 0 0.438896855085646 0.963236425506699 0.797365928289204 0.590980501782764 0.453815457879643 0.677194073699845 0.681207380891662 0.247948858744415 0.681837714066883 0.708463093397023 0.490598292910617 0.696282451044352 0.23332201628354 0.258578883232488 0.469530688701439 0.0619326907041203 0.40891152198069 0.235025006210964 0.69983556178477 0.362506140294864 0.589789635252067 0.422438417297071 0.401842118028423 0.745385475278437 0.809325205060038 0.657458590007861 0.925209596232049 0.212853400666434 0.936786411855917 0.893291945711662 0.354263407938911 0.0980557852435464
"11" 0.62519913036609 0.512162499038419 0.373833589809147 0.323063715356933 0.555719550099063 0.540719529455724 0.698333503540478 0.430711449390797 0.599577662487548 0.438896855085646 0 0.53785439045485 0.433665224439213 0.201826538102524 0.0331422984069378 0.471042855431365 0.546658540830764 0.253370939806909 0.359963960712494 0.489863228635741 0.29595165287385 0.299787198563798 0.246110305574056 0.236042901085781 0.547437912258605 0.381899874402998 0.476841542278479 0.335720767931247 0.386474907091122 0.198064536764617 0.532831363910909 0.0314762553601313 0.197660781771523 0.339056742778333 0.420726823808304 0.453005077839272 0.791556143645823 0.239773324478272 0.790230366525925 0.594730296089914 0.120863993670723 0.397011661072274
"12" 0.76299934705283 0.814133382275833 0.294592665255896 0.486820126227544 0.21022764383349 0.915201718446268 0.166194333482786 0.651078457436019 0.773941127052836 0.963236425506699 0.53785439045485 0 0.543950825122302 0.376728497134485 0.515374478501254 0.791016805484524 0.653408231775595 0.732645045424077 0.605992890794336 0.787344558692711 0.725275700136494 0.277917845104331 0.783577037600736 0.717493749464727 0.862591417918088 0.902479594003939 0.821533747271329 0.792907388469582 0.624965761301193 0.62260217916494 0.735570163265363 0.563145383932533 0.587998903184261 0.225701667446893 0.480016678830938 0.54327433010961 0.770597806910555 0.776757384992416 0.751988378179227 0.409328833518987 0.652484549595124 0.933165890373975
"13" 1.02098784845064 0.941307487379075 0.614240617195882 0.113500580555616 0.700090813525455 0.97400680174402 0.633553741747741 0.12470713619847 1.00477966158318 0.797365928289204 0.433665224439213 0.543950825122302 0 0.500334570365567 0.447700312678525 0.281502077564343 0.925422773383247 0.677927302978485 0.128048383923537 0.266260010734792 0.336929102591507 0.517111896366031 0.564062135893462 0.661262508708881 0.978962208167501 0.755007271040393 0.909668648231816 0.762027592653589 0.124993888015934 0.630777160590201 0.94178928689216 0.426803696861516 0.624494569720913 0.509385838306953 0.0647632488428032 0.813040514811119 1.13978596557442 0.587900950610213 1.13105209333224 0.842976372234656 0.455178650867633 0.719202908450536
"14" 0.524469749159173 0.487940219747848 0.172202349054658 0.39025898641823 0.356865974062521 0.564301339452155 0.542871856275006 0.544055263171869 0.513359134120316 0.590980501782764 0.201826538102524 0.376728497134485 0.500334570365567 0 0.170217201113933 0.626375722154274 0.425669952333063 0.355972369781978 0.474799304140356 0.638315388708523 0.479078028027735 0.105911069226828 0.436503238289521 0.34098835328426 0.533278814528527 0.529481923246753 0.477628008602647 0.417693010290574 0.501848635414813 0.246626712612408 0.454926867321278 0.233065840944216 0.213881308032247 0.154476352994504 0.461993611292769 0.312749005462503 0.644122352275962 0.420350367860936 0.63770293031842 0.399566985363786 0.321644572332884 0.571331491588354
"15" 0.59857707865233 0.494228472824633 0.341817723028631 0.335418167658889 0.525588242760021 0.530368643677987 0.677514842828887 0.452588894813422 0.574426917970578 0.453815457879643 0.0331422984069378 0.515374478501254 0.447700312678525 0.170217201113933 0 0.499755190000137 0.517661910784717 0.253387659397533 0.381399674361164 0.517636285135062 0.327925227572211 0.270225040556441 0.271612725741686 0.236050906318873 0.531277235253599 0.395222884246316 0.462204598434309 0.333254367774221 0.408289751080485 0.18381900655427 0.508207204702442 0.0644427479164377 0.1775466681764 0.311314318757311 0.430259718123652 0.421986803788636 0.760883287625666 0.261547865458356 0.759137600659286 0.561672655782747 0.151440506343893 0.417809161400126
"16" 1.09534359676492 0.960474318276926 0.780708145417063 0.304342227671602 0.912216334657746 0.953518116748375 0.901521150525823 0.156835225687472 1.06762516557972 0.677194073699845 0.471042855431365 0.791016805484524 0.281502077564343 0.626375722154274 0.499755190000137 0 1.01738977688772 0.649527683035736 0.185170204364439 0.0324797099954747 0.199993072894612 0.684244709183436 0.463538107895252 0.636430908179443 0.987682303481922 0.653588617308364 0.913335465294273 0.727688710919315 0.168731343490137 0.651179730982155 1.00018144851525 0.44717179311126 0.662038923881722 0.695728836219921 0.340699228545877 0.919730478975973 1.25882950577017 0.501085436086041 1.25571887323064 1.01730012688994 0.416727205255136 0.583037921379405
"17" 0.109831554864967 0.254369287595099 0.369964917519293 0.814108193251484 0.483346390974533 0.389827433599524 0.793403460517065 0.959321630603623 0.126154828189746 0.681207380891662 0.546658540830764 0.653408231775595 0.925422773383247 0.425669952333063 0.517661910784717 1.01738977688772 0 0.465746012201128 0.888328666452679 1.03510481713539 0.838383792218582 0.440276553688967 0.671201957495108 0.466176283962068 0.294019512933607 0.629448549727329 0.305588934607874 0.447132631409234 0.915663480776603 0.393009862834681 0.120128804546022 0.572245328006828 0.368259389830296 0.476294634262671 0.887507912650849 0.117830717572198 0.25539014450144 0.634047541006257 0.261396155479336 0.318865787194197 0.62588730159863 0.72369103946656
"18" 0.50411771686527 0.321159088078249 0.488629291651102 0.571271424696844 0.68565160542065 0.30559451073657 0.898721425611749 0.652988221131168 0.463965406081144 0.247948858744415 0.253370939806909 0.732645045424077 0.677927302978485 0.355972369781978 0.253387659397533 0.649527683035736 0.465746012201128 0 0.586452893287152 0.675594403394251 0.450108135563119 0.4584840228591 0.217584539368063 0.0173724418034879 0.341593753807377 0.186787998914285 0.267070610477242 0.0841206251849868 0.610542899139745 0.115462071208196 0.398448014170026 0.252726096908348 0.154513659512236 0.509417120155673 0.671267093560609 0.421344178355031 0.719686118268832 0.17666569707864 0.727066046860288 0.64750726079643 0.236699486019404 0.263450490738777
"19" 0.97622780209313 0.871615724022927 0.615483540755902 0.119198240139621 0.733530935001002 0.889517553385373 0.717818358185986 0.0713587811378177 0.954538820651531 0.681837714066883 0.359963960712494 0.605992890794336 0.128048383923537 0.474799304140356 0.381399674361164 0.185170204364439 0.888328666452679 0.586452893287152 0 0.182552624944604 0.209568176347597 0.517357359944058 0.449250384219923 0.570670800995725 0.90548890470604 0.643336140366217 0.833488963105276 0.670053778388863 0.0273354061696241 0.556641160412531 0.888927531110014 0.345373687591144 0.557452990718236 0.522558838105779 0.171296549860149 0.782259822591041 1.11813339933863 0.476929518047236 1.11233737171061 0.8513397959193 0.353498505198218 0.599586399359588
"20" 1.11496464466782 0.984363334476446 0.789157624962568 0.300946271026632 0.9150241602816 0.980239211639374 0.893063785400161 0.142413924216058 1.08820864015303 0.708463093397023 0.489863228635741 0.787344558692711 0.266260010734792 0.638315388708523 0.517636285135062 0.0324797099954747 1.03510481713539 0.675594403394251 0.182552624944604 0 0.22768458718325 0.691959735654905 0.493015398796225 0.66216238921826 1.01244441112633 0.684011413063628 0.938246002496926 0.754562256304394 0.16238323862429 0.67348537807166 1.02095383426294 0.467168733553562 0.682963266258763 0.701093567079329 0.327717545421357 0.935607183508292 1.27443713830535 0.530022880510967 1.27071675160793 1.02578236470986 0.441333408985956 0.614658948889118
"21" 0.909486845095299 0.763895883926361 0.64668599179935 0.28556143304996 0.805284325383729 0.753593717238071 0.861799000402342 0.249706639195776 0.878928974242932 0.490598292910617 0.29595165287385 0.725275700136494 0.336929102591507 0.479078028027735 0.327925227572211 0.199993072894612 0.838383792218582 0.450108135563119 0.209568176347597 0.22768458718325 0 0.557112497697158 0.267117421335176 0.437387975909817 0.789594107932144 0.460774627241501 0.71509315970752 0.527739304802367 0.220452863793934 0.459438386617773 0.811155406441468 0.26763847004457 0.47454305354794 0.581073591823373 0.37100214852698 0.748565414633258 1.08643660508736 0.30292226089097 1.08572063324313 0.878606395154178 0.220748740327007 0.401500456683732
"22" 0.54708699314161 0.551853708546639 0.0983609453104512 0.416223321270669 0.256160627900626 0.643046462518653 0.443708062263405 0.58224935495099 0.545384124198822 0.696282451044352 0.299787198563798 0.277917845104331 0.517111896366031 0.105911069226828 0.270225040556441 0.684244709183436 0.440276553688967 0.4584840228591 0.517357359944058 0.691959735654905 0.557112497697158 0 0.540175005334645 0.444094067853293 0.599360893982808 0.634652516765078 0.551612104284126 0.515587141308987 0.543161661494716 0.346212370227626 0.494911909979764 0.330023632822863 0.310664798469055 0.0522416355594268 0.468439707024843 0.322447250051876 0.627706695070554 0.525439023464992 0.617036113511329 0.334124099481095 0.420650911609851 0.677135262344398
"23" 0.718885911024579 0.537426479521711 0.60258786644448 0.476287684212518 0.793245061991742 0.502288208888983 0.942705024399193 0.50502394551194 0.680236477414864 0.23332201628354 0.246110305574056 0.783577037600736 0.564062135893462 0.436503238289521 0.271612725741686 0.463538107895252 0.671201957495108 0.217584539368063 0.449250384219923 0.493015398796225 0.267117421335176 0.540175005334645 0 0.211236202471464 0.554128953653145 0.195263305592193 0.480437041349379 0.280163024528802 0.468062317369394 0.281343135951487 0.613906380309083 0.220595046349656 0.313479225986127 0.582777332934816 0.577321612363882 0.608746449276312 0.926590289055459 0.0417865744236236 0.931694142505604 0.802863830528112 0.134717897967025 0.162112579892392
"24" 0.508173486634061 0.330629993901406 0.476462375300226 0.554332127609024 0.673606680497904 0.320233379006919 0.883495316656721 0.637521285474808 0.469035969815672 0.258578883232488 0.236042901085781 0.717493749464727 0.661262508708881 0.34098835328426 0.236050906318873 0.636430908179443 0.466176283962068 0.0173724418034879 0.570670800995725 0.66216238921826 0.437387975909817 0.444094067853293 0.211236202471464 0 0.352872934859302 0.196924466218008 0.278283219631527 0.100821643468493 0.594921489379614 0.103944307000576 0.402891574766018 0.235701413148247 0.143302812112179 0.494783818338669 0.654206251312371 0.417540816250042 0.720816484523727 0.171179718704928 0.727568195520116 0.639739521197114 0.22220032282385 0.268275292643996
"25" 0.252044897795765 0.0486346224739112 0.56910174216462 0.866395180087016 0.732302848082445 0.102947294087639 1.01989710203446 0.975201601771637 0.20280880117334 0.469530688701439 0.547437912258605 0.862591417918088 0.978962208167501 0.533278814528527 0.531277235253599 0.987682303481922 0.294019512933607 0.341593753807377 0.90548890470604 1.01244441112633 0.789594107932144 0.599360893982808 0.554128953653145 0.352872934859302 0 0.434741571132731 0.0745897381036121 0.274965519964729 0.931344347458537 0.349406681229142 0.174088038842285 0.560115491364227 0.354996882107796 0.648410417667318 0.958738872997591 0.348905906633878 0.48847390345262 0.512347425333017 0.506072803004683 0.600432563235932 0.57112771243061 0.540958355767717
"26" 0.647768363140208 0.433768968278244 0.672638542082512 0.661430095037621 0.869806479876954 0.3578413299389 1.06735051879503 0.70018509190705 0.602249403214043 0.0619326907041203 0.381899874402998 0.902479594003939 0.755007271040393 0.529481923246753 0.395222884246316 0.653588617308364 0.629448549727329 0.186787998914285 0.643336140366217 0.684011413063628 0.460774627241501 0.634652516765078 0.195263305592193 0.196924466218008 0.434741571132731 0 0.369417942390109 0.182460436838361 0.662788321017994 0.300868071237307 0.54298466314721 0.367223005573187 0.340226823655217 0.683931763399795 0.763411447946198 0.600464626497541 0.876743502701368 0.167118131893155 0.887284067330094 0.833416375437885 0.304860944337688 0.106655406690546
"27" 0.289744471974784 0.0649592271594462 0.531690510771282 0.797622015644715 0.705788034515334 0.0962706943410918 0.982162494590817 0.902868391276308 0.241250199417592 0.40891152198069 0.476841542278479 0.821533747271329 0.909668648231816 0.477628008602647 0.462204598434309 0.913335465294273 0.305588934607874 0.267070610477242 0.833488963105276 0.938246002496926 0.71509315970752 0.551612104284126 0.480437041349379 0.278283219631527 0.0745897381036121 0.369417942390109 0 0.202510051480274 0.859146001281802 0.278955648221285 0.193578731752729 0.488276975300185 0.288067060085762 0.60216812126316 0.891423870475673 0.334861839032116 0.526579310023454 0.438682310615553 0.541441241668293 0.59171584264244 0.496913290371688 0.474564250965406
"28" 0.467656195632699 0.263184590275817 0.532902955350125 0.655122891366972 0.727567871873474 0.225875898831257 0.959016163207125 0.736149334584449 0.423409396104943 0.235025006210964 0.335720767931247 0.792907388469582 0.762027592653589 0.417693010290574 0.333254367774221 0.727688710919315 0.447132631409234 0.0841206251849868 0.670053778388863 0.754562256304394 0.527739304802367 0.515587141308987 0.280163024528802 0.100821643468493 0.274965519964729 0.182460436838361 0.202510051480274 0 0.693934553766942 0.17122733640286 0.362158180080018 0.336446723684324 0.204946469943941 0.567544629432627 0.754860252000654 0.42425118888193 0.694598683394045 0.238425099178993 0.704889770725648 0.666873451956353 0.318778915572838 0.281018335719114
"29" 1.00348357108575 0.897796632612658 0.641380773362899 0.138972320749489 0.756710598393016 0.914222708952806 0.732803053957203 0.0442999446120388 0.981672254746701 0.69983556178477 0.386474907091122 0.624965761301193 0.124993888015934 0.501848635414813 0.408289751080485 0.168731343490137 0.915663480776603 0.610542899139745 0.0273354061696241 0.16238323862429 0.220452863793934 0.543161661494716 0.468062317369394 0.594921489379614 0.931344347458537 0.662788321017994 0.859146001281802 0.693934553766942 0 0.582752279586237 0.915996097702635 0.371302994401531 0.584059998490674 0.547359575583139 0.176351144988427 0.809555449560585 1.14532135952447 0.496991070297641 1.13945126384363 0.87697996962206 0.376444033576739 0.615875497691262
"30" 0.452459968200103 0.315075667375162 0.373169967823372 0.518994469407914 0.570193296503793 0.34736619364831 0.788789910002641 0.62679220763114 0.419889843468341 0.362506140294864 0.198064536764617 0.62260217916494 0.630777160590201 0.246626712612408 0.18381900655427 0.651179730982155 0.393009862834681 0.115462071208196 0.556641160412531 0.67348537807166 0.459438386617773 0.346212370227626 0.281343135951487 0.103944307000576 0.349406681229142 0.300868071237307 0.278955648221285 0.17122733640286 0.582752279586237 0 0.352077375705965 0.211594876774375 0.0393701754371481 0.397807105284444 0.613997643768324 0.327866827452992 0.647936990179781 0.247328279359025 0.651869769323806 0.538577209538173 0.23966774713193 0.367618892549575
"31" 0.106002444091029 0.136677517737424 0.442519984775856 0.828495747169181 0.58277281145087 0.271783476761303 0.884485505862686 0.960256583821395 0.0678125110932559 0.589789635252067 0.532831363910909 0.735570163265363 0.94178928689216 0.454926867321278 0.508207204702442 1.00018144851525 0.120128804546022 0.398448014170026 0.888927531110014 1.02095383426294 0.811155406441468 0.494911909979764 0.613906380309083 0.402891574766018 0.174088038842285 0.54298466314721 0.193578731752729 0.362158180080018 0.915996097702635 0.352077375705965 0 0.553885444031286 0.338142533816397 0.538216619244072 0.910966026598485 0.195546521351242 0.336057206278178 0.574069088753424 0.349341612963753 0.433362096937121 0.591744701412439 0.643156031949206
"32" 0.648173227855194 0.526661263364957 0.405158520744596 0.318709392264145 0.586120727736302 0.547820063022641 0.722187240888919 0.415272384296455 0.621060142159701 0.422438417297071 0.0314762553601313 0.563145383932533 0.426803696861516 0.233065840944216 0.0644427479164377 0.44717179311126 0.572245328006828 0.252726096908348 0.345373687591144 0.467168733553562 0.26763847004457 0.330023632822863 0.220595046349656 0.235701413148247 0.560115491364227 0.367223005573187 0.488276975300185 0.336446723684324 0.371302994401531 0.211594876774375 0.553885444031286 0 0.216348991230194 0.368207395339022 0.418548868444231 0.480943331503641 0.818898251791238 0.217975837654529 0.818082432941971 0.626115323302068 0.0912491131685036 0.375215860699886
"33" 0.434959902826851 0.316862123500679 0.334328864129036 0.511631175127147 0.531228065147769 0.363930614319671 0.754083965287554 0.628318298666906 0.405625798043909 0.401842118028423 0.197660781771523 0.587998903184261 0.624494569720913 0.213881308032247 0.1775466681764 0.662038923881722 0.368259389830296 0.154513659512236 0.557452990718236 0.682963266258763 0.47454305354794 0.310664798469055 0.313479225986127 0.143302812112179 0.354996882107796 0.340226823655217 0.288067060085762 0.204946469943941 0.584059998490674 0.0393701754371481 0.338142533816397 0.216348991230194 0 0.362598709430569 0.603853712800471 0.295651298999032 0.621771767368888 0.281404049422253 0.62448319174437 0.500271931408989 0.258137602202827 0.40609040871305
"34" 0.584683811581794 0.600606252239333 0.112556824438014 0.414988787583081 0.224392147488331 0.694166569497283 0.39157697511994 0.584354524165669 0.586001676841749 0.745385475278437 0.339056742778333 0.225701667446893 0.509385838306953 0.154476352994504 0.311314318757311 0.695728836219921 0.476294634262671 0.509417120155673 0.522558838105779 0.701093567079329 0.581073591823373 0.0522416355594268 0.582777332934816 0.494783818338669 0.648410417667318 0.683931763399795 0.60216812126316 0.567544629432627 0.547359575583139 0.397807105284444 0.538216619244072 0.368207395339022 0.362598709430569 0 0.456490445701284 0.358945295061447 0.649232337813298 0.570085568180466 0.636700059109048 0.333670875217826 0.459424422007264 0.723388166285157
"35" 0.985958901473641 0.919178957406521 0.564069190628119 0.102080052524159 0.640372025110536 0.960430935585761 0.569073434858135 0.185308124769343 0.972363701283263 0.809325205060038 0.420726823808304 0.480016678830938 0.0647632488428032 0.461993611292769 0.430259718123652 0.340699228545877 0.887507912650849 0.671267093560609 0.171296549860149 0.327717545421357 0.37100214852698 0.468439707024843 0.577321612363882 0.654206251312371 0.958738872997591 0.763411447946198 0.891423870475673 0.754860252000654 0.176351144988427 0.613997643768324 0.910966026598485 0.418548868444231 0.603853712800471 0.456490445701284 0 0.773172914787944 1.09476079541983 0.597259312618777 1.08497138319787 0.789083860960081 0.459351016710354 0.736311234267361
"36" 0.225767431486576 0.30189955938518 0.254512344263533 0.702858642209249 0.38783505233677 0.429354599073612 0.689470802464233 0.852709946009697 0.230960101852662 0.657458590007861 0.453005077839272 0.54327433010961 0.813040514811119 0.312749005462503 0.421986803788636 0.919730478975973 0.117830717572198 0.421344178355031 0.782259822591041 0.935607183508292 0.748565414633258 0.322447250051876 0.608746449276312 0.417540816250042 0.348905906633878 0.600464626497541 0.334861839032116 0.42425118888193 0.809555449560585 0.327866827452992 0.195546521351242 0.480943331503641 0.295651298999032 0.358945295061447 0.773172914787944 0 0.339149018427839 0.575181696893815 0.337225516565379 0.257119125562582 0.544677326532966 0.684788087667068
"37" 0.237539643285023 0.464366791378694 0.536823320265217 1.03264468367427 0.566414385869235 0.591419544621721 0.877080154742692 1.18791603778278 0.286816767337344 0.925209596232049 0.791556143645823 0.770597806910555 1.13978596557442 0.644122352275962 0.760883287625666 1.25882950577017 0.25539014450144 0.719686118268832 1.11813339933863 1.27443713830535 1.08643660508736 0.627706695070554 0.926590289055459 0.720816484523727 0.48847390345262 0.876743502701368 0.526579310023454 0.694598683394045 1.14532135952447 0.647936990179781 0.336057206278178 0.818898251791238 0.621771767368888 0.649232337813298 1.09476079541983 0.339149018427839 0 0.889334057591339 0.0271380499966239 0.363929823194588 0.877951184769698 0.974313678069586
"38" 0.679324401446329 0.495860233072578 0.582572534206134 0.495459618062606 0.775695402183188 0.461039631502819 0.938015743124741 0.53532522285599 0.640113109507112 0.212853400666434 0.239773324478272 0.776757384992416 0.587900950610213 0.420350367860936 0.261547865458356 0.501085436086041 0.634047541006257 0.17666569707864 0.476929518047236 0.530022880510967 0.30292226089097 0.525439023464992 0.0417865744236236 0.171179718704928 0.512347425333017 0.167118131893155 0.438682310615553 0.238425099178993 0.496991070297641 0.247328279359025 0.574069088753424 0.217975837654529 0.281404049422253 0.570085568180466 0.597259312618777 0.575181696893815 0.889334057591339 0 0.895006562130656 0.776217764386806 0.141905209269279 0.157354173472672
"39" 0.254170645252335 0.480124402897955 0.524625599791213 1.0248372143983 0.546426400425849 0.608966751397723 0.855581974757434 1.18175805464606 0.303535270535535 0.936786411855917 0.790230366525925 0.751988378179227 1.13105209333224 0.63770293031842 0.759137600659286 1.25571887323064 0.261396155479336 0.727066046860288 1.11233737171061 1.27071675160793 1.08572063324313 0.617036113511329 0.931694142505604 0.727568195520116 0.506072803004683 0.887284067330094 0.541441241668293 0.704889770725648 1.13945126384363 0.651869769323806 0.349341612963753 0.818082432941971 0.62448319174437 0.636700059109048 1.08497138319787 0.337225516565379 0.0271380499966239 0.895006562130656 0 0.343884969137477 0.879330858079377 0.983647740859701
"40" 0.414459248465121 0.555134813409319 0.236646486634143 0.747562311903275 0.20256088239097 0.685519444468515 0.514558585099142 0.915485940583108 0.443291798576095 0.893291945711662 0.594730296089914 0.409328833518987 0.842976372234656 0.399566985363786 0.561672655782747 1.01730012688994 0.318865787194197 0.64750726079643 0.8513397959193 1.02578236470986 0.878606395154178 0.334124099481095 0.802863830528112 0.639739521197114 0.600432563235932 0.833416375437885 0.59171584264244 0.666873451956353 0.87697996962206 0.538577209538173 0.433362096937121 0.626115323302068 0.500271931408989 0.333670875217826 0.789083860960081 0.257119125562582 0.363929823194588 0.776217764386806 0.343884969137477 0 0.708522167034762 0.906196056066872
"41" 0.69158914504571 0.543887128225056 0.492941104295571 0.357271837567914 0.676541678144765 0.542264871606084 0.809893814363393 0.418000987571949 0.659557210606415 0.354263407938911 0.120863993670723 0.652484549595124 0.455178650867633 0.321644572332884 0.151440506343893 0.416727205255136 0.62588730159863 0.236699486019404 0.353498505198218 0.441333408985956 0.220748740327007 0.420650911609851 0.134717897967025 0.22220032282385 0.57112771243061 0.304860944337688 0.496913290371688 0.318778915572838 0.376444033576739 0.23966774713193 0.591744701412439 0.0912491131685036 0.258137602202827 0.459424422007264 0.459351016710354 0.544677326532966 0.877951184769698 0.141905209269279 0.879330858079377 0.708522167034762 0 0.295019636975041
"42" 0.748667408938489 0.53848153795229 0.727428190197764 0.636114115470209 0.923076723301131 0.464280737563304 1.09500934777111 0.649460356478024 0.704141289322501 0.0980557852435464 0.397011661072274 0.933165890373975 0.719202908450536 0.571331491588354 0.417809161400126 0.583037921379405 0.72369103946656 0.263450490738777 0.599586399359588 0.614658948889118 0.401500456683732 0.677135262344398 0.162112579892392 0.268275292643996 0.540958355767717 0.106655406690546 0.474564250965406 0.281018335719114 0.615875497691262 0.367618892549575 0.643156031949206 0.375215860699886 0.40609040871305 0.723388166285157 0.736311234267361 0.684788087667068 0.974313678069586 0.157354173472672 0.983647740859701 0.906196056066872 0.295019636975041 0
