"V1" "V2" "V3" "V4" "V5" "V6" "V7" "V8" "V9" "V10" "V11" "V12" "V13" "V14" "V15" "V16" "V17" "V18" "V19" "V20" "V21"
"1" 0 1.09177076493999 0.588206364465934 0.556292498613415 0.955342620645441 0.710239399519614 0.660375129333262 0.562028076911276 0.432320512490471 0.81934323539418 0.150773326967337 0.449132931893847 0.323426351642818 0.371970477609075 0.60946702251385 0.988659433989885 0.789548092330882 0.546282594322669 0.241756962020957 0.273245372889319 0.170698433679714
"2" 1.09177076493999 0 0.700370578587506 0.571302099769517 0.440676806797742 0.705727901484405 0.437590030818529 0.557393101176913 0.925233381665002 0.367514485551003 1.06532574763186 0.863778305132012 0.984464694061806 0.891563436712136 0.707037275334213 0.193096636306119 0.80433716022759 0.545790768333227 0.887773057225123 0.830204537879181 1.04749952361669
"3" 0.588206364465934 0.700370578587506 0 0.207827465598119 0.397593098619103 0.79425424497572 0.435549552892422 0.469082740089248 0.740440965270383 0.634212887716892 0.658223638806319 0.702011828834421 0.708411486885161 0.24221042291888 0.0269785995653986 0.530274772942443 0.246466548722611 0.359458820426029 0.529906600910579 0.346527561919744 0.655990100531557
"4" 0.556292498613415 0.571302099769517 0.207827465598119 0 0.415111777682414 0.591895885875262 0.231390392800239 0.26479638432811 0.583231527894712 0.434372924064185 0.578026073616264 0.535808734333277 0.577484231615463 0.324108260424461 0.231110250885799 0.438538815268633 0.439612521767439 0.15403187726567 0.415893788925161 0.283047694782002 0.568285259678617
"5" 0.955342620645441 0.440676806797742 0.397593098619103 0.415111777682414 0 0.895926699236733 0.49118631556565 0.603351284485961 0.978161182979709 0.601326837057296 0.991824611876937 0.924251751188475 0.987314613490805 0.638234147533618 0.388256480432735 0.250271041026137 0.392779504236927 0.51508471952136 0.830805119231817 0.686876441151146 0.982903661678016
"6" 0.710239399519614 0.705727901484405 0.79425424497572 0.591895885875262 0.895926699236733 0 0.408653852323656 0.327197392947752 0.322447523427936 0.340567867603378 0.595966560356491 0.276615498009344 0.431369540263004 0.791099861936664 0.819525088068392 0.741458745935715 1.03149282814372 0.437983640319105 0.474614097217386 0.592409733567012 0.571100803693974
"7" 0.660375129333262 0.437590030818529 0.435549552892422 0.231390392800239 0.49118631556565 0.408653852323656 0 0.128302773404617 0.516630603393251 0.204506400425142 0.627754425433068 0.457305027834133 0.557435577656768 0.532622195568983 0.456547465672191 0.382577841928055 0.649301972307889 0.12018327629476 0.450183675831783 0.413123711964089 0.610119881184309
"8" 0.562028076911276 0.557393101176913 0.469082740089248 0.26479638432811 0.603351284485961 0.327197392947752 0.128302773404617 0 0.388881765671078 0.258726477712892 0.512226868871697 0.330152439145536 0.430360742992025 0.504491156441455 0.4938057700907 0.510799989822259 0.704327804538053 0.11079899088649 0.336626232280233 0.342950053150536 0.492961930673558
"9" 0.432320512490471 0.925233381665002 0.740440965270383 0.583231527894712 0.978161182979709 0.322447523427936 0.516630603393251 0.388881765671078 0 0.571563072993031 0.29466485005018 0.0614708624317573 0.115738264041496 0.639687789349493 0.767381641198103 0.899035710026156 0.98591231394074 0.463196156991462 0.24480392268235 0.429550112640216 0.270130607408656
"10" 0.81934323539418 0.367514485551003 0.634212887716892 0.434372924064185 0.601326837057296 0.340567867603378 0.204506400425142 0.258726477712892 0.571563072993031 0 0.757784079753255 0.510551832509961 0.645871214469471 0.734874257423824 0.653475023156188 0.410760122886207 0.832887914238576 0.315914891507991 0.587523513268518 0.597151652397889 0.736516583445074
"11" 0.150773326967337 1.06532574763186 0.658223638806319 0.578026073616264 0.991824611876937 0.595966560356491 0.627754425433068 0.512226868871697 0.29466485005018 0.757784079753255 0 0.322651241247826 0.180393832722414 0.474346539453454 0.682478305981623 0.98698594053063 0.881402921931469 0.526773599670849 0.177644482047216 0.313398899731694 0.0249803590110933
"12" 0.449132931893847 0.863778305132012 0.702011828834421 0.535808734333277 0.924251751188475 0.276615498009344 0.457305027834133 0.330152439145536 0.0614708624317573 0.510551832509961 0.322651241247826 0 0.155155650666982 0.619125310614147 0.728988375045539 0.839331447725809 0.948352087965065 0.409320274124802 0.236322002279058 0.407422406215357 0.297671037857488
"13" 0.323426351642818 0.984464694061806 0.708411486885161 0.577484231615463 0.987314613490805 0.431369540263004 0.557435577656768 0.430360742992025 0.115738264041496 0.645871214469471 0.180393832722414 0.155155650666982 0 0.57422867325442 0.734831314580647 0.937019084932251 0.948830996063989 0.481549711964339 0.180719667087744 0.373413757207202 0.156391103285999
"14" 0.371970477609075 0.891563436712136 0.24221042291888 0.324108260424461 0.638234147533618 0.791099861936664 0.532622195568983 0.504491156441455 0.639687789349493 0.734874257423824 0.474346539453454 0.619125310614147 0.57422867325442 0 0.25690248934891 0.741812430111786 0.41779471883508 0.419685716624458 0.397846548857292 0.211712751146691 0.479318717007947
"15" 0.60946702251385 0.707037275334213 0.0269785995653986 0.231110250885799 0.388256480432735 0.819525088068392 0.456547465672191 0.4938057700907 0.767381641198103 0.653475023156188 0.682478305981623 0.728988375045539 0.734831314580647 0.25690248934891 0 0.533135127118538 0.219525479714288 0.383793239597837 0.556062589351109 0.371585322352731 0.680667417867143
"16" 0.988659433989885 0.193096636306119 0.530274772942443 0.438538815268633 0.250271041026137 0.741458745935715 0.382577841928055 0.510799989822259 0.899035710026156 0.410760122886207 0.98698594053063 0.839331447725809 0.937019084932251 0.741812430111786 0.533135127118538 0 0.613200367107448 0.46185596430537 0.811549205677781 0.717203175142137 0.972467043994342
"17" 0.789548092330882 0.80433716022759 0.246466548722611 0.439612521767439 0.392779504236927 1.03149282814372 0.649301972307889 0.704327804538053 0.98591231394074 0.832887914238576 0.881402921931469 0.948352087965065 0.948830996063989 0.41779471883508 0.219525479714288 0.613200367107448 0 0.593528831775569 0.768644995084262 0.578886906828219 0.882479584689345
"18" 0.546282594322669 0.545790768333227 0.359458820426029 0.15403187726567 0.51508471952136 0.437983640319105 0.12018327629476 0.11079899088649 0.463196156991462 0.315914891507991 0.526773599670849 0.409320274124802 0.481549711964339 0.419685716624458 0.383793239597837 0.46185596430537 0.593528831775569 0 0.350188076073997 0.293316048662649 0.511344225746755
"19" 0.241756962020957 0.887773057225123 0.529906600910579 0.415893788925161 0.830805119231817 0.474614097217386 0.450183675831783 0.336626232280233 0.24480392268235 0.587523513268518 0.177644482047216 0.236322002279058 0.180719667087744 0.397846548857292 0.556062589351109 0.811549205677781 0.768644995084262 0.350188076073997 0 0.192936208383836 0.161185291021905
"20" 0.273245372889319 0.830204537879181 0.346527561919744 0.283047694782002 0.686876441151146 0.592409733567012 0.413123711964089 0.342950053150536 0.429550112640216 0.597151652397889 0.313398899731694 0.407422406215357 0.373413757207202 0.211712751146691 0.371585322352731 0.717203175142137 0.578886906828219 0.293316048662649 0.192936208383836 0 0.309803099510209
"21" 0.170698433679714 1.04749952361669 0.655990100531557 0.568285259678617 0.982903661678016 0.571100803693974 0.610119881184309 0.492961930673558 0.270130607408656 0.736516583445074 0.0249803590110933 0.297671037857488 0.156391103285999 0.479318717007947 0.680667417867143 0.972467043994342 0.882479584689345 0.511344225746755 0.161185291021905 0.309803099510209 0
