"V1" "V2" "V3" "V4" "V5" "V6" "V7" "V8" "V9" "V10" "V11" "V12" "V13" "V14" "V15" "V16" "V17" "V18" "V19" "V20" "V21" "V22" "V23" "V24" "V25" "V26" "V27" "V28" "V29" "V30" "V31" "V32" "V33" "V34" "V35" "V36" "V37" "V38" "V39" "V40" "V41" "V42"
"1" 0 0.201232969514371 0.144725986252943 0.245793916876758 0.128019825165008 0.223257851596969 0.123007862943133 0.161020696397318 0.055356070236817 0.238650138563847 0.124541836802495 0.205511418544141 0.137116392188581 0.084168239604521 0.22725691016651 0.167108805424132 0.0780155457132268 0.291335231452185 0.121304933328878 0.180764722689081 0.310352510619839 0.0620874924089014 0.322301810567705 0.145809257383102 0.161786172204 0.136415280847466 0.0404561631962331 0.0830666974826665 0.102753259151967 0.19411772785653 0.234336780805733 0.0814108523409224 0.0452785071510058 0.172659015125006 0.349084912418418 0.206764672251508 0.12084713577941 0.168137052349383 0.141351000836009 0.242839465328659 0.337687800653264 0.316224384022559
"2" 0.201232969514371 0 0.343853510311795 0.423029255827974 0.249374978741573 0.133023817134362 0.0794800293492827 0.0615504520286862 0.248440991955656 0.346044380611394 0.315447267440394 0.316478106363882 0.134118706891121 0.150519805251316 0.276469809807346 0.326822572562906 0.231031837393459 0.344742726876261 0.211044549114839 0.377305584450548 0.161633142529443 0.261908139257288 0.485707359274214 0.163726482003469 0.198871579086892 0.25390459229307 0.16081911156063 0.207614680174189 0.280508356640649 0.374852154454766 0.215820660976342 0.164885674461206 0.236524023167531 0.358350601019127 0.474387990987074 0.407659008675676 0.321897819738051 0.336331634271835 0.291611456701868 0.43862843835668 0.29112250359311 0.516345185446591
"3" 0.144725986252943 0.343853510311795 0 0.190610005486877 0.204437499824365 0.360793703343664 0.264478813815254 0.305697789414793 0.115460606675882 0.277800916811245 0.0996207041989562 0.195074175854515 0.273046507992617 0.20456215155001 0.313026259852979 0.114604180004981 0.164802249914569 0.359278670474844 0.225269635652623 0.0932250927440163 0.451799812815844 0.0826613150742899 0.214389890877849 0.243290627858045 0.274929610200421 0.164537979410836 0.184654038873773 0.159884834028372 0.0849462813695929 0.14976004956346 0.350684828916291 0.213783092004801 0.107835117983607 0.0626497863073634 0.34483571085626 0.0667350127451893 0.0454280415728018 0.16207520202201 0.1785795573661 0.0995879684795564 0.450026482932677 0.187681805598273
"4" 0.245793916876758 0.423029255827974 0.190610005486877 0 0.182283127130315 0.374925998340024 0.355499983645037 0.366351321913164 0.190507504651815 0.16050541603392 0.123761765583862 0.382804633872793 0.302583677572259 0.329749723566662 0.244062306955007 0.304612240455966 0.192213117572112 0.252408395007218 0.222833297416708 0.0976704060686847 0.468996044321033 0.213168133440737 0.380871786214327 0.388245567713595 0.261328871387651 0.338917132999172 0.277900926882953 0.310377126979506 0.259689448509352 0.0517765812784989 0.319096950738785 0.258333894872217 0.242535384880294 0.250658989786046 0.165821906307083 0.168306961544208 0.160402124711987 0.0870961820992699 0.134954158657494 0.229246601686541 0.392620067950737 0.161456064657146
"5" 0.128019825165008 0.249374978741573 0.204437499824365 0.182283127130315 0 0.193717371163281 0.193772221780948 0.189452066878597 0.10050072915518 0.112977579755196 0.115300092367182 0.329616319197006 0.12140678637869 0.199056690905304 0.109750928732573 0.2770259532523 0.0513064992357146 0.166163702259386 0.0406904061818701 0.174079134949127 0.288673786842333 0.149934009508133 0.415247868114409 0.264138623150228 0.0829471324737831 0.263102428342121 0.136638634356362 0.211070044330741 0.211205333389753 0.142086582267538 0.153107090444607 0.0887013703687648 0.159303307164541 0.257891539862877 0.233623748355342 0.240823089782499 0.1602450338771 0.0970277368908367 0.0478510949367186 0.297368879920052 0.247364688915436 0.311971517907718
"6" 0.223257851596969 0.133023817134362 0.360793703343664 0.374925998340024 0.193717371163281 0 0.153737610720262 0.093435450391911 0.24652982918225 0.256506622556108 0.296841239730412 0.400632586543389 0.0877519498668118 0.222608356104513 0.169021599372871 0.385049119913181 0.204959944612077 0.228967836680593 0.154534712207327 0.360409934218399 0.0953398051782777 0.281767112173438 0.543911262613749 0.265591342055613 0.114195128411969 0.330063542732528 0.190929568041573 0.273028130954516 0.324464627155811 0.335693877227824 0.0909606008828492 0.147010802274844 0.268285514460571 0.395800749249989 0.381882293407855 0.414019041140987 0.325211455222622 0.290735463863965 0.241557197361273 0.46036125771188 0.158548755006789 0.501816584502098
"7" 0.123007862943133 0.0794800293492827 0.264478813815254 0.355499983645037 0.193772221780948 0.153737610720262 0 0.0619167429942607 0.173084731393299 0.30126691849672 0.24183915252498 0.252115262943684 0.103829606333034 0.0760843388633911 0.249269056506721 0.25182486570076 0.164401674651727 0.320043648360145 0.16109340523857 0.301925168431937 0.217301413535578 0.182804878728124 0.411973493361349 0.111979939370328 0.167412327619916 0.184450928068091 0.0830613684695391 0.13269597184603 0.202069917608117 0.305510865115221 0.211474515887793 0.105078154573171 0.157048394522705 0.2797139624313 0.426641961701789 0.328646479969223 0.243842862538239 0.270546841450123 0.229928592758734 0.359203273594893 0.30504271160678 0.43914229419449
"8" 0.161020696397318 0.0615504520286862 0.305697789414793 0.366351321913164 0.189452066878597 0.093435450391911 0.0619167429942607 0 0.200971294891533 0.284493963745695 0.264511407046483 0.313446309461628 0.0725725118494471 0.135830928544939 0.216611464883981 0.308036886802308 0.17598959660516 0.285854557822478 0.150351647011439 0.327860497198321 0.157343174552155 0.22310292416907 0.46848231865729 0.172750898961893 0.137732735968744 0.244760678437704 0.121844934848532 0.190576193529057 0.253328028403344 0.319603263179528 0.162804347182964 0.108616071820471 0.202180079330349 0.329401137520472 0.412848222044456 0.366350666538289 0.278138489985478 0.279288941239299 0.233160298264856 0.403712201860667 0.249086031502129 0.468994206937898
"9" 0.055356070236817 0.248440991955656 0.115460606675882 0.190507504651815 0.10050072915518 0.24652982918225 0.173084731393299 0.200971294891533 0 0.200339844744012 0.0696591856064754 0.232957851807794 0.159062334828057 0.139257248025667 0.209474980322021 0.176564197003196 0.052383275625045 0.265999567623258 0.11217671688569 0.128999376555195 0.339099697050876 0.0494360253605122 0.317887370308266 0.199177652949438 0.160910047601466 0.170803548186043 0.0907945159802809 0.127310066239974 0.111023884000863 0.138795145445689 0.236805664327109 0.100105493181825 0.0638498791993912 0.160974331501684 0.301392433122361 0.168207364763066 0.0790485810345365 0.115092489502675 0.0967583439907296 0.214511146016417 0.337888835872379 0.268435863681271
"10" 0.238650138563847 0.346044380611394 0.277800916811245 0.16050541603392 0.112977579755196 0.256506622556108 0.30126691849672 0.284493963745695 0.200339844744012 0 0.178226021448193 0.433196004887691 0.211935808143124 0.312033740125231 0.0947848786111585 0.371493958634083 0.160649743329768 0.0926301966345996 0.140181265076142 0.211282211753427 0.342029559095647 0.247193080026601 0.491576659164702 0.377115095026024 0.149362709402028 0.370291053085219 0.249603756106142 0.321373485774944 0.308863649290977 0.152152573919324 0.179541553429251 0.197674116635713 0.263747394675379 0.338708180664632 0.128515750182535 0.291007056548328 0.233031820027196 0.118571380373035 0.104784177649758 0.353915379762579 0.235927033554948 0.320217085518393
"11" 0.124541836802495 0.315447267440394 0.0996207041989562 0.123761765583862 0.115300092367182 0.296841239730412 0.24183915252498 0.264511407046483 0.0696591856064754 0.178226021448193 0 0.270633730535485 0.212717652553 0.207449502675134 0.218836391724384 0.199478186778441 0.0923192789900246 0.260571643072195 0.145977739850122 0.0641056310220827 0.391776492782899 0.0905548667314236 0.313811747689173 0.26464394638608 0.195069464623593 0.219175075480569 0.160253196182966 0.186839371052222 0.143828464766989 0.0723242271473727 0.268039155565738 0.15764398362415 0.119001405849894 0.160702788024437 0.255034432498017 0.125682277939398 0.0549116910464242 0.0651488514989487 0.0807558815737106 0.184046383001107 0.362166626349587 0.206200109550044
"12" 0.205511418544141 0.316478106363882 0.195074175854515 0.382804633872793 0.329616319197006 0.400632586543389 0.252115262943684 0.313446309461628 0.232957851807794 0.433196004887691 0.270633730535485 0 0.326276983316004 0.178264755023422 0.432683085050766 0.0822796652731833 0.278321113608665 0.495369012988467 0.326813899906009 0.287178836045643 0.469205377301276 0.186651593690945 0.18617562291639 0.154768936015736 0.365162954203725 0.0717018099735284 0.219173406802563 0.130225797441191 0.127003856892086 0.336919788194739 0.433831487945508 0.281268522126165 0.1705024525585 0.146623711621036 0.525478988883844 0.245713264715058 0.223090072890619 0.334635807385258 0.328871986869267 0.225807881762081 0.536393370585521 0.363499971340469
"13" 0.137116392188581 0.134118706891121 0.273046507992617 0.302583677572259 0.12140678637869 0.0877519498668118 0.103829606333034 0.0725725118494471 0.159062334828057 0.211935808143124 0.212717652553 0.326276983316004 0 0.153425783765136 0.147395613681216 0.302089086769529 0.120426283486174 0.217841869558775 0.0809241025333724 0.276776962193647 0.180317603982716 0.194300845979369 0.459230577959508 0.208651469792473 0.0663120232561661 0.254623386856201 0.108808518550151 0.196195057644911 0.239487381939019 0.258844153255157 0.111145117045015 0.0592655001862883 0.182388229349475 0.3089776218651 0.340332633051981 0.326979800895237 0.237962017079676 0.215876203703945 0.16770374910795 0.372619937499088 0.211069952040295 0.418823218603688
"14" 0.084168239604521 0.150519805251316 0.20456215155001 0.329749723566662 0.199056690905304 0.222608356104513 0.0760843388633911 0.135830928544939 0.139257248025667 0.312033740125231 0.207449502675134 0.178264755023422 0.153425783765136 0 0.281818866710887 0.176582871122589 0.154742988337601 0.350879914244675 0.178917314543451 0.25965724028329 0.292807585593129 0.129183977335062 0.336298464650553 0.0650827869526407 0.204163677846547 0.108929808063975 0.062475457185809 0.0571999606929886 0.132021690150126 0.278009369269317 0.264251242641246 0.122243200333718 0.0987865754694801 0.20972051494423 0.428781185567425 0.270997706905207 0.193844871662139 0.251953853397256 0.221718000054173 0.293390046506332 0.36425798240001 0.388237077664188
"15" 0.22725691016651 0.276469809807346 0.313026259852979 0.244062306955007 0.109750928732573 0.169021599372871 0.249269056506721 0.216611464883981 0.209474980322021 0.0947848786111585 0.218836391724384 0.432683085050766 0.147395613681216 0.281818866710887 0 0.385293956664462 0.15793950537941 0.070779533609013 0.10624831471651 0.269665535821594 0.249218205164081 0.258700047239113 0.524904999046546 0.34434901838048 0.0818658266862056 0.363434316698987 0.222232623347341 0.307571631282703 0.319050611074539 0.22141233054316 0.0855664915298206 0.159619666631964 0.264642015181907 0.367586701070621 0.21395683512398 0.343536427998566 0.268143696462684 0.177927645073397 0.138925560496348 0.402880556919023 0.149642348836883 0.396371138084846
"16" 0.167108805424132 0.326822572562906 0.114604180004981 0.304612240455966 0.2770259532523 0.385049119913181 0.25182486570076 0.308036886802308 0.176564197003196 0.371493958634083 0.199478186778441 0.0822796652731833 0.302089086769529 0.176582871122589 0.385293956664462 0 0.227358410581232 0.442397576449862 0.283162340771693 0.207689545811276 0.464948776618216 0.127144808080126 0.160455851656844 0.183332918173876 0.327594278962853 0.0820798161107604 0.194236743650326 0.119388824116909 0.0663791603629371 0.261082810430869 0.401249996338085 0.248460391309739 0.123298307905683 0.0648703828323619 0.453647332316901 0.163525560729187 0.147754495292123 0.264603207089363 0.266923535249237 0.14901410018502 0.504535159387418 0.28244302043829
"17" 0.0780155457132268 0.231031837393459 0.164802249914569 0.192213117572112 0.0513064992357146 0.204959944612077 0.164401674651727 0.17598959660516 0.052383275625045 0.160649743329768 0.0923192789900246 0.278321113608665 0.120426283486174 0.154742988337601 0.15793950537941 0.227358410581232 0 0.217251923837859 0.0605334089318305 0.156352506154135 0.299641068266711 0.10096807855907 0.370232468541951 0.219366990482774 0.11013724388994 0.211959537800665 0.0940004898600385 0.160921434768226 0.1611592315968 0.143923503269422 0.185893238827828 0.06741316553311 0.108108490886749 0.213180092127054 0.274038610848668 0.210817510604012 0.12386155962323 0.106261866663783 0.0677034728882205 0.262141339760863 0.286057677636963 0.298400769143538
"18" 0.291335231452185 0.344742726876261 0.359278670474844 0.252408395007218 0.166163702259386 0.228967836680593 0.320043648360145 0.285854557822478 0.265999567623258 0.0926301966345996 0.260571643072195 0.495369012988467 0.217841869558775 0.350879914244675 0.070779533609013 0.442397576449862 0.217251923837859 0 0.172818852295155 0.301029637537944 0.29768765055375 0.315308877100104 0.573567336647296 0.41408322928845 0.152632914374322 0.427667837503992 0.290242297333488 0.373304861535937 0.377009036078689 0.243941142081454 0.138643882064693 0.22871618706086 0.325360404338009 0.417672889184602 0.173312402710014 0.379606185192428 0.313857666884491 0.206988354097631 0.180723821958094 0.441686065271781 0.157165132841666 0.412746536950176
"19" 0.121304933328878 0.211044549114839 0.225269635652623 0.222833297416708 0.0406904061818701 0.154534712207327 0.16109340523857 0.150351647011439 0.11217671688569 0.140181265076142 0.145977739850122 0.326813899906009 0.0809241025333724 0.178917314543451 0.10624831471651 0.283162340771693 0.0605334089318305 0.172818852295155 0 0.208033307279204 0.249811784483798 0.159119216730765 0.429785615212905 0.243107533286342 0.0499500803845467 0.257238790869731 0.117545105712869 0.201376847815252 0.216823471097287 0.181405649494318 0.125428046726186 0.0584855346518106 0.160610293124096 0.273124430008749 0.26622001004485 0.269031992520695 0.183642241638969 0.136988001322505 0.0880151128104925 0.322077725108027 0.225721291793337 0.348263950554101
"20" 0.180764722689081 0.377305584450548 0.0932250927440163 0.0976704060686847 0.174079134949127 0.360409934218399 0.301925168431937 0.327860497198321 0.128999376555195 0.211282211753427 0.0641056310220827 0.287178836045643 0.276776962193647 0.25965724028329 0.269665535821594 0.207689545811276 0.156352506154135 0.301029637537944 0.208033307279204 0 0.455504933632622 0.132269515470225 0.289607302587728 0.311258936985017 0.256089853802149 0.248745342208673 0.219148403294389 0.229014346968881 0.167843337956733 0.0634593671241485 0.326956955987007 0.221617136996802 0.163428860491806 0.153052698502203 0.257040550461551 0.0803345753719756 0.0699445625856877 0.0941491509255812 0.132002617362116 0.143744452466519 0.417054364473 0.142094513853261
"21" 0.310352510619839 0.161633142529443 0.451799812815844 0.468996044321033 0.288673786842333 0.0953398051782777 0.217301413535578 0.157343174552155 0.339099697050876 0.342029559095647 0.391776492782899 0.469205377301276 0.180317603982716 0.292807585593129 0.249218205164081 0.464948776618216 0.299641068266711 0.29768765055375 0.249811784483798 0.455504933632622 0 0.370984665719063 0.625284831242025 0.321718844403986 0.207667200125441 0.401628242936917 0.274309158196406 0.34791903291995 0.408202366708911 0.430748626170093 0.163815333003698 0.238995708478319 0.354270178102313 0.48247201914865 0.462605711120394 0.507212807737695 0.418115807181261 0.385598014116693 0.336450129112735 0.551295625276095 0.177887722902667 0.597065032870859
"22" 0.0620874924089014 0.261908139257288 0.0826613150742899 0.213168133440737 0.149934009508133 0.281767112173438 0.182804878728124 0.22310292416907 0.0494360253605122 0.247193080026601 0.0905548667314236 0.186651593690945 0.194300845979369 0.129183977335062 0.258700047239113 0.127144808080126 0.10096807855907 0.315308877100104 0.159119216730765 0.132269515470225 0.370984665719063 0 0.27105520679878 0.179054111448485 0.206314753377807 0.129541759244077 0.102037514146661 0.0978036523618634 0.0620067986955207 0.162443958985471 0.281794064440184 0.135613351380908 0.0311784614996752 0.115870675244433 0.341071238806861 0.145845322936366 0.0646939437543867 0.150531784122106 0.142514814397875 0.18095974097616 0.384030879998935 0.259555553264716
"23" 0.322301810567705 0.485707359274214 0.214389890877849 0.380871786214327 0.415247868114409 0.543911262613749 0.411973493361349 0.46848231865729 0.317887370308266 0.491576659164702 0.313811747689173 0.18617562291639 0.459230577959508 0.336298464650553 0.524904999046546 0.160455851656844 0.370232468541951 0.573567336647296 0.429785615212905 0.289607302587728 0.625284831242025 0.27105520679878 0 0.333382153806296 0.477369666638633 0.233281079270756 0.353069382186598 0.279292239248457 0.219749572348061 0.352905786963629 0.552762564133294 0.403169625999719 0.277071237796428 0.157380484963821 0.545496334018181 0.212602539225728 0.259760658497433 0.374182365780061 0.392844588814135 0.153188473089489 0.655076842325427 0.284074919209327
"24" 0.145809257383102 0.163726482003469 0.243290627858045 0.388245567713595 0.264138623150228 0.265591342055613 0.111979939370328 0.172750898961893 0.199177652949438 0.377115095026024 0.26464394638608 0.154768936015736 0.208651469792473 0.0650827869526407 0.34434901838048 0.183332918173876 0.219366990482774 0.41408322928845 0.243107533286342 0.311258936985017 0.321718844403986 0.179054111448485 0.333382153806296 0 0.264932393461241 0.101881537002481 0.127530905126552 0.0837274607560843 0.160726958599675 0.336530571251891 0.319481962136463 0.185528955285827 0.147996853398411 0.232306852491845 0.493313041872371 0.309610985027957 0.2424196582067 0.313715827122188 0.285845184082342 0.320489604742465 0.416016717216164 0.430832596476859
"25" 0.161786172204 0.198871579086892 0.274929610200421 0.261328871387651 0.0829471324737831 0.114195128411969 0.167412327619916 0.137732735968744 0.160910047601466 0.149362709402028 0.195069464623593 0.365162954203725 0.0663120232561661 0.204163677846547 0.0818658266862056 0.327594278962853 0.11013724388994 0.152632914374322 0.0499500803845467 0.256089853802149 0.207667200125441 0.206314753377807 0.477369666638633 0.264932393461241 0 0.294138541640694 0.14791028615498 0.236372081451649 0.261676998971902 0.224298762864918 0.0759023385000938 0.0843869780782 0.20430204867507 0.321397995961568 0.277714354394217 0.318826884393066 0.233574996264889 0.178723760774054 0.129898846150452 0.372005117276681 0.177753942385958 0.394877710381121
"26" 0.136415280847466 0.25390459229307 0.164537979410836 0.338917132999172 0.263102428342121 0.330063542732528 0.184450928068091 0.244760678437704 0.170803548186043 0.370291053085219 0.219175075480569 0.0717018099735284 0.254623386856201 0.108929808063975 0.363434316698987 0.0820798161107604 0.211959537800665 0.427667837503992 0.257238790869731 0.248745342208673 0.401628242936917 0.129541759244077 0.233281079270756 0.101881537002481 0.294138541640694 0 0.147554137223535 0.0585252960597892 0.0811138631824515 0.289712093775442 0.362205797049897 0.209999892571918 0.106953700411295 0.137343874167935 0.470259777472615 0.226489458919218 0.179661463441785 0.280037256496867 0.267546615441541 0.225841742090497 0.464701519687773 0.348955355283923
"27" 0.0404561631962331 0.16081911156063 0.184654038873773 0.277900926882953 0.136638634356362 0.190929568041573 0.0830613684695391 0.121844934848532 0.0907945159802809 0.249603756106142 0.160253196182966 0.219173406802563 0.108808518550151 0.062475457185809 0.222232623347341 0.194236743650326 0.0940004898600385 0.290242297333488 0.117545105712869 0.219148403294389 0.274309158196406 0.102037514146661 0.353069382186598 0.127530905126552 0.14791028615498 0.147554137223535 0 0.0891474809779866 0.134157689157943 0.226833512650924 0.2146597402461 0.0636107353992087 0.0804971305243703 0.20840721250764 0.367500199603964 0.247192929068278 0.161118758858016 0.195950033158759 0.16164502309662 0.281998990095278 0.317325377210067 0.356129788462986
"28" 0.0830666974826665 0.207614680174189 0.159884834028372 0.310377126979506 0.211070044330741 0.273028130954516 0.13269597184603 0.190576193529057 0.127310066239974 0.321373485774944 0.186839371052222 0.130225797441191 0.196195057644911 0.0571999606929886 0.307571631282703 0.119388824116909 0.160921434768226 0.373304861535937 0.201376847815252 0.229014346968881 0.34791903291995 0.0978036523618634 0.279292239248457 0.0837274607560843 0.236372081451649 0.0585252960597892 0.0891474809779866 0 0.0795397230832831 0.259157697743366 0.303740377507399 0.152040986363647 0.0678514828718927 0.155532061583057 0.428431710919386 0.226434666651194 0.159553259099229 0.24174723204397 0.221783308270325 0.241667518120296 0.406178872351308 0.347228149921412
"29" 0.102753259151967 0.280508356640649 0.0849462813695929 0.259689448509352 0.211205333389753 0.324464627155811 0.202069917608117 0.253328028403344 0.111023884000863 0.308863649290977 0.143828464766989 0.127003856892086 0.239487381939019 0.132021690150126 0.319050611074539 0.0663791603629371 0.1611592315968 0.377009036078689 0.216823471097287 0.167843337956733 0.408202366708911 0.0620067986955207 0.219749572348061 0.160726958599675 0.261676998971902 0.0811138631824515 0.134157689157943 0.0795397230832831 0 0.211806285671711 0.335835288452007 0.18402711551584 0.0578333526356593 0.0778904249001076 0.398493257912786 0.149796108066633 0.0994553002592966 0.207631960577343 0.204088713137719 0.162247524898177 0.438981931623958 0.272049510995498
"30" 0.19411772785653 0.374852154454766 0.14976004956346 0.0517765812784989 0.142086582267538 0.335693877227824 0.305510865115221 0.319603263179528 0.138795145445689 0.152152573919324 0.0723242271473727 0.336919788194739 0.258844153255157 0.278009369269317 0.22141233054316 0.261082810430869 0.143923503269422 0.243941142081454 0.181405649494318 0.0634593671241485 0.430748626170093 0.162443958985471 0.352905786963629 0.336530571251891 0.224298762864918 0.289712093775442 0.226833512650924 0.259157697743366 0.211806285671711 0 0.28855409554426 0.21103101417016 0.191312540235196 0.211950614779614 0.195401089816439 0.143295642951725 0.113914550918738 0.0457831969677431 0.094443864876752 0.206700455031388 0.370953249381628 0.175157669851749
"31" 0.234336780805733 0.215820660976342 0.350684828916291 0.319096950738785 0.153107090444607 0.0909606008828492 0.211474515887793 0.162804347182964 0.236805664327109 0.179541553429251 0.268039155565738 0.433831487945508 0.111145117045015 0.264251242641246 0.0855664915298206 0.401249996338085 0.185893238827828 0.138643882064693 0.125428046726186 0.326956955987007 0.163815333003698 0.281794064440184 0.552762564133294 0.319481962136463 0.0759023385000938 0.362205797049897 0.2146597402461 0.303740377507399 0.335835288452007 0.28855409554426 0 0.153676191888761 0.278114056967836 0.397145010603642 0.298839914498121 0.39296338767472 0.308879287277201 0.242919184677218 0.196420280153827 0.447291469623138 0.103360852325095 0.462543291252889
"32" 0.0814108523409224 0.164885674461206 0.213783092004801 0.258333894872217 0.0887013703687648 0.147010802274844 0.105078154573171 0.108616071820471 0.100105493181825 0.197674116635713 0.15764398362415 0.281268522126165 0.0592655001862883 0.122243200333718 0.159619666631964 0.248460391309739 0.06741316553311 0.22871618706086 0.0584855346518106 0.221617136996802 0.238995708478319 0.135613351380908 0.403169625999719 0.185528955285827 0.0843869780782 0.209999892571918 0.0636107353992087 0.152040986363647 0.18402711551584 0.21103101417016 0.153676191888761 0 0.126259399397128 0.250951540422314 0.321792235380243 0.268271411139007 0.179137703477784 0.171484691796833 0.127196645679657 0.313354590646008 0.256983682526544 0.363578402011368
"33" 0.0452785071510058 0.236524023167531 0.107835117983607 0.242535384880294 0.159303307164541 0.268285514460571 0.157048394522705 0.202180079330349 0.0638498791993912 0.263747394675379 0.119001405849894 0.1705024525585 0.182388229349475 0.0987865754694801 0.264642015181907 0.123298307905683 0.108108490886749 0.325360404338009 0.160610293124096 0.163428860491806 0.354270178102313 0.0311784614996752 0.277071237796428 0.147996853398411 0.20430204867507 0.106953700411295 0.0804971305243703 0.0678514828718927 0.0578333526356593 0.191312540235196 0.278114056967836 0.126259399397128 0 0.128204560069069 0.3642995040473 0.173341428424724 0.0956149287998478 0.175431639670394 0.160599369258706 0.202560898851931 0.38133077541071 0.289458082062421
"34" 0.172659015125006 0.358350601019127 0.0626497863073634 0.250658989786046 0.257891539862877 0.395800749249989 0.2797139624313 0.329401137520472 0.160974331501684 0.338708180664632 0.160702788024437 0.146623711621036 0.3089776218651 0.20972051494423 0.367586701070621 0.0648703828323619 0.213180092127054 0.417672889184602 0.273124430008749 0.153052698502203 0.48247201914865 0.115870675244433 0.157380484963821 0.232306852491845 0.321397995961568 0.137343874167935 0.20840721250764 0.155532061583057 0.0778904249001076 0.211950614779614 0.397145010603642 0.250951540422314 0.128204560069069 0 0.407248202427287 0.0993318630520692 0.105791159966388 0.224284081724278 0.237299692362443 0.0886806670002913 0.498780973153387 0.217600327309478
"35" 0.349084912418418 0.474387990987074 0.34483571085626 0.165821906307083 0.233623748355342 0.381882293407855 0.426641961701789 0.412848222044456 0.301392433122361 0.128515750182535 0.255034432498017 0.525478988883844 0.340332633051981 0.428781185567425 0.21395683512398 0.453647332316901 0.274038610848668 0.173312402710014 0.26622001004485 0.257040550461551 0.462605711120394 0.341071238806861 0.545496334018181 0.493313041872371 0.277714354394217 0.470259777472615 0.367500199603964 0.428431710919386 0.398493257912786 0.195401089816439 0.298839914498121 0.321792235380243 0.3642995040473 0.407248202427287 0 0.333062456936579 0.306048138168212 0.19093866966663 0.207764588080529 0.394831917551636 0.329908495840239 0.312630832733606
"36" 0.206764672251508 0.407659008675676 0.0667350127451893 0.168306961544208 0.240823089782499 0.414019041140987 0.328646479969223 0.366350666538289 0.168207364763066 0.291007056548328 0.125682277939398 0.245713264715058 0.326979800895237 0.270997706905207 0.343536427998566 0.163525560729187 0.210817510604012 0.379606185192428 0.269031992520695 0.0803345753719756 0.507212807737695 0.145845322936366 0.212602539225728 0.309610985027957 0.318826884393066 0.226489458919218 0.247192929068278 0.226434666651194 0.149796108066633 0.143295642951725 0.39296338767472 0.268271411139007 0.173341428424724 0.0993318630520692 0.333062456936579 0 0.089164982748493 0.172842064504644 0.204621696104187 0.0634344778409617 0.487848151891831 0.122558745907174
"37" 0.12084713577941 0.321897819738051 0.0454280415728018 0.160402124711987 0.1602450338771 0.325211455222622 0.243842862538239 0.278138489985478 0.0790485810345365 0.233031820027196 0.0549116910464242 0.223090072890619 0.237962017079676 0.193844871662139 0.268143696462684 0.147754495292123 0.12386155962323 0.313857666884491 0.183642241638969 0.0699445625856877 0.418115807181261 0.0646939437543867 0.259760658497433 0.2424196582067 0.233574996264889 0.179661463441785 0.161118758858016 0.159553259099229 0.0994553002592966 0.113914550918738 0.308879287277201 0.179137703477784 0.0956149287998478 0.105791159966388 0.306048138168212 0.089164982748493 0 0.119042677412823 0.133152175770279 0.138437027196155 0.406909327726587 0.195790213582626
"38" 0.168137052349383 0.336331634271835 0.16207520202201 0.0870961820992699 0.0970277368908367 0.290735463863965 0.270546841450123 0.279288941239299 0.115092489502675 0.118571380373035 0.0651488514989487 0.334635807385258 0.215876203703945 0.251953853397256 0.177927645073397 0.264603207089363 0.106261866663783 0.206988354097631 0.136988001322505 0.0941491509255812 0.385598014116693 0.150531784122106 0.374182365780061 0.313715827122188 0.178723760774054 0.280037256496867 0.195950033158759 0.24174723204397 0.207631960577343 0.0457831969677431 0.242919184677218 0.171484691796833 0.175431639670394 0.224284081724278 0.19093866966663 0.172842064504644 0.119042677412823 0 0.0491789299822638 0.235475233240809 0.326986411099233 0.220061775871373
"39" 0.141351000836009 0.291611456701868 0.1785795573661 0.134954158657494 0.0478510949367186 0.241557197361273 0.229928592758734 0.233160298264856 0.0967583439907296 0.104784177649758 0.0807558815737106 0.328871986869267 0.16770374910795 0.221718000054173 0.138925560496348 0.266923535249237 0.0677034728882205 0.180723821958094 0.0880151128104925 0.132002617362116 0.336450129112735 0.142514814397875 0.392844588814135 0.285845184082342 0.129898846150452 0.267546615441541 0.16164502309662 0.221783308270325 0.204088713137719 0.094443864876752 0.196420280153827 0.127196645679657 0.160599369258706 0.237299692362443 0.207764588080529 0.204621696104187 0.133152175770279 0.0491789299822638 0 0.264472048909497 0.285098154414261 0.266297045351829
"40" 0.242839465328659 0.43862843835668 0.0995879684795564 0.229246601686541 0.297368879920052 0.46036125771188 0.359203273594893 0.403712201860667 0.214511146016417 0.353915379762579 0.184046383001107 0.225807881762081 0.372619937499088 0.293390046506332 0.402880556919023 0.14901410018502 0.262141339760863 0.441686065271781 0.322077725108027 0.143744452466519 0.551295625276095 0.18095974097616 0.153188473089489 0.320489604742465 0.372005117276681 0.225841742090497 0.281998990095278 0.241667518120296 0.162247524898177 0.206700455031388 0.447291469623138 0.313354590646008 0.202560898851931 0.0886806670002913 0.394831917551636 0.0634344778409617 0.138437027196155 0.235475233240809 0.264472048909497 0 0.544660628149753 0.143649799355214
"41" 0.337687800653264 0.29112250359311 0.450026482932677 0.392620067950737 0.247364688915436 0.158548755006789 0.30504271160678 0.249086031502129 0.337888835872379 0.235927033554948 0.362166626349587 0.536393370585521 0.211069952040295 0.36425798240001 0.149642348836883 0.504535159387418 0.286057677636963 0.157165132841666 0.225721291793337 0.417054364473 0.177887722902667 0.384030879998935 0.655076842325427 0.416016717216164 0.177753942385958 0.464701519687773 0.317325377210067 0.406178872351308 0.438981931623958 0.370953249381628 0.103360852325095 0.256983682526544 0.38133077541071 0.498780973153387 0.329908495840239 0.487848151891831 0.406909327726587 0.326986411099233 0.285098154414261 0.544660628149753 0 0.545992838386583
"42" 0.316224384022559 0.516345185446591 0.187681805598273 0.161456064657146 0.311971517907718 0.501816584502098 0.43914229419449 0.468994206937898 0.268435863681271 0.320217085518393 0.206200109550044 0.363499971340469 0.418823218603688 0.388237077664188 0.396371138084846 0.28244302043829 0.298400769143538 0.412746536950176 0.348263950554101 0.142094513853261 0.597065032870859 0.259555553264716 0.284074919209327 0.430832596476859 0.394877710381121 0.348955355283923 0.356129788462986 0.347228149921412 0.272049510995498 0.175157669851749 0.462543291252889 0.363578402011368 0.289458082062421 0.217600327309478 0.312630832733606 0.122558745907174 0.195790213582626 0.220061775871373 0.266297045351829 0.143649799355214 0.545992838386583 0
