"V1" "V2" "V3" "V4" "V5" "V6" "V7" "V8" "V9" "V10" "V11" "V12" "V13" "V14" "V15" "V16" "V17" "V18" "V19" "V20" "V21"
"1" 0 0.920507371131157 0.445741148715423 0.512801782730007 0.826868029231262 0.879936248437822 0.787038906949245 0.315186588910557 0.803571283638838 0.535107834411441 0.7980985437964 0.944013470085026 0.564340892373543 0.668611723073134 0.702702702702703 0.787038906949245 1.26190459783014 0.944013470085026 1.06611259044951 1.26190459783014 1.33831550304216
"2" 0.920507371131157 0 0.489480277737158 0.445741148715423 0.152887952688983 0.120868539324313 0.229331929033475 0.787038906949245 0.27027027027027 0.630373177821114 0.389789327077188 0.328797974610715 0.899638755518553 0.96240507106837 0.879936248437822 0.993771692478391 0.810810810810811 1.11435287178856 0.944013470085026 0.866552407669265 0.866552407669265
"3" 0.445741148715423 0.489480277737158 0 0.0764439763444916 0.382219881722458 0.435797716124246 0.341867855153338 0.315186588910557 0.362605617972939 0.275622676410421 0.382219881722458 0.509944926057114 0.509944926057114 0.604342696621565 0.564340892373543 0.683735710306677 0.899638755518553 0.839144578176217 0.817986267590354 0.918918918918919 0.97447331769297
"4" 0.512801782730007 0.445741148715423 0.0764439763444916 0 0.324324324324324 0.378378378378378 0.275622676410421 0.341867855153338 0.291089989574838 0.241737078648626 0.305775905377967 0.435797716124246 0.498353754448264 0.584683990615782 0.532370691988979 0.653137620194301 0.825099325539121 0.803571283638838 0.758684802573957 0.846079775270191 0.899638755518553
"5" 0.826868029231262 0.152887952688983 0.382219881722458 0.324324324324324 0 0.0540540540540541 0.0764439763444916 0.657595949221429 0.120868539324313 0.483474157297252 0.241737078648626 0.222870574357711 0.750942918348638 0.810810810810811 0.727222921463444 0.840883739789408 0.710970077727887 0.96240507106837 0.803571283638838 0.758684802573957 0.773936273690614
"6" 0.879936248437822 0.120868539324313 0.435797716124246 0.378378378378378 0.0540540540540541 0 0.120868539324313 0.710970077727887 0.152887952688983 0.532370691988979 0.27027027027027 0.216216216216216 0.7980985437964 0.854669637883346 0.768252454246048 0.879936248437822 0.704778638400286 0.996707508896528 0.823326822255558 0.756756756756757 0.764439763444916
"7" 0.787038906949245 0.229331929033475 0.341867855153338 0.275622676410421 0.0764439763444916 0.120868539324313 0 0.597046541469582 0.0540540540540541 0.411663411127779 0.170933927576669 0.194894663538594 0.677295356007658 0.735214622093808 0.650897004259043 0.764439763444916 0.668611723073134 0.886552403613877 0.735214622093808 0.710970077727887 0.735214622093808
"8" 0.315186588910557 0.787038906949245 0.315186588910557 0.341867855153338 0.657595949221429 0.710970077727887 0.597046541469582 0 0.594594594594595 0.241737078648626 0.551245352820842 0.710970077727887 0.27027027027027 0.378378378378378 0.393519453474623 0.489480277737158 0.96240507106837 0.650897004259043 0.750942918348638 0.956313838538061 1.03834447093506
"9" 0.803571283638838 0.27027027027027 0.362605617972939 0.291089989574838 0.120868539324313 0.152887952688983 0.0540540540540541 0.594594594594595 0 0.393519453474623 0.120868539324313 0.152887952688983 0.653137620194301 0.704778638400286 0.616311040594129 0.727222921463444 0.616311040594129 0.844351316314233 0.683735710306677 0.657595949221429 0.683735710306677
"10" 0.535107834411441 0.630373177821114 0.275622676410421 0.241737078648626 0.483474157297252 0.532370691988979 0.411663411127779 0.241737078648626 0.393519453474623 0 0.324324324324324 0.486486486486486 0.27027027027027 0.346114823645019 0.291089989574838 0.411663411127779 0.727222921463444 0.564340892373543 0.564340892373543 0.727222921463444 0.803571283638838
"11" 0.7980985437964 0.389789327077188 0.382219881722458 0.305775905377967 0.241737078648626 0.27027027027027 0.170933927576669 0.551245352820842 0.120868539324313 0.324324324324324 0 0.162162162162162 0.564340892373543 0.604342696621565 0.509944926057114 0.616311040594129 0.532370691988979 0.727222921463444 0.564340892373543 0.564340892373543 0.604342696621565
"12" 0.944013470085026 0.328797974610715 0.509944926057114 0.435797716124246 0.222870574357711 0.216216216216216 0.194894663538594 0.710970077727887 0.152887952688983 0.486486486486486 0.162162162162162 0 0.721171030493315 0.752885852820763 0.653137620194301 0.750942918348638 0.489480277737158 0.844351316314233 0.630373177821114 0.540540540540541 0.551245352820842
"13" 0.564340892373543 0.899638755518553 0.509944926057114 0.498353754448264 0.750942918348638 0.7980985437964 0.677295356007658 0.27027027027027 0.653137620194301 0.27027027027027 0.564340892373543 0.721171030493315 0 0.108108108108108 0.152887952688983 0.222870574357711 0.823326822255558 0.382219881722458 0.535107834411441 0.7980985437964 0.894753803094424
"14" 0.668611723073134 0.96240507106837 0.604342696621565 0.584683990615782 0.810810810810811 0.854669637883346 0.735214622093808 0.378378378378378 0.704778638400286 0.346114823645019 0.604342696621565 0.752885852820763 0.108108108108108 0 0.108108108108108 0.120868539324313 0.787038906949245 0.275622676410421 0.464990554975277 0.752885852820763 0.854669637883346
"15" 0.702702702702703 0.879936248437822 0.564340892373543 0.532370691988979 0.727222921463444 0.768252454246048 0.650897004259043 0.393519453474623 0.616311040594129 0.291089989574838 0.509944926057114 0.653137620194301 0.152887952688983 0.108108108108108 0 0.120868539324313 0.683735710306677 0.275622676410421 0.382219881722458 0.653137620194301 0.752885852820763
"16" 0.787038906949245 0.993771692478391 0.683735710306677 0.653137620194301 0.840883739789408 0.879936248437822 0.764439763444916 0.489480277737158 0.727222921463444 0.411663411127779 0.616311040594129 0.750942918348638 0.222870574357711 0.120868539324313 0.120868539324313 0 0.710970077727887 0.162162162162162 0.362605617972939 0.668611723073134 0.773936273690614
"17" 1.26190459783014 0.810810810810811 0.899638755518553 0.825099325539121 0.710970077727887 0.704778638400286 0.668611723073134 0.96240507106837 0.616311040594129 0.727222921463444 0.532370691988979 0.489480277737158 0.823326822255558 0.787038906949245 0.683735710306677 0.710970077727887 0 0.704778638400286 0.382219881722458 0.0764439763444916 0.0764439763444916
"18" 0.944013470085026 1.11435287178856 0.839144578176217 0.803571283638838 0.96240507106837 0.996707508896528 0.886552403613877 0.650897004259043 0.844351316314233 0.564340892373543 0.727222921463444 0.844351316314233 0.382219881722458 0.275622676410421 0.275622676410421 0.162162162162162 0.704778638400286 0 0.324324324324324 0.648648648648649 0.756756756756757
"19" 1.06611259044951 0.944013470085026 0.817986267590354 0.758684802573957 0.803571283638838 0.823326822255558 0.735214622093808 0.750942918348638 0.683735710306677 0.564340892373543 0.564340892373543 0.630373177821114 0.535107834411441 0.464990554975277 0.382219881722458 0.362605617972939 0.382219881722458 0.324324324324324 0 0.324324324324324 0.432432432432432
"20" 1.26190459783014 0.866552407669265 0.918918918918919 0.846079775270191 0.758684802573957 0.756756756756757 0.710970077727887 0.956313838538061 0.657595949221429 0.727222921463444 0.564340892373543 0.540540540540541 0.7980985437964 0.752885852820763 0.653137620194301 0.668611723073134 0.0764439763444916 0.648648648648649 0.324324324324324 0 0.108108108108108
"21" 1.33831550304216 0.866552407669265 0.97447331769297 0.899638755518553 0.773936273690614 0.764439763444916 0.735214622093808 1.03834447093506 0.683735710306677 0.803571283638838 0.604342696621565 0.551245352820842 0.894753803094424 0.854669637883346 0.752885852820763 0.773936273690614 0.0764439763444916 0.756756756756757 0.432432432432432 0.108108108108108 0
