"V1" "V2" "V3" "V4" "V5" "V6" "V7" "V8" "V9" "V10" "V11" "V12" "V13" "V14" "V15" "V16" "V17" "V18" "V19" "V20" "V21"
"1" 0 0.0808122035641769 0.416006279387458 0.435187034620795 0.818161203615792 0.722806322324201 0.957888835099441 0.87037406924159 0.488228785446716 0.82412600582034 0.971428571428571 0.588321722342114 1.0490034143249 0.706818107248742 0.808122035641769 1.21487380716967 0.923171109794486 1.29551817700053 0.957888835099441 1.25324069711207 1.09916480352408
"2" 0.0808122035641769 0 0.347586430302755 0.361403161162101 0.751596939312338 0.651528814342365 0.887095696929144 0.795907901553378 0.416006279387458 0.745051703451731 0.894427190999916 0.511101251999952 0.971428571428571 0.63887656499994 0.745051703451731 1.1342533280731 0.849489642703915 1.21487380716967 0.887095696929144 1.17247340163904 1.0222025039999
"3" 0.416006279387458 0.347586430302755 0 0.0571428571428572 0.404061017820884 0.307723703264829 0.542104741743151 0.460700442759917 0.41206300291017 0.44629998148038 0.571428571428571 0.416006279387458 0.651528814342365 0.615447406529658 0.742857142857143 0.857142857142857 0.745051703451731 0.937212540963241 0.808122035641769 0.921400885519834 0.864728340024089
"4" 0.435187034620795 0.361403161162101 0.0571428571428572 0 0.4 0.291372543633873 0.526831111845308 0.435187034620795 0.365892813567591 0.404061017820884 0.53908463611752 0.3614031611621 0.618094504365255 0.562791874388349 0.69045976991969 0.81215259448868 0.688091118788131 0.89259996296076 0.751596939312338 0.872247858427071 0.808122035641769
"5" 0.818161203615792 0.751596939312338 0.404061017820884 0.4 0 0.127775312999988 0.161624407128354 0.171428571428571 0.69045976991969 0.307723703264829 0.291372543633873 0.618094504365255 0.3614031611621 0.81215259448868 0.930218319777126 0.63887656499994 0.82412600582034 0.706818107248742 0.903507902905251 0.745051703451731 0.849489642703915
"6" 0.722806322324201 0.651528814342365 0.307723703264829 0.291372543633873 0.127775312999988 0 0.235606035749581 0.161624407128354 0.562791874388349 0.228571428571429 0.285714285714286 0.491561443831007 0.365892813567591 0.688091118788131 0.808122035641769 0.615447406529658 0.715997947779524 0.69045976991969 0.793853942254275 0.706818107248742 0.762380803664362
"7" 0.957888835099441 0.887095696929144 0.542104741743151 0.526831111845308 0.161624407128354 0.235606035749581 0 0.127775312999988 0.762380803664362 0.285714285714286 0.18070158058105 0.668839994898264 0.228571428571429 0.84370417487048 0.951046684405328 0.514285714285714 0.808122035641769 0.574278606921194 0.888934239205945 0.631163486696415 0.793853942254275
"8" 0.87037406924159 0.795907901553378 0.460700442759917 0.435187034620795 0.171428571428571 0.161624407128354 0.127775312999988 0 0.63887656499994 0.161624407128354 0.127775312999988 0.542104741743151 0.206031501455085 0.715997947779524 0.82412600582034 0.471212071499161 0.688091118788131 0.542104741743151 0.768778516975641 0.574278606921194 0.69045976991969
"9" 0.488228785446716 0.416006279387458 0.41206300291017 0.365892813567591 0.69045976991969 0.562791874388349 0.762380803664362 0.63887656499994 0 0.514285714285714 0.685714285714286 0.127775312999988 0.745051703451731 0.228571428571429 0.347586430302755 0.818161203615792 0.435187034620795 0.894427190999916 0.471212071499161 0.82412600582034 0.618094504365255
"10" 0.82412600582034 0.745051703451731 0.44629998148038 0.404061017820884 0.307723703264829 0.228571428571429 0.285714285714286 0.161624407128354 0.514285714285714 0 0.171428571428571 0.404061017820884 0.235606035749581 0.562791874388349 0.666394502268034 0.41206300291017 0.526831111845308 0.491561443831007 0.607436903584837 0.488228785446716 0.542104741743151
"11" 0.971428571428571 0.894427190999916 0.571428571428571 0.53908463611752 0.291372543633873 0.285714285714286 0.18070158058105 0.127775312999988 0.685714285714286 0.171428571428571 0 0.574278606921194 0.0808122035641769 0.722806322324201 0.818161203615792 0.347586430302755 0.651528814342365 0.416006279387458 0.731785627135183 0.457142857142857 0.618094504365255
"12" 0.588321722342114 0.511101251999952 0.416006279387458 0.3614031611621 0.618094504365255 0.491561443831007 0.668839994898264 0.542104741743151 0.127775312999988 0.404061017820884 0.574278606921194 0 0.628571428571429 0.206031501455085 0.333197251134017 0.69045976991969 0.347586430302755 0.766651877999928 0.4 0.697517463756212 0.511101251999952
"13" 1.0490034143249 0.971428571428571 0.651528814342365 0.618094504365255 0.3614031611621 0.365892813567591 0.228571428571429 0.206031501455085 0.745051703451731 0.235606035749581 0.0808122035641769 0.628571428571429 0 0.762380803664362 0.849489642703915 0.285714285714286 0.666394502268034 0.347586430302755 0.745051703451731 0.404061017820884 0.607436903584837
"14" 0.706818107248742 0.63887656499994 0.615447406529658 0.562791874388349 0.81215259448868 0.688091118788131 0.84370417487048 0.715997947779524 0.228571428571429 0.562791874388349 0.722806322324201 0.206031501455085 0.762380803664362 0 0.127775312999988 0.751596939312338 0.242436610692531 0.818161203615792 0.255550625999976 0.722806322324201 0.44629998148038
"15" 0.808122035641769 0.745051703451731 0.742857142857143 0.69045976991969 0.930218319777126 0.808122035641769 0.951046684405328 0.82412600582034 0.347586430302755 0.666394502268034 0.818161203615792 0.333197251134017 0.849489642703915 0.127775312999988 0 0.8 0.235606035749581 0.859045507335595 0.206031501455085 0.751596939312338 0.435187034620795
"16" 1.21487380716967 1.1342533280731 0.857142857142857 0.81215259448868 0.63887656499994 0.615447406529658 0.514285714285714 0.471212071499161 0.818161203615792 0.41206300291017 0.347586430302755 0.69045976991969 0.285714285714286 0.751596939312338 0.8 0 0.574278606921194 0.0808122035641768 0.63887656499994 0.127775312999988 0.435187034620795
"17" 0.923171109794486 0.849489642703915 0.745051703451731 0.688091118788131 0.82412600582034 0.715997947779524 0.808122035641769 0.688091118788131 0.435187034620795 0.526831111845308 0.651528814342365 0.347586430302755 0.666394502268034 0.242436610692531 0.235606035749581 0.574278606921194 0 0.628571428571429 0.0808122035641769 0.517450579322138 0.206031501455085
"18" 1.29551817700053 1.21487380716967 0.937212540963241 0.89259996296076 0.706818107248742 0.69045976991969 0.574278606921194 0.542104741743151 0.894427190999916 0.491561443831007 0.416006279387458 0.766651877999928 0.347586430302755 0.818161203615792 0.859045507335595 0.0808122035641768 0.628571428571429 0 0.688091118788131 0.127775312999988 0.471212071499161
"19" 0.957888835099441 0.887095696929144 0.808122035641769 0.751596939312338 0.903507902905251 0.793853942254275 0.888934239205945 0.768778516975641 0.471212071499161 0.607436903584837 0.731785627135183 0.4 0.745051703451731 0.255550625999976 0.206031501455085 0.63887656499994 0.0808122035641769 0.688091118788131 0 0.571428571428571 0.235606035749581
"20" 1.25324069711207 1.17247340163904 0.921400885519834 0.872247858427071 0.745051703451731 0.706818107248742 0.631163486696415 0.574278606921194 0.82412600582034 0.488228785446716 0.457142857142857 0.697517463756212 0.404061017820884 0.722806322324201 0.751596939312338 0.127775312999988 0.517450579322138 0.127775312999988 0.571428571428571 0 0.347586430302755
"21" 1.09916480352408 1.0222025039999 0.864728340024089 0.808122035641769 0.849489642703915 0.762380803664362 0.793853942254275 0.69045976991969 0.618094504365255 0.542104741743151 0.618094504365255 0.511101251999952 0.607436903584837 0.44629998148038 0.435187034620795 0.435187034620795 0.206031501455085 0.471212071499161 0.235606035749581 0.347586430302755 0
