"V1" "V2" "V3" "V4" "V5" "V6" "V7" "V8" "V9" "V10" "V11" "V12" "V13" "V14" "V15" "V16" "V17" "V18" "V19" "V20" "V21" "V22" "V23" "V24" "V25" "V26" "V27" "V28" "V29" "V30" "V31" "V32" "V33" "V34" "V35" "V36" "V37" "V38" "V39" "V40" "V41" "V42" "V43" "V44" "V45" "V46" "V47" "V48" "V49" "V50" "V51" "V52" "V53" "V54" "V55" "V56" "V57" "V58" "V59" "V60" "V61" "V62" "V63" "V64" "V65" "V66" "V67" "V68" "V69" "V70" "V71" "V72" "V73" "V74" "V75" "V76" "V77" "V78" "V79" "V80" "V81" "V82" "V83" "V84"
"1" 0 0.691429622599188 0.0366619593123849 0.746198855249254 0.464958352466864 0.564928066122111 0.873959139701132 0.325104667164158 0.293661223549458 1.05793250572731 0.769423248737462 0.306784911077134 0.820110757040921 0.416026277420526 0.849258166522703 0.278605415378298 0.260629169768149 0.545571346703775 0.361420928814645 0.272391228850567 0.45489432489296 0.397636931296514 0.662485598500643 0.903293921310441 0.118127457925707 0.752017578287345 0.57418396819313 0.69707680563999 0.196261347105687 0.541361980622258 0.357010949693992 0.50028328543853 0.340583435313713 0.645853107855735 1.11171463409047 0.271298497264294 0.367827002348184 0.507723906330292 0.59117064541845 0.618879739686975 0.452447330578276 0.481478842069396 0.579158540802814 0.91571832617169 0.293401970883547 0.0861455334895859 0.407449755494767 0.28306802663692 0.980661676060958 0.401336845285543 1.04804639615032 0.257380968126012 0.262102593337404 0.729846837734346 1.04206159965493 0.756875005373567 0.793775545374108 0.207921915316337 0.153092877902729 0.471091354010671 0.387076253599556 0.210391437568356 0.808044148831926 0.706954298533344 0.706214362027682 0.517430763090038 0.518097350735491 0.486028877817872 0.0762612789465366 0.533271057313677 0.724088029194782 0.300478828776632 0.181518225424619 0.825958819642121 0.46843287370398 0.738064121260022 0.410630483001132 1.04500998498865 0.621768497321181 0.527326793448617 0.342931233034202 0.47888610768139 0.122730953418277 0.923542049606144
"2" 0.691429622599188 0 0.727930787783669 0.770506768669821 0.445177375059429 0.139964595743299 0.496624434282282 0.876362327280758 0.789049472395761 0.475369517932978 0.394593694800645 0.588733620087615 0.521437688092153 0.547716513488046 0.890210307641918 0.677736277700662 0.644368548379193 0.424233604168855 0.788543814832506 0.43333024556102 0.422746734241831 0.782593839546857 0.777020615191466 0.754586972630728 0.573899068370006 0.550911569282354 0.418548496850171 0.788440569522972 0.548210202978666 0.742792041437198 0.697878841697945 0.561186695273542 0.90842160313686 0.410318758987021 0.500994708630612 0.507647796237779 0.694620474836086 0.468604898456367 0.116666208196302 0.427845579569412 0.338411067959168 0.849701341724269 0.551704727384882 0.482457158811172 0.446460553932228 0.608302232825668 0.783606392684103 0.409263753564152 0.335435884500006 0.463878423971052 0.414328653933715 0.463262757344951 0.79001199000441 0.161240089626459 0.484263236468382 0.188915678499214 0.792987983715325 0.501377693060182 0.539227523848505 0.240750647023519 0.424247764668386 0.548488838316799 0.886779220856601 0.194187373133289 0.342545045903356 0.190330708999369 0.469457931541313 0.431603736998106 0.760942920272613 0.684067438967103 0.165487415653048 0.503991958976293 0.840559326121373 0.601674945248001 0.223698490438296 0.286844871938282 0.87422990179726 0.502663118837554 0.311017248888727 0.68278770822386 0.359343249740146 0.767241643409367 0.71842773878089 0.857083536286926
"3" 0.0366619593123849 0.727930787783669 0 0.765631063584454 0.495776807595084 0.600956993255431 0.906182118833264 0.315278191116751 0.294194211984765 1.09340556430362 0.802736101963536 0.330447955590938 0.850855069413225 0.441899413043699 0.865831010631785 0.293172216217513 0.279077136305465 0.576880434797383 0.365815130329022 0.308645971131843 0.482798011980874 0.404361464336881 0.679075487591173 0.927742868471589 0.154297033046429 0.780803720356402 0.601643867188196 0.714083728481039 0.22825839134701 0.556453032517145 0.370802349739457 0.525614805615181 0.327459327498829 0.67393634681866 1.14755044488514 0.298790850589769 0.382164804506256 0.532872950348338 0.627214406831568 0.646130016788747 0.487213772676754 0.485711770738271 0.6056287419257 0.948905259790395 0.328005720008906 0.121284774608716 0.414498761262949 0.319327779276148 1.01710790776532 0.427748282177188 1.08429832433016 0.290358718345238 0.260311281719047 0.766237470138827 1.07714113988099 0.793147078330918 0.813478925266537 0.243569548796336 0.189213915965266 0.507660086394291 0.41988590502655 0.241369476875374 0.823333978595378 0.741204362936978 0.740138514358536 0.553227622015181 0.543195083167398 0.517255011605455 0.0486814180584515 0.552002516215176 0.760438749385885 0.331067775799573 0.157401242127038 0.854307659149713 0.504819843985497 0.773136565501922 0.408145902878646 1.07978962722677 0.656078697297754 0.546009469202504 0.379476300015811 0.490162543079656 0.126684338099157 0.94419268566194
"4" 0.746198855249254 0.770506768669821 0.765631063584454 0 0.380824610688416 0.768168196090676 0.438704468613339 0.589446909076903 0.527133575733382 0.738930809309534 0.442839243006344 0.443073543550834 0.352832522327148 0.351105163350924 0.124624438290063 0.47544379417201 0.486561764544721 0.357714131968737 0.453936307917855 0.60837065275584 0.945697012407182 0.40990613882879 0.106163191205645 0.21389279202167 0.71433989123403 0.260975585853453 1.03091516861222 0.0750689667966396 0.579132450171253 0.224414696919891 0.402525064035211 0.274159712728461 0.615746189369953 1.0699940963726 0.810458032052369 0.849803340701743 0.390115973927362 1.02009579206151 0.777847965484356 1.06602610220326 0.493848418561854 0.380473994464999 0.232713053516392 0.506331162034524 0.548955915678234 0.73454150041885 0.400066717315994 0.69288210850887 0.796592598121994 0.93362575874732 0.811988280677765 0.775698540021497 0.561910970199659 0.647573840716731 0.69774406808351 0.642601566347903 0.0482061032610226 0.615512731146904 0.708977196066361 0.612235390052898 0.462648769313188 0.561100274606313 0.117185337254715 0.940364558874165 0.454480560531859 0.766128785401234 1.02806980247865 0.379068155200382 0.749768731476253 0.213822976227598 0.639307171973522 0.486771413364231 0.725536011633318 0.271466381479687 0.705077053724594 0.529970000388947 0.487560312923974 0.679406036347853 0.460179725621844 0.219842101983142 0.613370188010376 0.30944526183747 0.646869649763694 0.181079131439574
"5" 0.464958352466864 0.445177375059429 0.495776807595084 0.380824610688416 0 0.404803274783818 0.412680364004381 0.491967679203705 0.400916984737267 0.637091075581396 0.317859953156193 0.198886030594225 0.355167061866814 0.110093417582806 0.505013100850501 0.290216619678262 0.269405023166983 0.0819234408131605 0.37398814041646 0.246213855049781 0.565821611671749 0.356321462332967 0.35251578320909 0.469992898933572 0.390045019643029 0.291879761090045 0.650367005003031 0.372795576117814 0.268962335581171 0.298697473847696 0.27772527918768 0.121104896218087 0.525893924054138 0.691551815397956 0.700706816179551 0.486812111181918 0.270745288395625 0.640065407186501 0.419486642579616 0.686161976480423 0.118581321631896 0.411691495095635 0.151573742577284 0.460707065381576 0.192449379300059 0.419811113321736 0.354834730285269 0.322304255072323 0.608448209935683 0.557236287566157 0.658242082523324 0.410758876069541 0.416565096084547 0.378607223293658 0.611941782156723 0.391717341754999 0.418475071767232 0.277483755913152 0.372689257231341 0.240418171789251 0.0908151399812406 0.254615560461004 0.485370854834573 0.585550654857691 0.265745267860021 0.393907187685751 0.647847185792238 0.02361404259859 0.501901136531569 0.241941958326152 0.370224539746558 0.164709176716763 0.532192383184775 0.367079105696904 0.329109510068211 0.321534072818495 0.456233096044992 0.608812957252269 0.197254889579745 0.239963166295296 0.23531544908619 0.324335673125589 0.413817929365676 0.525882720047217
"6" 0.564928066122111 0.139964595743299 0.600956993255431 0.768168196090676 0.404803274783818 0 0.571970551085836 0.778943724245252 0.695857147017897 0.602448508678832 0.458309986591026 0.507833942441944 0.577155216072481 0.492206765122827 0.892001957315093 0.589544660274492 0.554045365466724 0.410460887905196 0.706753145322834 0.323001884589898 0.291741109276795 0.7077570740786 0.755407723259213 0.790784164740832 0.446801973448548 0.583003629669784 0.311168885852837 0.772725524219339 0.441349398344113 0.699824210637116 0.622665070123179 0.525902646754253 0.809464878817788 0.323334001219602 0.634159386674049 0.36801053663037 0.6216466919217 0.34617157091092 0.0262830956111555 0.331471056095131 0.286646659916782 0.782859182849706 0.537454957673319 0.572200172955474 0.349854229777312 0.479964555803561 0.710438979935082 0.282196889080308 0.472399700285801 0.327716559902796 0.550361048805539 0.326733953181258 0.69169446223543 0.261196697122789 0.606038850084446 0.293624614713461 0.797888349296474 0.388063025568493 0.411835227202743 0.165933030913932 0.357219378202473 0.444992551006291 0.880298536003254 0.182610586775212 0.393885310696729 0.0507720037677731 0.348786611794376 0.398070006808491 0.637100134716624 0.64566278319929 0.261403357504922 0.418356019031214 0.723475184624491 0.644993915939579 0.102082155689135 0.360491323568846 0.791733262276948 0.621420031465937 0.333807618708235 0.643222005666022 0.252886392936279 0.709121996878851 0.605032472630427 0.880534545472138
"7" 0.873959139701132 0.496624434282282 0.906182118833264 0.438704468613339 0.412680364004381 0.571970551085836 0 0.875901427368168 0.789000270809706 0.30025536275655 0.117904444370337 0.604538779120235 0.0872152426389523 0.494555446436364 0.521114459585109 0.68820238464886 0.67435994337475 0.330762706830936 0.741478929149563 0.624870372495131 0.843482128671497 0.709413707283209 0.509237785851171 0.309644257346603 0.786862934820989 0.187339378090565 0.882712493421628 0.497178087028167 0.677974186896712 0.561459789446611 0.651339202440807 0.431258301367583 0.908928848545832 0.892498440287124 0.371760448524891 0.835801654174127 0.640628645853103 0.908534792008222 0.566307453421728 0.903067616984672 0.435060029281628 0.728589399932174 0.354897124975243 0.0678385582132715 0.585520558469307 0.819792960523587 0.703613701455076 0.674148336369808 0.380022495853978 0.860468262734082 0.380029217222993 0.763542907792762 0.811841743533504 0.335996891832649 0.259238980917099 0.312135697655621 0.432244349313017 0.674569492513053 0.763098536720763 0.488177919235642 0.48708084760098 0.665011913847499 0.543867050370719 0.690811313620776 0.188132952598318 0.599146538537369 0.912882310684505 0.390155643921646 0.914348980769107 0.506779213767809 0.331217536800723 0.576218645778658 0.94200735030968 0.171171370137715 0.568987919830702 0.212904834229462 0.81021244946001 0.242274879877654 0.271559629698579 0.510166497431783 0.578655477879438 0.634310099870672 0.825970079002864 0.431409118899255
"8" 0.325104667164158 0.876362327280758 0.315278191116751 0.589446909076903 0.491967679203705 0.778943724245252 0.875901427368168 0 0.0912763475088183 1.12719167986489 0.800345549596767 0.298630025877166 0.800079199024925 0.388573138647424 0.657892026710843 0.204684119712259 0.23405463408481 0.565334258699896 0.13967278755756 0.457571863519357 0.755183787251925 0.181006784772415 0.48547592967978 0.79048797081124 0.396737402136878 0.707463228366079 0.873555910034555 0.520667046620179 0.339704992520609 0.366144251762247 0.224565797959343 0.444671239005954 0.0339265091375929 0.940998106870368 1.19202809959287 0.579580418331447 0.2353608979199 0.816727584491846 0.802931710124938 0.918329914118565 0.554629412284568 0.222859120658116 0.523507100484212 0.93393153436346 0.431203765140437 0.38462374727251 0.190222185978743 0.520968728007785 1.09717083618025 0.708567220512802 1.14976211477538 0.541266554275989 0.0872611224116997 0.856319235938048 1.09968706321758 0.874666537170687 0.636084645639186 0.39806411334903 0.422346202125955 0.635620760680896 0.464906233389595 0.334263814641604 0.607576351897876 0.949529033718341 0.755750593484264 0.74138652247015 0.827091145846533 0.515080232703904 0.271413780147843 0.396047508470854 0.84855933907485 0.374179539192817 0.182894121621544 0.768993877406321 0.677145373779238 0.813430818659348 0.115699422566724 1.09403313285766 0.68876767823483 0.390725562468976 0.526067963019147 0.280147754253312 0.210246744996049 0.767587990933105
"9" 0.293661223549458 0.789049472395761 0.294194211984765 0.527133575733382 0.400916984737267 0.695857147017897 0.789000270809706 0.0912763475088183 0 1.03673948149954 0.710850850548218 0.207576923519864 0.714882979061097 0.298633379868472 0.607634379381815 0.11376922839942 0.144831133645781 0.475012685989462 0.0778641322920347 0.377776096007108 0.693505756194331 0.122031002587929 0.427030532781278 0.720198393617657 0.341156227871695 0.624353952856058 0.810060037377132 0.462889706218824 0.262468967664038 0.303051958104464 0.13954864798876 0.358568776796003 0.125159231291995 0.875112695032187 1.10127320112406 0.525102753718029 0.151371994037266 0.758615862987849 0.719282100110391 0.854445044614501 0.464267694705609 0.193680980406989 0.43913293617978 0.845937154590728 0.346327578149495 0.33618081619972 0.132644936454116 0.447524066747005 1.00591850628155 0.650915058338607 1.0585340344537 0.47846689138272 0.0372025266684902 0.765505821178438 1.00969849653514 0.783598845982082 0.574868247500565 0.322940052466034 0.361919129368459 0.54856753739835 0.374419325926348 0.254391957676178 0.559829478194166 0.869483974011335 0.665175777133316 0.660252316222365 0.768861179196159 0.424100004869881 0.259100098701951 0.323109236257466 0.757703620132586 0.285436259242061 0.20273111074638 0.688290027462014 0.594647092928716 0.722297751695741 0.119097158904992 1.0044870573473 0.597577513257854 0.31741550692808 0.443351541204895 0.221293594917834 0.170937169968013 0.707709729429691
"10" 1.05793250572731 0.475369517932978 1.09340556430362 0.738930809309534 0.637091075581396 0.602448508678832 0.30025536275655 1.12719167986489 1.03673948149954 0 0.3313638284102 0.835632535770203 0.386431584161636 0.738750009326672 0.81836147515951 0.927247409911361 0.905839196961433 0.561865069768203 1.00115594863231 0.787402323588632 0.893886259442067 0.974912908268892 0.806224654233535 0.594599924984556 0.952805583995021 0.483598786007898 0.89300998293818 0.796110928184496 0.871959517905636 0.846218465816045 0.906232573491487 0.693454430225294 1.16103857752302 0.877818691244617 0.0715795947380849 0.946285392252824 0.897111282875613 0.943512375446429 0.58476664886369 0.898972215739192 0.607755957756744 1.00674531184275 0.62841353791772 0.232880682353215 0.766437886870591 0.988264818877766 0.970680285482262 0.807340219576369 0.170327403009706 0.929059795051817 0.113487000427751 0.885471033285951 1.05361098687609 0.348828992762549 0.0451333557734243 0.31679547279872 0.731754714150522 0.850012814722919 0.922571681748642 0.601258076169451 0.685875257414307 0.86328128672785 0.843376005570705 0.643054632087548 0.371622798812168 0.646799375900458 0.944633934272554 0.613588354586879 1.11231506143454 0.787930516199541 0.351580605780269 0.783461586748836 1.16132169133424 0.470198069635747 0.648685491898994 0.322115661345328 1.07719690471535 0.0722608879386297 0.445294534889185 0.790433836197839 0.722768477511108 0.911572452312247 1.03809324352666 0.717489218235201
"11" 0.769423248737462 0.394593694800645 0.802736101963536 0.442839243006344 0.317859953156193 0.458309986591026 0.117904444370337 0.800345549596767 0.710850850548218 0.3313638284102 0 0.515707585011376 0.127616782720173 0.412271335328584 0.545256994644209 0.604330546898427 0.586310326153833 0.237775226806156 0.671469975255772 0.513386677181903 0.726088311249538 0.644072556631754 0.491425054553874 0.368821451224226 0.677425379959278 0.184581080614029 0.768000420386799 0.487625362152943 0.574847319872768 0.517672304300806 0.577441145790403 0.362341991847261 0.834010049286921 0.780625829221463 0.400095972099407 0.719109196495372 0.567858503398305 0.791734258129534 0.454382086486896 0.789780816502139 0.322969296449473 0.675722910792878 0.297929360041829 0.146404478530309 0.477685198506277 0.711120428064572 0.639636123809365 0.558720429678739 0.355074304561962 0.742586303679004 0.379736607784401 0.64748509577226 0.730196508083355 0.239008225370517 0.300279331131271 0.221755572231678 0.449223556811455 0.566344406161366 0.652202247974784 0.370351483601131 0.383054288538493 0.563128057109914 0.557259497899409 0.587574012438489 0.0703715181221857 0.483277932152129 0.796266940070635 0.29437958080263 0.814205855232111 0.458310810249878 0.232675876685161 0.47650465732592 0.849918152782511 0.214430768241523 0.451360808334665 0.108474657140864 0.746303153748271 0.293687826619274 0.155436117628061 0.460515152553765 0.463776823587345 0.580576877862883 0.730334363012692 0.481645133208601
"12" 0.306784911077134 0.588733620087615 0.330447955590938 0.443073543550834 0.198886030594225 0.507833942441944 0.604538779120235 0.298630025877166 0.207576923519864 0.835632535770203 0.515707585011376 0 0.538497103657363 0.114483764228442 0.552621221429837 0.0939667497104942 0.0706146535169215 0.277967677668695 0.200223928161333 0.215898470477046 0.567350422099345 0.200492569968673 0.36824029699041 0.597294913820749 0.27442152284191 0.458817343026275 0.674456837257154 0.400809786703727 0.141212722494144 0.257809441170442 0.116290326394576 0.196009090688226 0.33234568470146 0.7312930949363 0.8985412371759 0.431221417414956 0.117621271526292 0.639457005993978 0.529338410885383 0.716513017239933 0.257635459212333 0.280426883277922 0.277679531069757 0.656411702675778 0.165577989040688 0.292081316170682 0.204003272162617 0.301812918589555 0.798811622563813 0.538279720813681 0.852745483170868 0.364624920082336 0.21909341365604 0.558001993980848 0.810823698416251 0.576043884697032 0.489936095184737 0.190903419555424 0.27459052742068 0.350864268838587 0.167758731271619 0.123441189790747 0.516064294956854 0.687618565379384 0.464570969985079 0.478583620698609 0.64897288390132 0.222491864823546 0.324478882918675 0.234439334229378 0.550171596244138 0.0901668382111426 0.337697583310507 0.530109531734107 0.410319236947988 0.517702091512261 0.285870878494552 0.807582695423772 0.392699383985454 0.228814672409448 0.264030929754941 0.224986314793698 0.226757857289872 0.618039034719468
"13" 0.820110757040921 0.521437688092153 0.850855069413225 0.352832522327148 0.355167061866814 0.577155216072481 0.0872152426389523 0.800079199024925 0.714882979061097 0.386431584161636 0.127616782720173 0.538497103657363 0 0.425726783925994 0.44031936495946 0.618015953529517 0.607035173472174 0.274998745256384 0.663804629988129 0.58355690896228 0.833141674491577 0.630059496518559 0.422028518576704 0.244267998491736 0.740429774058232 0.100753171333126 0.883580157815687 0.410131998740956 0.624001288047598 0.47680386132281 0.57600877765752 0.356357957029189 0.832677002509739 0.900471117582401 0.458007274183541 0.806706899691593 0.564849810370101 0.901479656872088 0.575441462546172 0.907736034886039 0.398401396359948 0.645275441091131 0.276658031063025 0.154953606283174 0.538751552403618 0.771921366274452 0.62379038485647 0.641589173325596 0.453640827615601 0.844122344069316 0.46118429627005 0.732342296705676 0.739502354281269 0.366619700607361 0.346074199134809 0.348668127277355 0.348883938449492 0.627269309991248 0.719325577717119 0.47085542756885 0.437048131890166 0.609782535405965 0.460217981010448 0.713650345501954 0.183620427332815 0.59767089946452 0.906711658202488 0.334258344270582 0.855413854657637 0.423528010831594 0.360284862522165 0.519824310620062 0.875893203986252 0.0928315582034868 0.558624468341676 0.236068406368865 0.729885415282862 0.329482530477124 0.251858784814528 0.42719319792751 0.545599463811792 0.55162655124497 0.763350307456322 0.361422587566448
"14" 0.416026277420526 0.547716513488046 0.441899413043699 0.351105163350924 0.110093417582806 0.492206765122827 0.494555446436364 0.388573138647424 0.298633379868472 0.738750009326672 0.412271335328584 0.114483764228442 0.425726783925994 0 0.46886738614055 0.193706027778201 0.181402336845046 0.176948842370196 0.265319194778826 0.261000680169819 0.609916539885535 0.246269071669438 0.294314682962158 0.487815457631889 0.366620634226937 0.344400829703222 0.70651408293673 0.322160524128203 0.232303569084638 0.210811757072448 0.169108061271162 0.0845747060478563 0.422371652529095 0.755396504374583 0.804097420349788 0.499806919554343 0.161390062711607 0.684135909233917 0.50984768644763 0.745625322225011 0.210492239196169 0.303422912047231 0.163903393968731 0.549057501891394 0.201399517066477 0.38995337996363 0.244745131521404 0.348081816998365 0.717416966413938 0.590878635990844 0.765314334736745 0.426764743831682 0.318460223760952 0.488568573841038 0.7111508341483 0.501789810313695 0.395572517131582 0.264513084396953 0.358766190344199 0.326526655152205 0.136848960426581 0.214680434533861 0.4391417066514 0.674784980816446 0.367629897933715 0.473387572517312 0.692869043327288 0.131099864563361 0.438356388672483 0.164545723760482 0.480212548343997 0.135672073456661 0.450339463204077 0.415653311127019 0.405364838493303 0.428354662728084 0.346570837530761 0.705867100275533 0.305489454864221 0.160536690854128 0.280768409689428 0.219758265279336 0.341241600922459 0.518396986623598
"15" 0.849258166522703 0.890210307641918 0.865831010631785 0.124624438290063 0.505013100850501 0.892001957315093 0.521114459585109 0.657892026710843 0.607634379381815 0.81836147515951 0.545256994644209 0.552621221429837 0.44031936495946 0.46886738614055 0 0.572759216164075 0.588687340863067 0.481706577000115 0.530820014434266 0.728601396608276 1.06906815061006 0.486079772688257 0.186807876367796 0.237725834870681 0.826555508591424 0.360700032859287 1.15529665349514 0.152350310353125 0.691792728331613 0.310253718935686 0.496048304299126 0.395572797720101 0.680282939998975 1.19461617508695 0.889061347086177 0.968673108236837 0.484258990400713 1.14351325660589 0.901215097385905 1.19056389659438 0.618463617876703 0.437234642782805 0.357331768403991 0.586597777286365 0.668981977383156 0.844574086551662 0.475589358810825 0.814123976287068 0.893050630143937 1.05573643673511 0.90072490562402 0.895357050194348 0.644087364305251 0.761654344915709 0.775153462647818 0.754260787419793 0.097805241987927 0.731771878903951 0.823533161244159 0.73678215203694 0.585498648236036 0.673723761375422 0.0529967575599187 1.06294343190013 0.565657399187641 0.890589082571934 1.15159054151225 0.503637135111745 0.845651090203199 0.318311593359978 0.753593245323753 0.603886051393788 0.809936863865805 0.350040258055798 0.829693365497271 0.639605479056193 0.547536029871184 0.753981485818434 0.579215094398123 0.3240404563708 0.736484497548561 0.386500381699051 0.743196300660173 0.138535879181074
"16" 0.278605415378298 0.677736277700662 0.293172216217513 0.47544379417201 0.290216619678262 0.589544660274492 0.68820238464886 0.204684119712259 0.11376922839942 0.927247409911361 0.604330546898427 0.0939667497104942 0.618015953529517 0.193706027778201 0.572759216164075 0 0.0366402557021789 0.366922680162392 0.121027775031827 0.279302730579031 0.615770002224883 0.137910774752557 0.386092024242313 0.650828499896377 0.284620820966262 0.532488138608386 0.728543504930678 0.421280107786198 0.174024799998659 0.263327486608384 0.0784745279875651 0.264250398904903 0.238380880423257 0.789919856281479 0.990861722667055 0.461010966595838 0.0892530646758501 0.684844624516906 0.61220519479702 0.772026619641797 0.350593166443912 0.225716670617589 0.347180347514887 0.742595855135783 0.240154854278379 0.291273858756505 0.145265421846203 0.357407885662401 0.892734021535391 0.579385456851023 0.946260236997835 0.403655485607379 0.12636374314993 0.651747722595607 0.901453716060672 0.669983125540668 0.523579842111229 0.234528905920874 0.296097304859191 0.43793982744166 0.260710786648325 0.161140463083641 0.530221635026759 0.76630674914904 0.555716704335581 0.556563321346287 0.694804477624341 0.313673806142174 0.274371019205604 0.261831891959404 0.64395569603883 0.173821169395187 0.262412938442975 0.600555633334283 0.489544875339952 0.610681513637534 0.203364514512078 0.897333357201639 0.48573964944745 0.255802617283997 0.339184105732214 0.202024530951557 0.171463813154136 0.655635123605357
"17" 0.260629169768149 0.644368548379193 0.279077136305465 0.486561764544721 0.269405023166983 0.554045365466724 0.67435994337475 0.23405463408481 0.144831133645781 0.905839196961433 0.586310326153833 0.0706146535169215 0.607035173472174 0.181402336845046 0.588687340863067 0.0366402557021789 0 0.348556295886849 0.157651850313763 0.242671266894428 0.580288675797825 0.172724515561189 0.401964767040112 0.653729919105618 0.254712320339256 0.524989575696693 0.692565953385395 0.436461952821184 0.138563337588046 0.28210213905785 0.104092927856533 0.258497655628612 0.267227686816635 0.753611943377702 0.968406650532154 0.428007675973256 0.11258106874647 0.649791648301035 0.576919304929211 0.735945247127524 0.320850111273558 0.259954829034997 0.341398363415072 0.726773226846238 0.204328219189888 0.264292210507179 0.17945894824558 0.3210097061721 0.866210097392805 0.54479734221336 0.921410716209895 0.369000561891244 0.151090691713193 0.623079854658196 0.881296127115709 0.64228464187615 0.534402240868011 0.198606290093035 0.263837298618215 0.404072232311948 0.231402887669096 0.125036200271315 0.548057920676697 0.730248470942882 0.534993327639645 0.520521751252574 0.659703092867863 0.293017498664587 0.266045403476836 0.273038214484158 0.615429569829028 0.140605125606927 0.26893739640415 0.594980261415084 0.453726787865149 0.58718917482848 0.239790068661169 0.87816634170922 0.462213361399743 0.267060576011571 0.303085494996448 0.228428183765861 0.164539470238223 0.665286936928709
"18" 0.545571346703775 0.424233604168855 0.576880434797383 0.357714131968737 0.0819234408131605 0.410460887905196 0.330762706830936 0.565334258699896 0.475012685989462 0.561865069768203 0.237775226806156 0.277967677668695 0.274998745256384 0.176948842370196 0.481706577000115 0.366922680162392 0.348556295886849 0 0.441083719357279 0.314222202029509 0.608166728441997 0.418343297589523 0.352975335220674 0.411720648604984 0.466349248686928 0.219908447577975 0.6822953960926 0.366057595306802 0.349327101109546 0.327868606351733 0.345322562475427 0.147613866632007 0.599175016467705 0.716359368424659 0.627172317135204 0.548572690726636 0.336806188223945 0.681270489117455 0.420565785322753 0.714851418270219 0.14676966090097 0.463377272235182 0.128623016744445 0.379274138414001 0.265459949543163 0.497310750899132 0.415388520637027 0.382056167368198 0.54556555058413 0.606589932540471 0.590114003787826 0.47261636230956 0.493059035315571 0.331207682964447 0.534824068438237 0.338734543374935 0.38858686360439 0.35318930902844 0.446681954773937 0.257139891948845 0.162824006099726 0.335524723560071 0.470377185829004 0.584316819764553 0.190712798412059 0.40968647645952 0.68827071755055 0.0596379551951383 0.583714346761376 0.266870527921202 0.322564684504651 0.246003295204584 0.613355654226773 0.294933087785291 0.35130781086562 0.253928170218128 0.520171871650216 0.530410893162473 0.13615759895038 0.266710420989206 0.288816618132611 0.370922191602229 0.495614705762018 0.481910878425776
"19" 0.361420928814645 0.788543814832506 0.365815130329022 0.453936307917855 0.37398814041646 0.706753145322834 0.741478929149563 0.13967278755756 0.0778641322920347 1.00115594863231 0.671469975255772 0.200223928161333 0.663804629988129 0.265319194778826 0.530820014434266 0.121027775031827 0.157651850313763 0.441083719357279 0 0.400205845247968 0.734556873499969 0.0447599680626539 0.352051921077994 0.651786932421889 0.39321190055871 0.569696878998167 0.848377905863959 0.387770823786331 0.293732109624839 0.229559016193039 0.0962958602668444 0.311001089062551 0.170388251894311 0.910446851896134 1.06760129957414 0.574503704631096 0.10427866825854 0.802575735647722 0.728751218274129 0.892076607928641 0.45422063812752 0.12010485536431 0.387259937044396 0.801150110534508 0.359086293274241 0.393631030059455 0.0552329593194414 0.478181071761807 0.982389968193822 0.696169605489757 1.03056702087165 0.521000054161776 0.11503056990894 0.749163768275384 0.971710965195875 0.764477070225611 0.501268702518314 0.35467936151458 0.409234055835331 0.551084797216973 0.365313559782528 0.281697483417709 0.482555415489662 0.885076739599182 0.631529276070341 0.675426077856377 0.81264031006391 0.395965906094016 0.333717799915286 0.256442804830957 0.741022256762497 0.288496975738803 0.280422166284998 0.630002801251183 0.607828151676937 0.693642236954292 0.085695269789578 0.964583619884883 0.570671119676083 0.251087677164402 0.458490935921683 0.1454397761896 0.239804911160969 0.633735186449294
"20" 0.272391228850567 0.43333024556102 0.308645971131843 0.60837065275584 0.246213855049781 0.323001884589898 0.624870372495131 0.457571863519357 0.377776096007108 0.787402323588632 0.513386677181903 0.215898470477046 0.58355690896228 0.261000680169819 0.728601396608276 0.279302730579031 0.242671266894428 0.314222202029509 0.400205845247968 0 0.353869567133303 0.410692539455223 0.555095064395623 0.716093271604616 0.166206039024617 0.533843897692393 0.458724859796191 0.583139896860435 0.118440887640343 0.460975219129931 0.329928298907443 0.334291511745459 0.48737504976824 0.515578501002577 0.839914763006682 0.242689797468471 0.332799435138735 0.427154628642968 0.347800738707228 0.500629203657359 0.190417578909134 0.494441913670891 0.392552559930924 0.659153016385801 0.0596662548895745 0.201282389398282 0.41574229257175 0.0881443584782609 0.708710735166197 0.330515512932329 0.775663154722518 0.167559641321647 0.370391696248971 0.457708551128632 0.773325426633249 0.484502670331102 0.650704136485009 0.0684493313211026 0.138911701762118 0.20100860192131 0.155399455648208 0.123597222907194 0.700086140909011 0.492161334541673 0.446327269553588 0.283866680863243 0.436340572439072 0.260399114156038 0.334308314980129 0.42322360934665 0.451835722488933 0.132831355188285 0.407473749117737 0.609023886529104 0.220923835581869 0.470108940041069 0.482111148533412 0.777816685809331 0.360017134162199 0.418621861246236 0.0741543434067925 0.439904502291041 0.285161559360851 0.76650966790444
"21" 0.45489432489296 0.422746734241831 0.482798011980874 0.945697012407182 0.565821611671749 0.291741109276795 0.843482128671497 0.755183787251925 0.693505756194331 0.893886259442067 0.726088311249538 0.567350422099345 0.833141674491577 0.609916539885535 1.06906815061006 0.615770002224883 0.580288675797825 0.608166728441997 0.734556873499969 0.353869567133303 0 0.752980396048685 0.903398941753544 1.01806867598763 0.359046509681349 0.815979540096239 0.119492520919619 0.929202189603048 0.441785827085159 0.814430272026844 0.677328652274735 0.674453723701224 0.778171662790634 0.191138392403291 0.923362965759053 0.184007277226516 0.68179817389033 0.0744758638858933 0.309300746292374 0.164360008313977 0.461479953877317 0.839694943711964 0.717056352150827 0.852788673501962 0.411278725534719 0.376516946239134 0.759421901781512 0.266075145894045 0.757955656786743 0.0605377324132744 0.837027142561796 0.215045086857896 0.67442179979075 0.551827118774655 0.89774473345789 0.584439170405301 0.984266256283864 0.381978323051668 0.333034339177587 0.363279816564177 0.483747060527916 0.455591999515585 1.04518558683693 0.322847589448854 0.656987617694144 0.250953327840847 0.0829571964343791 0.570907484915374 0.529986284951627 0.774174486441688 0.551378130911879 0.486686158754426 0.636295440603307 0.886238792885922 0.275051950773429 0.639069336610727 0.809149838941888 0.912821941272665 0.58128813143442 0.769887674310538 0.332672396624837 0.792317715785559 0.547565610339454 1.08857950517471
"22" 0.397636931296514 0.782593839546857 0.404361464336881 0.40990613882879 0.356321462332967 0.7077570740786 0.709413707283209 0.181006784772415 0.122031002587929 0.974912908268892 0.644072556631754 0.200492569968673 0.630059496518559 0.246269071669438 0.486079772688257 0.137910774752557 0.172724515561189 0.418343297589523 0.0447599680626539 0.410692539455223 0.752980396048685 0 0.307533322058528 0.609481290022248 0.420256669823605 0.534345526509481 0.864770855398146 0.343203006963002 0.311287359659338 0.185739566086481 0.0852364476982737 0.281827247207819 0.20995465036741 0.924878433990606 1.04226941991504 0.598618710826775 0.088042850289851 0.822484976343902 0.728816157598624 0.907928361646313 0.445300883870647 0.0880329933590817 0.354517488633307 0.770394352844798 0.364885423141776 0.423688299151465 0.0106338080788696 0.492284188765396 0.962791033126709 0.717244407613157 1.00841272616734 0.541481763065395 0.158999868381143 0.734365360584869 0.944229268537131 0.748038768748026 0.457079380895191 0.371126650898729 0.433463444750488 0.548368639359145 0.358386727421918 0.297483132705852 0.437922070579605 0.888016814532522 0.607521085442174 0.679074550073556 0.832408821410724 0.377230088286057 0.374375270123781 0.216183689605047 0.726068322935754 0.290642687315127 0.324761525394645 0.592571082194698 0.610776596135457 0.672141075553099 0.102293342057189 0.936087943416153 0.55086330577241 0.211083594384587 0.464012946244401 0.100873532613852 0.277731706268604 0.589391869635691
"23" 0.662485598500643 0.777020615191466 0.679075487591173 0.106163191205645 0.35251578320909 0.755407723259213 0.509237785851171 0.48547592967978 0.427030532781278 0.806224654233535 0.491425054553874 0.36824029699041 0.422028518576704 0.294314682962158 0.186807876367796 0.386092024242313 0.401964767040112 0.352975335220674 0.352051921077994 0.555095064395623 0.903398941753544 0.307533322058528 0 0.318319995993891 0.642658641603042 0.322782494855187 0.996729052346019 0.0359054850683518 0.508667187304844 0.124982710738056 0.30983245870449 0.233000058229194 0.511000571743893 1.04175275666974 0.877659504794726 0.791247167107778 0.297891281928577 0.977758556085614 0.768349747621322 1.0344075816463 0.470871885526209 0.274342600062406 0.225542063719643 0.576869588043047 0.495596946933815 0.659454194733168 0.297406864910311 0.642386585821904 0.845721388297311 0.885191600673902 0.869632588883142 0.719613581173562 0.462693345586666 0.670735571362132 0.76726909790269 0.670865116685388 0.151026699767186 0.551827797901151 0.641422725271704 0.592584153004982 0.422038567485419 0.490656275785173 0.147842175849944 0.933847564063819 0.488419426106889 0.746392161765188 0.986343191178255 0.357379071154512 0.659477076992453 0.134350102049451 0.662165325405678 0.426068585599706 0.627803289556129 0.352213222809113 0.681449399633109 0.564496565198692 0.381854807678068 0.751456989973454 0.475103189855709 0.139733269962038 0.571967039464736 0.206659818414271 0.556845980587833 0.28215622112014
"24" 0.903293921310441 0.754586972630728 0.927742868471589 0.21389279202167 0.469992898933572 0.790784164740832 0.309644257346603 0.79048797081124 0.720198393617657 0.594599924984556 0.368821451224226 0.597294913820749 0.244267998491736 0.487815457631889 0.237725834870681 0.650828499896377 0.653729919105618 0.411720648604984 0.651786932421889 0.716093271604616 1.01806867598763 0.609481290022248 0.318319995993891 0 0.850009469615504 0.207784690691831 1.08485501001127 0.288950745501308 0.71828714770903 0.425528695003336 0.586166388771288 0.403273346097511 0.818809728800821 1.11109677962666 0.6637083084712 0.95645139546159 0.573585612921197 1.09033738298434 0.793514679134823 1.11391614331654 0.558027909616432 0.590358590578024 0.328070647014255 0.369126652569744 0.660773365585511 0.875813934998904 0.600375043833203 0.790906546564161 0.689666744527755 1.01825089506356 0.685934583388586 0.880329757015418 0.75262240687339 0.605816125791068 0.550169505612233 0.590429901999819 0.178697880501874 0.741083419381564 0.837313026718267 0.658699817623528 0.56076334381548 0.701144085160111 0.276738470445407 0.942595062411673 0.412146042066666 0.802440996000841 1.09689538588752 0.457700327793685 0.919485215892488 0.39709847756374 0.598876968303974 0.61549609236044 0.910791668245181 0.154504635586253 0.75241917206067 0.475520250205382 0.694623173887391 0.526912878732642 0.457195019668178 0.402822619222274 0.699669941379968 0.511854622069152 0.818226541023623 0.123025388834292
"25" 0.118127457925707 0.573899068370006 0.154297033046429 0.71433989123403 0.390045019643029 0.446801973448548 0.786862934820989 0.396737402136878 0.341156227871695 0.952805583995021 0.677425379959278 0.27442152284191 0.740429774058232 0.366620634226937 0.826555508591424 0.284620820966262 0.254712320339256 0.466349248686928 0.39321190055871 0.166206039024617 0.359046509681349 0.420256669823605 0.642658641603042 0.850009469615504 0 0.681900258316697 0.478039642754326 0.675061206127198 0.135208602405674 0.529985089991344 0.358804284192538 0.450077317353106 0.419154255841923 0.547095304789964 1.00416512520375 0.184123342874901 0.366969114299772 0.420082821381887 0.473043413895737 0.522926650156389 0.355071966345242 0.508169905495785 0.521942099083345 0.823609568492365 0.201852440002561 0.0356824154174365 0.428543024703543 0.165032957662961 0.868444361896269 0.311929778511229 0.937510175309211 0.14836184949298 0.318346022549997 0.618507038497029 0.939337664876847 0.64658152882972 0.760209224744288 0.113185982998922 0.0349688960622057 0.358295297692475 0.30357554650329 0.153241619822744 0.790485720917825 0.591272080713122 0.611324272859455 0.399410660704044 0.430433184852537 0.408467199128197 0.19148730337686 0.508717266823771 0.613145189428694 0.234535856854845 0.287447285252215 0.757046154387845 0.350594150301639 0.636297458769567 0.459627532323604 0.944003762750058 0.525304345871087 0.503144752079975 0.231323008922574 0.482974638924916 0.188567654047695 0.88490928145994
"26" 0.752017578287345 0.550911569282354 0.780803720356402 0.260975585853453 0.291879761090045 0.583003629669784 0.187339378090565 0.707463228366079 0.624353952856058 0.483598786007898 0.184581080614029 0.458817343026275 0.100753171333126 0.344400829703222 0.360700032859287 0.532488138608386 0.524989575696693 0.219908447577975 0.569696878998167 0.533843897692393 0.815979540096239 0.534345526509481 0.322782494855187 0.207784690691831 0.681900258316697 0 0.878775601861585 0.3129576482981 0.557955430348387 0.376686552003234 0.484848984678238 0.268284503879899 0.739541277684893 0.903663902087839 0.555099624787118 0.767907775796389 0.473252140436237 0.887284206764452 0.585836963139127 0.907035328212155 0.361030565809543 0.545961284435638 0.18572956219981 0.254537496289828 0.483295922869681 0.711318489951291 0.527627473342848 0.60132107482394 0.535948394065356 0.819807721365541 0.551610363753696 0.692098621090064 0.650801095137916 0.408666264127367 0.444493167589545 0.397635042644432 0.264734955572275 0.569337950037504 0.664249299776806 0.454076400292129 0.380437095876461 0.542413324630915 0.373571837435443 0.736484097199879 0.21138826919865 0.595293996560392 0.893482252398218 0.274432870378666 0.781175417387878 0.324628054563573 0.401109466982268 0.452630505192621 0.793434178397511 0.0752947571301069 0.546983118065806 0.281802933568092 0.633009230705293 0.429050091375373 0.249451210790155 0.328543005858138 0.507022668660819 0.4529484804696 0.685504931222237 0.306506890705259
