"V1" "V2" "V3" "V4" "V5" "V6" "V7" "V8" "V9" "V10" "V11" "V12" "V13" "V14" "V15" "V16" "V17" "V18" "V19" "V20" "V21"
"1" 0 0.183351912793133 0.706270606150924 0.343355058863035 0.707787928030711 0.636024094392627 0.344982018844273 0.168729700726082 0.192206576686478 0.315574442630232 0.876335708925351 0.118915424128008 0.225225672998121 0.89466012473044 0.609221006585899 0.234318160444585 0.656144280501125 0.707952404065233 0.424414481530993 0.578495713583475 0.620713980468123
"2" 0.183351912793133 0 0.734282350066931 0.166620560842669 0.690646039569646 0.711014435213985 0.525587214420391 0.167213086978518 0.209084375560186 0.376400449202836 0.778963755871631 0.182066314991395 0.0720322724263247 0.8009491094874 0.439246669417102 0.283394078687605 0.720125296386028 0.637145852494894 0.267779416931064 0.597895553190323 0.697742093287294
"3" 0.706270606150924 0.734282350066931 0 0.84767655718066 0.176129819261901 0.191839374969817 0.842059646109411 0.85407495054379 0.53618950740235 0.391332897591255 0.549652000855754 0.820141954273629 0.683157862618511 0.543664628231397 1.07910948566172 0.474539242983318 0.146280283241354 0.38090488613747 0.968572067053244 0.136903727438436 0.201906456563304
"4" 0.343355058863035 0.166620560842669 0.84767655718066 0 0.774789691151743 0.850650731995094 0.67462334897926 0.256357821329076 0.357691915624704 0.52244330375428 0.784622660148625 0.301575042960287 0.176284233866498 0.80979296072755 0.273215106890289 0.432708433538462 0.854156918216237 0.678075144872716 0.120898809810709 0.711249911225608 0.838617290807777
"5" 0.707787928030711 0.690646039569646 0.176129819261901 0.774789691151743 0 0.350389779647476 0.909470689499278 0.833347550799132 0.519238957242968 0.416404082110732 0.374227939005112 0.810703686917583 0.628621233273988 0.369535492699383 0.978680821634588 0.476328691140188 0.309727120895723 0.20852427036818 0.893799037016198 0.170049365177244 0.355996176863344
"6" 0.636024094392627 0.711014435213985 0.191839374969817 0.850650731995094 0.350389779647476 0 0.699278444254592 0.799124199112544 0.501952210183767 0.335189890173112 0.720409423628344 0.754821635467719 0.675513832283802 0.718135495686031 1.10621194657162 0.42850865963052 0.0465131543591996 0.535221460655296 0.968653723136622 0.215494665632893 0.0165382020889562
"7" 0.344982018844273 0.525587214420391 0.842059646109411 0.67462334897926 0.909470689499278 0.699278444254592 0 0.435396087123217 0.481031552801575 0.499211737881418 1.16077280326176 0.378908827786136 0.569823572255932 1.17459740706727 0.922607458347135 0.472486170849205 0.737057084863455 0.973297952338933 0.7313125201256 0.747199002041648 0.682886048837404
"8" 0.168729700726082 0.167213086978518 0.85407495054379 0.256357821329076 0.833347550799132 0.799124199112544 0.435396087123217 0 0.319080933234099 0.470051631285052 0.94538257904972 0.0604676644408442 0.23898257091524 0.966999357055626 0.487463434166102 0.380608106192115 0.816414277586171 0.798283724914296 0.296091451753325 0.721300492089995 0.784218019779513
"9" 0.192206576686478 0.209084375560186 0.53618950740235 0.357691915624704 0.519238957242968 0.501952210183767 0.481031552801575 0.319080933234099 0 0.167471776953012 0.692386131780587 0.291675796441313 0.182257517403062 0.709227272333583 0.626345452285067 0.0752689681857396 0.511890349569329 0.51792198777571 0.471189362967106 0.402413562248887 0.488658189895941
"10" 0.315574442630232 0.376400449202836 0.391332897591255 0.52244330375428 0.416404082110732 0.335189890173112 0.499211737881418 0.470051631285052 0.167471776953012 0 0.673335875308051 0.431386744245209 0.346159098817281 0.684297883186184 0.786927275977997 0.0933218972991898 0.34777730666296 0.479757514492387 0.637815112554273 0.268215665215522 0.321576116493416
"11" 0.876335708925351 0.778963755871631 0.549652000855754 0.784622660148625 0.374227939005112 0.720409423628344 1.16077280326176 0.94538257904972 0.692386131780587 0.673335875308051 0 0.946549591728337 0.706932581326808 0.0281529133567381 0.891728465345167 0.688437833057322 0.682119840545405 0.197790517207407 0.882262879160102 0.515742954490041 0.724074460259362
"12" 0.118915424128008 0.182066314991395 0.820141954273629 0.301575042960287 0.810703686917583 0.754821635467719 0.378908827786136 0.0604676644408442 0.291675796441313 0.431386744245209 0.946549591728337 0 0.249140175280406 0.966983497797095 0.543957771669338 0.345728655092726 0.774412364332383 0.790603737369861 0.352887344696275 0.689866438330691 0.739555216080663
"13" 0.225225672998121 0.0720322724263247 0.683157862618511 0.176284233866498 0.628621233273988 0.675513832283802 0.569823572255932 0.23898257091524 0.182257517403062 0.346159098817281 0.706932581326808 0.249140175280406 0 0.728946813381924 0.44426727573907 0.256863351446094 0.680567796683032 0.566750748224529 0.293146793991847 0.546258044818761 0.663200864929714
"14" 0.89466012473044 0.8009491094874 0.543664628231397 0.80979296072755 0.369535492699383 0.718135495686031 1.17459740706727 0.966999357055626 0.709227272333583 0.684297883186184 0.0281529133567381 0.966983497797095 0.728946813381924 0 0.919484089121748 0.702758663810639 0.678819351383376 0.205425477127321 0.908398654247364 0.516801995965538 0.722425590951604
"15" 0.609221006585899 0.439246669417102 1.07910948566172 0.273215106890289 0.978680821634588 1.10621194657162 0.922607458347135 0.487463434166102 0.626345452285067 0.786927275977997 0.891728465345167 0.543957771669338 0.44426727573907 0.919484089121748 0 0.700337022439366 1.10479794530958 0.839202555653249 0.191373896688249 0.946270702469772 1.09535377737301
"16" 0.234318160444585 0.283394078687605 0.474539242983318 0.432708433538462 0.476328691140188 0.42850865963052 0.472486170849205 0.380608106192115 0.0752689681857396 0.0933218972991898 0.688437833057322 0.345728655092726 0.256863351446094 0.702758663810639 0.700337022439366 0 0.440373573364951 0.503653260654756 0.546454132964258 0.344572281137365 0.414884479255847
"17" 0.656144280501125 0.720125296386028 0.146280283241354 0.854156918216237 0.309727120895723 0.0465131543591996 0.737057084863455 0.816414277586171 0.511890349569329 0.34777730666296 0.682119840545405 0.774412364332383 0.680567796683032 0.678819351383376 1.10479794530958 0.440373573364951 0 0.500452270065224 0.973345962315841 0.188184163548318 0.0594804600575167
"18" 0.707952404065233 0.637145852494894 0.38090488613747 0.678075144872716 0.20852427036818 0.535221460655296 0.973297952338933 0.798283724914296 0.51792198777571 0.479757514492387 0.197790517207407 0.790603737369861 0.566750748224529 0.205425477127321 0.839202555653249 0.503653260654756 0.500452270065224 0 0.788880112862491 0.324059651852446 0.53713033204175
"19" 0.424414481530993 0.267779416931064 0.968572067053244 0.120898809810709 0.893799037016198 0.968653723136622 0.7313125201256 0.296091451753325 0.471189362967106 0.637815112554273 0.882262879160102 0.352887344696275 0.293146793991847 0.908398654247364 0.191373896688249 0.546454132964258 0.973345962315841 0.788880112862491 0 0.832122321443591 0.956285578690306
"20" 0.578495713583475 0.597895553190323 0.136903727438436 0.711249911225608 0.170049365177244 0.215494665632893 0.747199002041648 0.721300492089995 0.402413562248887 0.268215665215522 0.515742954490041 0.689866438330691 0.546258044818761 0.516801995965538 0.946270702469772 0.344572281137365 0.188184163548318 0.324059651852446 0.832122321443591 0 0.215214569029483
"21" 0.620713980468123 0.697742093287294 0.201906456563304 0.838617290807777 0.355996176863344 0.0165382020889562 0.682886048837404 0.784218019779513 0.488658189895941 0.321576116493416 0.724074460259362 0.739555216080663 0.663200864929714 0.722425590951604 1.09535377737301 0.414884479255847 0.0594804600575167 0.53713033204175 0.956285578690306 0.215214569029483 0
