"V1" "V2" "V3" "V4" "V5" "V6" "V7" "V8" "V9" "V10" "V11" "V12" "V13" "V14" "V15" "V16" "V17" "V18" "V19" "V20" "V21"
"1" 0 0.319474876760299 0.303198194957413 0.305681239620863 0.149605276889629 0.186892480219864 0.26018034073911 0.174161388829534 0.145466928219245 0.407132126049067 0.119636934281316 0.21812803003166 0.0925472220256743 0.0908125305215334 0.21492360755867 0.133230889952406 0.176036807799974 0.355361628451454 0.296229717741976 0.257050255690516 0.372891344888082
"2" 0.319474876760299 0 0.252910874246431 0.469654628832283 0.22386798900031 0.32159259697604 0.326082820096099 0.424807919084742 0.292328518839211 0.221258884961048 0.366441167253276 0.384806306928014 0.230047984144061 0.40795425694116 0.141512382259573 0.350711985263043 0.469858528647639 0.110696441752282 0.499054271384035 0.528453198219084 0.450083092231673
"3" 0.303198194957413 0.252910874246431 0 0.255087521244804 0.15709303837196 0.157642697632741 0.105417961407195 0.286829221844738 0.171126196730209 0.139113629571204 0.255662130866508 0.201160343361936 0.269843343198662 0.354311481940686 0.147867579585331 0.414191639517422 0.359522534177153 0.17753420189153 0.301575404971606 0.379084494777683 0.202527726134434
"4" 0.305681239620863 0.469654628832283 0.255087521244804 0 0.260608477607165 0.154107183811447 0.152017825106251 0.150443286001749 0.196603405992734 0.390714974274974 0.187179186995419 0.094708283111099 0.348340971829303 0.284233509539033 0.329770168582996 0.437632801581714 0.21643368774263 0.424398202369999 0.057751039695536 0.176365912120951 0.118798196311922
"5" 0.149605276889629 0.22386798900031 0.15709303837196 0.260608477607165 0 0.106501859663258 0.147419457073748 0.201652101825127 0.0691596434798181 0.258925689826232 0.146051119385142 0.168388866293717 0.11719436133082 0.216137502768895 0.0860862133186575 0.257565612833598 0.25412062633273 0.222377911291913 0.280663527692621 0.305464407174894 0.279581019303363
"6" 0.186892480219864 0.32159259697604 0.157642697632741 0.154107183811447 0.106501859663258 0 0.076954565350585 0.129694465707005 0.0469018812205524 0.292839777835851 0.1022957905196 0.0633323070292506 0.203099882239737 0.210041276881151 0.180116733937636 0.317743231680022 0.202024943842123 0.294170260301295 0.177485833645003 0.226674986788466 0.188786335902753
"7" 0.26018034073911 0.326082820096099 0.105417961407195 0.152017825106251 0.147419457073748 0.076954565350585 0 0.193410128947906 0.114833575883432 0.24412754133562 0.177833383497205 0.0993688792774576 0.260853182609409 0.286818613099062 0.192472909389264 0.38790780822458 0.270060685814501 0.272677109918071 0.196279845712557 0.277944784552897 0.133302059350339
"8" 0.174161388829534 0.424807919084742 0.286829221844738 0.150443286001749 0.201652101825127 0.129694465707005 0.193410128947906 0 0.136492040424956 0.42248471837427 0.0623743877185514 0.0987909802884371 0.242552160423078 0.134565663970258 0.287324429744598 0.298594545499389 0.0777700450295974 0.416199329814278 0.125494409784466 0.103812494356917 0.250701696730431
"9" 0.145466928219245 0.292328518839211 0.171126196730209 0.196603405992734 0.0691596434798181 0.0469018812205524 0.114833575883432 0.136492040424956 0 0.296520820991085 0.0886968893965002 0.102317103128284 0.156264033888408 0.183436318268713 0.15225203677398 0.273664720853622 0.197698607712973 0.280102660280266 0.212326372513096 0.239747576360669 0.235068841471302
"10" 0.407132126049067 0.221258884961048 0.139113629571204 0.390714974274974 0.258925689826232 0.292839777835851 0.24412754133562 0.42248471837427 0.296520820991085 0 0.384805277165969 0.340090377769112 0.348337474870692 0.473289082500411 0.201519396451674 0.49549567004498 0.492232496347197 0.111037009413321 0.439546692616564 0.517371212736112 0.318643785378032
"11" 0.119636934281316 0.366441167253276 0.255662130866508 0.187179186995419 0.146051119385142 0.1022957905196 0.177833383497205 0.0623743877185514 0.0886968893965002 0.384805277165969 0 0.106266905637854 0.180660044099752 0.110744925445784 0.23207559823571 0.250508832334 0.109431265648189 0.366288027918561 0.177264858043678 0.163130038258938 0.266722504405919
"12" 0.21812803003166 0.384806306928014 0.201160343361936 0.094708283111099 0.168388866293717 0.0633323070292506 0.0993688792774576 0.0987909802884371 0.102317103128284 0.340090377769112 0.106266905637854 0 0.253995724446409 0.214894713533717 0.243381729763248 0.351330613776249 0.176553174828005 0.352999402426301 0.114259487759338 0.17871152299323 0.160648189401866
"13" 0.0925472220256743 0.230047984144061 0.269843343198662 0.348340971829303 0.11719436133082 0.203099882239737 0.260853182609409 0.242552160423078 0.156264033888408 0.348337474870692 0.180660044099752 0.253995724446409 0 0.183328077219466 0.147016545150097 0.147772031458361 0.262303121878109 0.279580916209677 0.352747731717667 0.337197231611339 0.389340105587975
"14" 0.0908125305215334 0.40795425694116 0.354311481940686 0.284233509539033 0.216137502768895 0.210041276881151 0.286818613099062 0.134565663970258 0.183436318268713 0.473289082500411 0.110744925445784 0.214894713533717 0.183328077219466 0 0.293489705599133 0.176843823582601 0.100156193906213 0.434617316371287 0.258290839854505 0.18715645710467 0.375347992504759
"15" 0.21492360755867 0.141512382259573 0.147867579585331 0.329770168582996 0.0860862133186575 0.180116733937636 0.192472909389264 0.287324429744598 0.15225203677398 0.201519396451674 0.23207559823571 0.243381729763248 0.147016545150097 0.293489705599133 0 0.293978431039804 0.339602840752029 0.141226459347991 0.357600252187847 0.391096201540337 0.323149144936599
"16" 0.133230889952406 0.350711985263043 0.414191639517422 0.437632801581714 0.257565612833598 0.317743231680022 0.38790780822458 0.298594545499389 0.273664720853622 0.49549567004498 0.250508832334 0.351330613776249 0.147772031458361 0.176843823582601 0.293978431039804 0 0.276973341385521 0.42006451948642 0.423667676424624 0.363996148023948 0.505355224770521
"17" 0.176036807799974 0.469858528647639 0.359522534177153 0.21643368774263 0.25412062633273 0.202024943842123 0.270060685814501 0.0777700450295974 0.197698607712973 0.492232496347197 0.109431265648189 0.176553174828005 0.262303121878109 0.100156193906213 0.339602840752029 0.276973341385521 0 0.475478816245576 0.17685614920167 0.0871591180989893 0.32479937081568
"18" 0.355361628451454 0.110696441752282 0.17753420189153 0.424398202369999 0.222377911291913 0.294170260301295 0.272677109918071 0.416199329814278 0.280102660280266 0.111037009413321 0.366288027918561 0.352999402426301 0.279580916209677 0.434617316371287 0.141226459347991 0.42006451948642 0.475478816245576 0 0.464062620691915 0.518354559569061 0.379788516732457
"19" 0.296229717741976 0.499054271384035 0.301575404971606 0.057751039695536 0.280663527692621 0.177485833645003 0.196279845712557 0.125494409784466 0.212326372513096 0.439546692616564 0.177264858043678 0.114259487759338 0.352747731717667 0.258290839854505 0.357600252187847 0.423667676424624 0.17685614920167 0.464062620691915 0 0.122759395681715 0.17584811907676
"20" 0.257050255690516 0.528453198219084 0.379084494777683 0.176365912120951 0.305464407174894 0.226674986788466 0.277944784552897 0.103812494356917 0.239747576360669 0.517371212736112 0.163130038258938 0.17871152299323 0.337197231611339 0.18715645710467 0.391096201540337 0.363996148023948 0.0871591180989893 0.518354559569061 0.122759395681715 0 0.294612943525609
"21" 0.372891344888082 0.450083092231673 0.202527726134434 0.118798196311922 0.279581019303363 0.188786335902753 0.133302059350339 0.250701696730431 0.235068841471302 0.318643785378032 0.266722504405919 0.160648189401866 0.389340105587975 0.375347992504759 0.323149144936599 0.505355224770521 0.32479937081568 0.379788516732457 0.17584811907676 0.294612943525609 0
