"V1" "V2" "V3" "V4" "V5" "V6" "V7" "V8" "V9" "V10" "V11" "V12" "V13" "V14" "V15" "V16" "V17" "V18" "V19" "V20" "V21"
"1" 0 0.499730788919366 0.114555860677645 0.195121366137186 0.275372123377159 0.213495306834461 0.204298488141452 0.0779286482215551 0.332770855622538 0.480329506017149 0.253180051380872 0.38960564138968 0.16674901659393 0.387955659221642 0.431546141379207 0.258706910868924 0.600361323782479 0.298177536227357 0.300554857239083 0.331389096056408 0.408149920491118
"2" 0.499730788919366 0 0.549200086284895 0.471307194640803 0.25145952764873 0.306178376289339 0.297031383641056 0.422813613816849 0.179582191745775 0.264605103736365 0.352862893861507 0.176318325898409 0.365136371888775 0.144179785631673 0.279501511507883 0.388500460655336 0.175618797433164 0.282723223122208 0.204857364556915 0.276513382613157 0.0979871607151752
"3" 0.114555860677645 0.549200086284895 0 0.129172581449721 0.302251367873511 0.299082865329893 0.257678484160308 0.150643767080911 0.401162382733112 0.573942281821569 0.357955585572167 0.468569432745622 0.184670482926596 0.419378956543043 0.418559642857779 0.223843591337122 0.672485091328684 0.300341000610708 0.344382047519976 0.426613742682647 0.466971015177525
"4" 0.195121366137186 0.471307194640803 0.129172581449721 0 0.220907148935556 0.287907648290355 0.214157752194809 0.172588948830123 0.354144495168138 0.553512658066228 0.37283585415778 0.430448223620436 0.127293658459813 0.330698656829168 0.297869560064079 0.101204886802483 0.61627712638591 0.19641343742408 0.27492305744166 0.416987733985316 0.403416285227486
"5" 0.275372123377159 0.25145952764873 0.302251367873511 0.220907148935556 0 0.164967893944239 0.086866419437228 0.198810984272521 0.152121185469711 0.363990996835129 0.261692346161548 0.230367769101572 0.118181208931856 0.117238900903993 0.184327152937909 0.150435544824605 0.397548697055279 0.0648117321724974 0.0584533928136278 0.25617034199936 0.184507032819241
"6" 0.213495306834461 0.306178376289339 0.299082865329893 0.287907648290355 0.164967893944239 0 0.0897276546710427 0.148923370280761 0.127759113319179 0.275228511490371 0.0986968896590869 0.176214241549481 0.164003343644987 0.232675902384741 0.348072925707097 0.271017275135478 0.387695043702265 0.225437514659687 0.144247429818513 0.13058027314159 0.208855299126711
"7" 0.204298488141452 0.297031383641056 0.257678484160308 0.214157752194809 0.086866419437228 0.0897276546710427 0 0.126539231395177 0.145019922257698 0.339465972285725 0.188161580769711 0.21797766469457 0.0870317478111175 0.186286514208523 0.269972318188183 0.182817146229543 0.415429740159796 0.139839130585557 0.0964944015795268 0.207664854574916 0.209906215336025
"8" 0.0779286482215551 0.422813613816849 0.150643767080911 0.172588948830123 0.198810984272521 0.148923370280761 0.126539231395177 0 0.259665950712734 0.423348610710852 0.211758030118266 0.321710366919567 0.0985501166802328 0.310196407359323 0.362723676962201 0.207051564240246 0.529865461636355 0.227320347682396 0.222657892523509 0.276026420429014 0.332649392203303
"9" 0.332770855622538 0.179582191745775 0.401162382733112 0.354144495168138 0.152121185469711 0.127759113319179 0.145019922257698 0.259665950712734 0 0.211979240633528 0.179873076472214 0.0786135924226753 0.229708929433083 0.143101990455227 0.296200602057495 0.300205242453285 0.271381118381086 0.213452310025865 0.0957437565684874 0.126560693495206 0.081650837801943
"10" 0.480329506017149 0.264605103736365 0.573942281821569 0.553512658066228 0.363990996835129 0.275228511490371 0.339465972285725 0.423348610710852 0.211979240633528 0 0.235653326176398 0.135128691672557 0.426223628760045 0.330430365451675 0.492898772384038 0.510309838496437 0.192773515426892 0.425195443893323 0.307520802200721 0.148940511855454 0.217721641612512
"11" 0.253180051380872 0.352862893861507 0.357955585572167 0.37283585415778 0.261692346161548 0.0986968896590869 0.188161580769711 0.211758030118266 0.179873076472214 0.235653326176398 0 0.187436462301173 0.255585515517181 0.312402120911008 0.442309477010866 0.367327094123145 0.39038630419174 0.323537290430512 0.232164815227587 0.0939084823262157 0.256806038146719
"12" 0.38960564138968 0.176318325898409 0.468569432745622 0.430448223620436 0.230367769101572 0.176214241549481 0.21797766469457 0.321710366919567 0.0786135924226753 0.135128691672557 0.187436462301173 0 0.304492537742461 0.200109693225705 0.361234797224137 0.378818046132661 0.212128002414164 0.290477396278416 0.173041697509616 0.101657711523671 0.0957688431025069
"13" 0.16674901659393 0.365136371888775 0.184670482926596 0.127293658459813 0.118181208931856 0.164003343644987 0.0870317478111175 0.0985501166802328 0.229708929433083 0.426223628760045 0.255585515517181 0.304492537742461 0 0.235398012257864 0.26541112919247 0.116996273429506 0.497102819460711 0.131434442872277 0.160836353228495 0.290933717207289 0.286739747566202
"14" 0.387955659221642 0.144179785631673 0.419378956543043 0.330698656829168 0.117238900903993 0.232675902384741 0.186286514208523 0.310196407359323 0.143101990455227 0.330430365451675 0.312402120911008 0.200109693225705 0.235398012257864 0 0.162553278560962 0.244608437835834 0.309486894453863 0.138730332231514 0.0919317779186601 0.269662601423528 0.114577911648154
"15" 0.431546141379207 0.279501511507883 0.418559642857779 0.297869560064079 0.184327152937909 0.348072925707097 0.269972318188183 0.362723676962201 0.296200602057495 0.492898772384038 0.442309477010866 0.361234797224137 0.26541112919247 0.162553278560962 0 0.196826073665099 0.454930698781061 0.13590496281656 0.21242077327722 0.419664770920567 0.276746802825528
"16" 0.258706910868924 0.388500460655336 0.223843591337122 0.101204886802483 0.150435544824605 0.271017275135478 0.182817146229543 0.207051564240246 0.300205242453285 0.510309838496437 0.367327094123145 0.378818046132661 0.116996273429506 0.244608437835834 0.196826073665099 0 0.545204440614118 0.105885832869584 0.208857185676012 0.388762902244114 0.333258468295035
"17" 0.600361323782479 0.175618797433164 0.672485091328684 0.61627712638591 0.397548697055279 0.387695043702265 0.415429740159796 0.529865461636355 0.271381118381086 0.192773515426892 0.39038630419174 0.212128002414164 0.497102819460711 0.309486894453863 0.454930698781061 0.545204440614118 0 0.442226529858716 0.341474428052492 0.296804415807196 0.213142465684571
"18" 0.298177536227357 0.282723223122208 0.300341000610708 0.19641343742408 0.0648117321724974 0.225437514659687 0.139839130585557 0.227320347682396 0.213452310025865 0.425195443893323 0.323537290430512 0.290477396278416 0.131434442872277 0.138730332231514 0.13590496281656 0.105885832869584 0.442226529858716 0 0.117720384319841 0.320965577391612 0.232688677717994
"19" 0.300554857239083 0.204857364556915 0.344382047519976 0.27492305744166 0.0584533928136278 0.144247429818513 0.0964944015795268 0.222657892523509 0.0957437565684874 0.307520802200721 0.232164815227587 0.173041697509616 0.160836353228495 0.0919317779186601 0.21242077327722 0.208857185676012 0.341474428052492 0.117720384319841 0 0.209648139305188 0.12849322918637
"20" 0.331389096056408 0.276513382613157 0.426613742682647 0.416987733985316 0.25617034199936 0.13058027314159 0.207664854574916 0.276026420429014 0.126560693495206 0.148940511855454 0.0939084823262157 0.101657711523671 0.290933717207289 0.269662601423528 0.419664770920567 0.388762902244114 0.296804415807196 0.320965577391612 0.209648139305188 0 0.187230441996293
"21" 0.408149920491118 0.0979871607151752 0.466971015177525 0.403416285227486 0.184507032819241 0.208855299126711 0.209906215336025 0.332649392203303 0.081650837801943 0.217721641612512 0.256806038146719 0.0957688431025069 0.286739747566202 0.114577911648154 0.276746802825528 0.333258468295035 0.213142465684571 0.232688677717994 0.12849322918637 0.187230441996293 0
