"V1" "V2" "V3" "V4" "V5" "V6" "V7" "V8" "V9" "V10" "V11" "V12" "V13" "V14" "V15" "V16" "V17" "V18" "V19" "V20" "V21"
"1" 0 0.946491907891368 0.852041661977437 0.262487884585092 0.582832997226754 0.915588970426113 0.726965175087075 0.97292425071033 0.362370543363671 0.269853523485382 0.197442381531 0.423157631008651 0.494580558694809 0.533761767081058 0.712131380851506 0.736508050936567 0.231148162774989 0.0925866886452288 0.412744410085932 0.377736338640442 0.729120236076804
"2" 0.946491907891368 0 0.276346656927099 0.872024888438532 0.451665578560868 0.0960596424952576 0.536591144543977 0.0270883454214237 0.602404340523454 0.878242482607536 0.807260375447906 0.714123248443972 0.690614552055609 0.509400540108354 0.604608052505018 0.840045514071424 1.1740219613232 0.987329893664047 0.562262362247727 0.740052667414748 0.610800081173379
"3" 0.852041661977437 0.276346656927099 0 0.708491350629389 0.526041340623139 0.346392780315759 0.688595686503256 0.294792333897239 0.49012733054188 0.865987114469634 0.676661682787638 0.521012041002086 0.753933545870393 0.330658042933585 0.748332475030027 0.970595494784476 1.06177651288608 0.868289674218121 0.552907226030064 0.557964335937332 0.759963830416112
"4" 0.262487884585092 0.872024888438532 0.708491350629389 0 0.624420788939206 0.867902691983937 0.814852802999958 0.899074488409249 0.284949394326217 0.488183492237778 0.117992859137674 0.199947057796749 0.636256734046506 0.3792663446074 0.8217877669977 0.909760890330524 0.386716335187211 0.211956867246942 0.457194076912907 0.155452561766263 0.839898734125147
"5" 0.582832997226754 0.451665578560868 0.526041340623139 0.624420788939206 0 0.384647322604175 0.210650883259857 0.472720925326008 0.354895103344984 0.442680811519972 0.518596489832839 0.563520001141899 0.240857669378028 0.429931930857804 0.248000167558962 0.448585431702283 0.81172716377433 0.651045421204463 0.174427188003623 0.559785644027596 0.264020343191684
"6" 0.915588970426113 0.0960596424952576 0.346392780315759 0.867902691983937 0.384647322604175 0 0.446622070659468 0.103687482449613 0.588437573745272 0.822583139009076 0.792279824702045 0.726010019173443 0.617882077506841 0.524833670679856 0.515177989398258 0.750638209113409 1.14581867788013 0.964263728858628 0.515651184330953 0.746666709700129 0.520335746038084
"7" 0.726965175087075 0.536591144543977 0.688595686503256 0.814852802999958 0.210650883259857 0.446622070659468 0 0.549568216905944 0.559114549244475 0.52156358646133 0.702522667446048 0.771503556871372 0.257164866894909 0.639385727926592 0.0688134900844214 0.304021476572772 0.944051438897747 0.806987547748028 0.358241536435253 0.764896760176139 0.0744170335321194
"8" 0.97292425071033 0.0270883454214237 0.294792333897239 0.899074488409249 0.472720925326008 0.103687482449613 0.549568216905944 0 0.629423677519051 0.901968024922559 0.834296218512709 0.740638499389204 0.710615341743765 0.535861687015385 0.617956622708315 0.8534852684305 1.20065848920077 1.0141688259422 0.586986334309227 0.766821082465643 0.623484998647657
"9" 0.362370543363671 0.602404340523454 0.49012733054188 0.284949394326217 0.354895103344984 0.588437573745272 0.559114549244475 0.629423677519051 0 0.419487156812519 0.204967106561011 0.216054199080687 0.439342177448204 0.187136914067654 0.579693540810365 0.717947151442284 0.579318271079764 0.388141993959593 0.210906306172852 0.205782287482706 0.597572215011681
"10" 0.269853523485382 0.878242482607536 0.865987114469634 0.488183492237778 0.442680811519972 0.822583139009076 0.52156358646133 0.901968024922559 0.419487156812519 0 0.380481551077059 0.5822306299051 0.265793433867536 0.604456298461539 0.489192933977357 0.471837544258271 0.442823173088399 0.362430617410423 0.320979819929899 0.546050895133078 0.504063171620715
"11" 0.197442381531 0.807260375447906 0.676661682787638 0.117992859137674 0.518596489832839 0.792279824702045 0.702522667446048 0.834296218512709 0.204967106561011 0.380481551077059 0 0.226805159609412 0.518330770741382 0.348981568643962 0.706656979993311 0.791930524161455 0.38539439653544 0.191906848788603 0.347256718867086 0.182474522849797 0.724728923776794
"12" 0.423157631008651 0.714123248443972 0.521012041002086 0.199947057796749 0.563520001141899 0.726010019173443 0.771503556871372 0.740638499389204 0.216054199080687 0.5822306299051 0.226805159609412 0 0.651013078593637 0.20483642311983 0.794934868099106 0.930848051183052 0.583574052135361 0.398698071691483 0.426916448551574 0.046611791934052 0.81272214397966
"13" 0.494580558694809 0.690614552055609 0.753933545870393 0.636256734046506 0.240857669378028 0.617882077506841 0.257164866894909 0.710615341743765 0.439342177448204 0.265793433867536 0.518330770741382 0.651013078593637 0 0.584230598053818 0.224081108058782 0.280086058058049 0.698987964379252 0.58174265704244 0.237800889932598 0.630243047533187 0.239616785733154
"14" 0.533761767081058 0.509400540108354 0.330658042933585 0.3792663446074 0.429931930857804 0.524833670679856 0.639385727926592 0.535861687015385 0.187136914067654 0.604456298461539 0.348981568643962 0.20483642311983 0.584230598053818 0 0.676735484450435 0.851689189951684 0.734203277261766 0.540832454877858 0.346778737770907 0.23403673195107 0.693287117564013
"15" 0.712131380851506 0.604608052505018 0.748332475030027 0.8217877669977 0.248000167558962 0.515177989398258 0.0688134900844214 0.617956622708315 0.579693540810365 0.489192933977357 0.706656979993311 0.794934868099106 0.224081108058782 0.676735484450435 0 0.235531068119743 0.922087610403833 0.795977578336776 0.371590531863525 0.784482576153062 0.0181316896905997
"16" 0.736508050936567 0.840045514071424 0.970595494784476 0.909760890330524 0.448585431702283 0.750638209113409 0.304021476572772 0.8534852684305 0.717947151442284 0.471837544258271 0.791930524161455 0.930848051183052 0.280086058058049 0.851689189951684 0.235531068119743 0 0.910033416907861 0.828290586245042 0.511143216729393 0.910308675521248 0.23080203263582
"17" 0.231148162774989 1.1740219613232 1.06177651288608 0.386716335187211 0.81172716377433 1.14581867788013 0.944051438897747 1.20065848920077 0.579318271079764 0.442823173088399 0.38539439653544 0.583574052135361 0.698987964379252 0.734203277261766 0.922087610403833 0.910033416907861 0 0.193521662601357 0.643341375242236 0.537343010535754 0.938201540211887
"18" 0.0925866886452288 0.987329893664047 0.868289674218121 0.211956867246942 0.651045421204463 0.964263728858628 0.806987547748028 1.0141688259422 0.388141993959593 0.362430617410423 0.191906848788603 0.398698071691483 0.58174265704244 0.540832454877858 0.795977578336776 0.828290586245042 0.193521662601357 0 0.477493875743942 0.352086714146518 0.813268143960128
"19" 0.412744410085932 0.562262362247727 0.552907226030064 0.457194076912907 0.174427188003623 0.515651184330953 0.358241536435253 0.586986334309227 0.210906306172852 0.320979819929899 0.347256718867086 0.426916448551574 0.237800889932598 0.346778737770907 0.371590531863525 0.511143216729393 0.643341375242236 0.477493875743942 0 0.413572124408375 0.38964264952678
"20" 0.377736338640442 0.740052667414748 0.557964335937332 0.155452561766263 0.559785644027596 0.746666709700129 0.764896760176139 0.766821082465643 0.205782287482706 0.546050895133078 0.182474522849797 0.046611791934052 0.630243047533187 0.23403673195107 0.784482576153062 0.910308675521248 0.537343010535754 0.352086714146518 0.413572124408375 0 0.802441124434032
"21" 0.729120236076804 0.610800081173379 0.759963830416112 0.839898734125147 0.264020343191684 0.520335746038084 0.0744170335321194 0.623484998647657 0.597572215011681 0.504063171620715 0.724728923776794 0.81272214397966 0.239616785733154 0.693287117564013 0.0181316896905997 0.23080203263582 0.938201540211887 0.813268143960128 0.38964264952678 0.802441124434032 0
