"V1" "V2" "V3" "V4" "V5" "V6" "V7" "V8" "V9" "V10" "V11" "V12" "V13" "V14" "V15" "V16" "V17" "V18" "V19" "V20" "V21"
"1" 0 0.497751152003882 0.720645146265084 0.727684907763203 0.498103305268691 0.0980815251236967 0.776464782999868 0.237851126608912 0.374780797873984 0.973954821047402 0.828560231966865 0.925505155998146 0.130438538406667 0.460433015479947 0.87780168709115 0.840046574600259 0.777043821358895 0.494048830504778 0.90302955998298 0.558721001161217 0.663955131936024
"2" 0.497751152003882 0 0.268744349876868 0.322420293621041 0.38659321772499 0.573798361471319 0.581151899838204 0.260712034166571 0.348053440769293 0.505162105908245 0.488884435438983 0.427964964905729 0.625814501805242 0.0985625103865588 0.498783141944972 0.344117503947554 0.314648794177056 0.117127186911214 0.405339168081038 0.474772035000772 0.391383727651408
"3" 0.720645146265084 0.268744349876868 0 0.448174591523507 0.392311975218893 0.808412440230155 0.441286901691967 0.499546794413658 0.615690595603706 0.48169804896419 0.26658149422132 0.278509159797898 0.839227266484236 0.262534737530042 0.248331541279755 0.265549707165197 0.0579510375146315 0.366680414853434 0.278598821098661 0.449881463870262 0.590686621314912
"4" 0.727684907763203 0.322420293621041 0.448174591523507 0 0.705865758069354 0.775345328856595 0.864461801224386 0.507243562107747 0.408141896252409 0.271222105730847 0.714573143188353 0.379736600076619 0.856652461274605 0.420564658405638 0.691178841094065 0.275472900955371 0.455258124451437 0.248472270362736 0.344119138611307 0.791689769126703 0.183876614150189
"5" 0.498103305268691 0.38659321772499 0.392311975218893 0.705865758069354 0 0.596066328769041 0.279948203023486 0.386742944735475 0.623213200401046 0.839994874718674 0.361654247696969 0.669052366112443 0.57794254603968 0.28849711757735 0.4291646101793 0.634639369576062 0.444547446814219 0.490402439185294 0.664740716346317 0.0907682862902197 0.769514975642638
"6" 0.0980815251236967 0.573798361471319 0.808412440230155 0.775345328856595 0.596066328769041 0 0.874096711210388 0.313986899588762 0.392513363014944 1.0313239326048 0.92529442389542 1.00110758533531 0.109184100209027 0.546341701579405 0.973139124186913 0.911213194331029 0.863970158558056 0.554681150289924 0.976834157890671 0.655423999525238 0.690227431998789
"7" 0.776464782999868 0.581151899838204 0.441286901691967 0.864461801224386 0.279948203023486 0.874096711210388 0 0.656746091256221 0.878029430584448 0.921531602743426 0.227588457908078 0.696173530798498 0.847921110172711 0.497574697921207 0.305995668375547 0.705397710555591 0.467755651161634 0.697582149358762 0.706293513002277 0.224070259476825 0.970478174988068
"8" 0.237851126608912 0.260712034166571 0.499546794413658 0.507243562107747 0.386742944735475 0.313986899588762 0.656746091256221 0 0.249406325886878 0.741337077084977 0.651240454051328 0.688665914030269 0.367280547141917 0.237454988692181 0.686931044960447 0.602199706175761 0.55363783980334 0.263255433525926 0.665570586880533 0.47102162162205 0.480580090640207
"9" 0.374780797873984 0.348053440769293 0.615690595603706 0.408141896252409 0.623213200401046 0.392513363014944 0.878029430584448 0.249406325886878 0 0.677688330749107 0.82799146050876 0.714221995626166 0.490302630530417 0.394468386344476 0.844959720162681 0.609947780426842 0.657846445552375 0.257341612369517 0.682984903993637 0.711309281037384 0.2982371817386
"10" 0.973954821047402 0.505162105908245 0.48169804896419 0.271222105730847 0.839994874718674 1.0313239326048 0.921531602743426 0.741337077084977 0.677688330749107 0 0.723367750904605 0.253195800997126 1.10434789171799 0.588801687028347 0.672527189670271 0.216259917139066 0.455204381690749 0.479924565809848 0.228596942992798 0.91343567768617 0.436143569081887
"11" 0.828560231966865 0.488884435438983 0.26658149422132 0.714573143188353 0.361654247696969 0.92529442389542 0.227588457908078 0.651240454051328 0.82799146050876 0.723367750904605 0 0.48398572801736 0.925622576781024 0.434947773225342 0.0803306394431006 0.511384770018859 0.272139013200354 0.602496712886972 0.499116661447609 0.362373684647776 0.850433516932722
"12" 0.925505155998146 0.427964964905729 0.278509159797898 0.379736600076619 0.669052366112443 1.00110758533531 0.696173530798498 0.688665914030269 0.714221995626166 0.253195800997126 0.48398572801736 0 1.05281287908946 0.478256719369445 0.425832418947175 0.107775892658579 0.234033974247757 0.464817339084307 0.0356450964862623 0.728356816196198 0.562429252205177
"13" 0.130438538406667 0.625814501805242 0.839227266484236 0.856652461274605 0.57794254603968 0.109184100209027 0.847921110172711 0.367280547141917 0.490302630530417 1.10434789171799 0.925622576781024 1.05281287908946 0 0.582572848988584 0.980545389581567 0.969043739478434 0.896385788824553 0.624462329137757 1.03109902368303 0.624528811374999 0.785218958078036
"14" 0.460433015479947 0.0985625103865588 0.262534737530042 0.420564658405638 0.28849711757735 0.546341701579405 0.497574697921207 0.237454988692181 0.394468386344476 0.588801687028347 0.434947773225342 0.478256719369445 0.582572848988584 0 0.459327975565461 0.409034779225454 0.317638930455201 0.205105232778941 0.461178284890829 0.377327606704856 0.484318125257742
"15" 0.87780168709115 0.498783141944972 0.248331541279755 0.691178841094065 0.4291646101793 0.973139124186913 0.305995668375547 0.686931044960447 0.844959720162681 0.672527189670271 0.0803306394431006 0.425832418947175 0.980545389581567 0.459327975565461 0 0.466560785063631 0.236757864341901 0.607019490102951 0.444841435816687 0.438012608968909 0.838927903339969
"16" 0.840046574600259 0.344117503947554 0.265549707165197 0.275472900955371 0.634639369576062 0.911213194331029 0.705397710555591 0.602199706175761 0.609947780426842 0.216259917139066 0.511384770018859 0.107775892658579 0.969043739478434 0.409034779225454 0.466560785063631 0 0.240471891390692 0.365257458692775 0.0738285025628529 0.703657525659613 0.456618462204792
"17" 0.777043821358895 0.314648794177056 0.0579510375146315 0.455258124451437 0.444547446814219 0.863970158558056 0.467755651161634 0.55363783980334 0.657846445552375 0.455204381690749 0.272139013200354 0.234033974247757 0.896385788824553 0.317638930455201 0.236757864341901 0.240471891390692 0 0.404224753605977 0.239675888786157 0.497377310490635 0.609516569647803
"18" 0.494048830504778 0.117127186911214 0.366680414853434 0.248472270362736 0.490402439185294 0.554681150289924 0.697582149358762 0.263255433525926 0.257341612369517 0.479924565809848 0.602496712886972 0.464817339084307 0.624462329137757 0.205105232778941 0.607019490102951 0.365257458692775 0.404224753605977 0 0.435875200405909 0.580408066455856 0.279497860401046
"19" 0.90302955998298 0.405339168081038 0.278598821098661 0.344119138611307 0.664740716346317 0.976834157890671 0.706293513002277 0.665570586880533 0.682984903993637 0.228596942992798 0.499116661447609 0.0356450964862623 1.03109902368303 0.461178284890829 0.444841435816687 0.0738285025628529 0.239675888786157 0.435875200405909 0 0.72747296543342 0.526913795838636
"20" 0.558721001161217 0.474772035000772 0.449881463870262 0.791689769126703 0.0907682862902197 0.655423999525238 0.224070259476825 0.47102162162205 0.711309281037384 0.91343567768617 0.362373684647776 0.728356816196198 0.624528811374999 0.377327606704856 0.438012608968909 0.703657525659613 0.497377310490635 0.580408066455856 0.72747296543342 0 0.859725079677799
"21" 0.663955131936024 0.391383727651408 0.590686621314912 0.183876614150189 0.769514975642638 0.690227431998789 0.970478174988068 0.480580090640207 0.2982371817386 0.436143569081887 0.850433516932722 0.562429252205177 0.785218958078036 0.484318125257742 0.838927903339969 0.456618462204792 0.609516569647803 0.279497860401046 0.526913795838636 0.859725079677799 0
